,Adj_Close,Close,Date,High,Low,Open,Symbol,Volume
0,24.071199,26.709999,2012-12-31,26.77,26.370001,26.59,MSFT,42749500
1,23.927006,26.549999,2012-12-28,26.90,26.549999,26.709999,MSFT,28239900
2,24.296501,26.959999,2012-12-27,27.09,26.57,26.889999,MSFT,39394000
3,24.206381,26.860001,2012-12-26,27.200001,26.700001,27.030001,MSFT,31631100
4,24.386621,27.059999,2012-12-24,27.25,27.00,27.200001,MSFT,20842400
5,24.738093,27.450001,2012-12-21,27.49,27.00,27.450001,MSFT,98776500
6,24.94537,27.68,2012-12-20,27.68,27.15,27.360001,MSFT,52607300
7,24.611923,27.309999,2012-12-19,27.73,27.25,27.690001,MSFT,53519900
8,24.837224,27.559999,2012-12-18,27.629999,27.139999,27.25,MSFT,50486900
9,24.42267,27.10,2012-12-17,27.219999,26.68,26.790001,MSFT,42046100
10,24.16132,26.809999,2012-12-14,27.129999,26.700001,27.110001,MSFT,42077500
11,24.431683,27.110001,2012-12-13,27.52,26.950001,27.32,MSFT,45080100
12,24.548839,27.24,2012-12-12,27.620001,27.08,27.530001,MSFT,43966300
13,24.620935,27.32,2012-12-11,27.49,27.049999,27.049999,MSFT,52282800
14,24.278478,26.940001,2012-12-10,26.969999,26.52,26.559999,MSFT,47031100
15,23.845898,26.459999,2012-12-07,26.82,26.370001,26.82,MSFT,46162100
16,24.089224,26.73,2012-12-06,26.98,26.610001,26.809999,MSFT,39182300
17,24.035152,26.67,2012-12-05,26.93,26.26,26.379999,MSFT,68283800
18,23.764791,26.370001,2012-12-04,26.629999,26.34,26.50,MSFT,49777500
19,23.818863,26.43,2012-12-03,26.82,26.40,26.780001,MSFT,53173800
20,23.990092,26.620001,2012-11-30,27.129999,26.49,27.049999,MSFT,83690200
21,24.28749,26.950001,2012-11-29,27.360001,26.860001,27.110001,MSFT,69551400
22,24.656984,27.360001,2012-11-28,27.389999,26.77,27.01,MSFT,53018400
23,24.404646,27.08,2012-11-27,27.379999,27.040001,27.360001,MSFT,45018600
24,24.684019,27.389999,2012-11-26,27.58,27.17,27.540001,MSFT,85198700
25,24.963394,27.700001,2012-11-23,27.77,27.200001,27.23,MSFT,57845700
26,24.28749,26.950001,2012-11-21,27.17,26.67,26.709999,MSFT,66360300
27,24.071199,26.709999,2012-11-20,26.799999,26.459999,26.76,MSFT,47070400
28,24.089224,26.73,2012-11-19,26.799999,26.469999,26.799999,MSFT,57179300
29,23.899971,26.52,2012-11-16,26.700001,26.34,26.67,MSFT,64083300
30,24.02614,26.66,2012-11-15,26.969999,26.629999,26.879999,MSFT,50955600
31,24.188357,26.84,2012-11-14,27.290001,26.799999,27.24,MSFT,76086100
32,24.413658,27.09,2012-11-13,27.299999,26.75,27.02,MSFT,131689200
33,25.224742,28.219999,2012-11-12,29.01,28.209999,28.940001,MSFT,61112300
34,25.769997,28.83,2012-11-09,29.190001,28.809999,28.879999,MSFT,43291200
35,25.752119,28.809999,2012-11-08,29.370001,28.799999,29.120001,MSFT,49841800
36,25.993462,29.08,2012-11-07,29.83,29.049999,29.530001,MSFT,57871800
37,26.690674,29.860001,2012-11-06,30.200001,29.610001,29.82,MSFT,43401500
38,26.485085,29.629999,2012-11-05,29.74,29.33,29.620001,MSFT,38070800
39,26.368884,29.50,2012-11-02,29.77,29.33,29.59,MSFT,57131600
40,26.386761,29.52,2012-11-01,29.559999,28.82,28.84,MSFT,72047900
41,25.510778,28.540001,2012-10-31,28.879999,28.50,28.549999,MSFT,69464100
42,25.215803,28.209999,2012-10-26,28.34,27.84,27.860001,MSFT,57790000
43,24.920829,27.879999,2012-10-25,28.200001,27.860001,28.190001,MSFT,54084300
44,24.938706,27.90,2012-10-24,28.200001,27.870001,28.16,MSFT,53320400
45,25.072785,28.049999,2012-10-23,28.200001,27.76,27.77,MSFT,64414800
46,25.028093,28.00,2012-10-22,28.83,27.83,28.73,MSFT,83374000
47,25.600163,28.639999,2012-10-19,29.08,28.50,29.049999,MSFT,90470800
48,26.368884,29.50,2012-10-18,29.73,29.26,29.65,MSFT,59238500
49,26.449331,29.59,2012-10-17,29.639999,29.09,29.299999,MSFT,44206100
50,26.359945,29.49,2012-10-16,29.74,29.32,29.450001,MSFT,47739400
51,26.377822,29.51,2012-10-15,29.719999,29.25,29.370001,MSFT,42440200
52,26.100726,29.200001,2012-10-12,29.32,28.799999,28.969999,MSFT,46464700
53,25.877261,28.950001,2012-10-11,29.25,28.870001,29.219999,MSFT,41488500
54,25.904076,28.98,2012-10-10,29.309999,28.950001,29.15,MSFT,47227100
55,26.172235,29.280001,2012-10-09,29.74,29.18,29.68,MSFT,45121100
56,26.619165,29.780001,2012-10-08,29.92,29.549999,29.639999,MSFT,29752000
57,26.681735,29.85,2012-10-05,30.25,29.74,30.23,MSFT,41133900
58,26.84263,30.030001,2012-10-04,30.030001,29.57,29.969999,MSFT,43634900
59,26.690674,29.860001,2012-10-03,29.99,29.67,29.75,MSFT,46655900
60,26.511901,29.66,2012-10-02,29.889999,29.50,29.68,MSFT,43338900
61,26.359945,29.49,2012-10-01,29.98,29.42,29.809999,MSFT,54042700
62,26.601287,29.76,2012-09-28,30.26,29.74,30.18,MSFT,54229300
63,26.958831,30.16,2012-09-27,30.40,29.889999,30.17,MSFT,47129900
64,26.96777,30.17,2012-09-26,30.60,30.040001,30.280001,MSFT,54672000
65,27.164419,30.389999,2012-09-25,31.00,30.360001,30.950001,MSFT,54266400
66,27.513026,30.780001,2012-09-24,31.07,30.639999,31.00,MSFT,46825900
67,27.879508,31.190001,2012-09-21,31.610001,31.09,31.43,MSFT,102348900
68,28.111912,31.450001,2012-09-20,31.48,30.91,30.950001,MSFT,45543000
69,27.754367,31.049999,2012-09-19,31.190001,31.040001,31.09,MSFT,48871900
70,27.870569,31.18,2012-09-18,31.209999,31.030001,31.10,MSFT,34542700
71,27.897384,31.209999,2012-09-17,31.26,31.040001,31.190001,MSFT,36488500
72,27.897384,31.209999,2012-09-14,31.25,30.809999,31.01,MSFT,51422800
73,27.656043,30.940001,2012-09-13,31.18,30.40,30.889999,MSFT,45047300
74,27.513026,30.780001,2012-09-12,31.18,30.73,30.940001,MSFT,32775800
75,27.521964,30.790001,2012-09-11,30.91,30.610001,30.690001,MSFT,25191800
76,27.459393,30.719999,2012-09-10,30.90,30.51,30.83,MSFT,40524000
77,27.664982,30.950001,2012-09-07,31.07,30.73,31.040001,MSFT,42649100
78,28.022526,31.35,2012-09-06,31.360001,30.459999,30.50,MSFT,48371700
79,27.164419,30.389999,2012-09-05,30.530001,30.209999,30.219999,MSFT,33650000
80,27.164419,30.389999,2012-09-04,30.66,30.15,30.450001,MSFT,48556700
81,27.548779,30.82,2012-08-31,30.959999,30.379999,30.60,MSFT,36590100
82,27.101849,30.32,2012-08-30,30.610001,30.219999,30.530001,MSFT,23982100
83,27.396823,30.65,2012-08-29,30.75,30.440001,30.65,MSFT,23346800
84,27.378945,30.629999,2012-08-28,30.799999,30.52,30.700001,MSFT,23947900
85,27.432578,30.690001,2012-08-27,30.959999,30.59,30.93,MSFT,34691100
86,27.316375,30.559999,2012-08-24,30.629999,30.18,30.25,MSFT,22943300
87,27.048218,30.26,2012-08-23,30.40,30.08,30.389999,MSFT,28355600
88,27.298499,30.540001,2012-08-22,30.76,30.469999,30.59,MSFT,33437400
89,27.530901,30.799999,2012-08-21,30.959999,30.610001,30.76,MSFT,28822700
90,27.47727,30.74,2012-08-20,30.85,30.58,30.82,MSFT,23737700
91,27.620288,30.90,2012-08-17,30.92,30.59,30.92,MSFT,32589900
92,27.513026,30.780001,2012-08-16,30.940001,30.26,30.360001,MSFT,35787200
93,26.994587,30.200001,2012-08-15,30.280001,30.02,30.110001,MSFT,24351000
94,26.932015,30.129999,2012-08-14,30.389999,30.01,30.299999,MSFT,34551400
95,26.985648,30.389999,2012-08-13,30.459999,30.16,30.35,MSFT,23049100
96,27.012288,30.42,2012-08-10,30.620001,30.25,30.50,MSFT,27810300
97,27.083326,30.50,2012-08-09,30.65,30.299999,30.389999,MSFT,24920800
98,26.93237,30.33,2012-08-08,30.469999,30.110001,30.209999,MSFT,26257600
99,26.870211,30.26,2012-08-07,30.35,29.870001,30.07,MSFT,28002900
100,26.594939,29.950001,2012-08-06,30.110001,29.809999,30.00,MSFT,27471800
101,26.417342,29.75,2012-08-03,29.940001,29.48,29.530001,MSFT,35859400
102,25.920075,29.190001,2012-08-02,29.530001,28.969999,29.209999,MSFT,39520500
103,26.11543,29.41,2012-08-01,29.65,29.209999,29.59,MSFT,31721800
104,26.168708,29.469999,2012-07-31,29.709999,29.33,29.48,MSFT,37620900
105,26.319664,29.639999,2012-07-30,29.82,29.459999,29.75,MSFT,28905000
106,26.426222,29.76,2012-07-27,29.85,29.18,29.48,MSFT,44242600
107,25.893435,29.16,2012-07-26,29.50,29.09,29.23,MSFT,45301400
108,25.600403,28.83,2012-07-25,29.33,28.780001,29.24,MSFT,45579500
109,25.884555,29.15,2012-07-24,29.360001,28.90,29.24,MSFT,47723300
110,25.999993,29.280001,2012-07-23,29.58,29.01,29.57,MSFT,55151900
111,26.745895,30.120001,2012-07-20,31.049999,30.049999,31.00,MSFT,64021700
112,27.234282,30.67,2012-07-19,30.799999,30.379999,30.51,MSFT,46663200
113,27.038928,30.450001,2012-07-18,30.450001,29.459999,29.60,MSFT,41090400
114,26.337424,29.66,2012-07-17,29.860001,29.200001,29.639999,MSFT,33771300
115,26.14207,29.440001,2012-07-16,29.530001,29.040001,29.48,MSFT,27900600
116,26.09767,29.389999,2012-07-13,29.48,28.719999,28.76,MSFT,39085000
117,25.422806,28.629999,2012-07-12,29.18,28.540001,29.15,MSFT,63523600
118,26.017752,29.299999,2012-07-11,29.74,29.110001,29.709999,MSFT,39184900
119,26.408462,29.74,2012-07-10,30.219999,29.51,30.08,MSFT,37534100
120,26.639337,30.00,2012-07-09,30.23,29.780001,30.120001,MSFT,30680800
121,26.808053,30.190001,2012-07-06,30.700001,29.950001,30.610001,MSFT,38294800
122,27.260922,30.700001,2012-07-05,30.780001,30.379999,30.59,MSFT,28801900
123,27.3142,30.76,2012-07-03,30.76,30.17,30.23,MSFT,20938100
124,27.136604,30.559999,2012-07-02,30.620001,30.209999,30.620001,MSFT,30589100
125,27.163244,30.59,2012-06-29,30.690001,30.139999,30.450001,MSFT,55227200
126,26.559419,29.91,2012-06-28,30.049999,29.42,29.98,MSFT,45328400
127,26.790293,30.17,2012-06-27,30.50,30.030001,30.190001,MSFT,33781700
128,26.657097,30.02,2012-06-26,30.27,29.940001,30.00,MSFT,38421300
129,26.523901,29.870001,2012-06-25,30.32,29.620001,30.299999,MSFT,42217200
130,27.260922,30.700001,2012-06-22,30.73,30.030001,30.299999,MSFT,45098100
131,26.763653,30.139999,2012-06-21,31.139999,30.059999,30.959999,MSFT,48456600
132,27.465157,30.93,2012-06-20,31.049999,30.639999,30.93,MSFT,36257100
133,27.260922,30.700001,2012-06-19,31.110001,30.049999,30.190001,MSFT,75725800
134,26.497261,29.84,2012-06-18,30.030001,29.709999,29.99,MSFT,58679900
135,26.657097,30.02,2012-06-15,30.08,29.49,29.59,MSFT,62314400
136,26.053272,29.34,2012-06-14,29.459999,28.879999,29.33,MSFT,39458900
137,25.866795,29.129999,2012-06-13,29.440001,29.049999,29.219999,MSFT,32984600
138,26.008873,29.290001,2012-06-12,29.299999,28.84,29.10,MSFT,35337900
139,25.662561,28.90,2012-06-11,29.809999,28.82,29.73,MSFT,46361900
140,26.328544,29.65,2012-06-08,29.68,29.049999,29.209999,MSFT,42551100
141,25.955594,29.23,2012-06-07,29.700001,29.17,29.639999,MSFT,37792800
142,26.062152,29.35,2012-06-06,29.370001,28.809999,28.879999,MSFT,46860500
143,25.31625,28.51,2012-06-05,28.75,28.389999,28.51,MSFT,45715400
144,25.351768,28.549999,2012-06-04,28.780001,28.32,28.620001,MSFT,47926300
145,25.262972,28.450001,2012-06-01,28.959999,28.440001,28.76,MSFT,56634300
146,25.920075,29.190001,2012-05-31,29.42,28.940001,29.299999,MSFT,39134000
147,26.053272,29.34,2012-05-30,29.48,29.120001,29.35,MSFT,41585500
148,26.248626,29.559999,2012-05-29,29.719999,29.219999,29.379999,MSFT,37758800
149,25.804637,29.059999,2012-05-25,29.360001,29.01,29.200001,MSFT,29507200
150,25.813517,29.07,2012-05-24,29.299999,28.76,29.16,MSFT,52575000
151,25.849037,29.110001,2012-05-23,29.40,28.639999,29.35,MSFT,65171000
152,26.426222,29.76,2012-05-22,29.879999,29.50,29.690001,MSFT,39504900
153,26.417342,29.75,2012-05-21,29.790001,29.059999,29.10,MSFT,38787900
154,25.991113,29.27,2012-05-18,29.809999,29.17,29.790001,MSFT,56205300
155,26.390703,29.719999,2012-05-17,30.209999,29.709999,29.99,MSFT,48484000
156,26.550539,29.90,2012-05-16,30.32,29.74,30.309999,MSFT,60083700
157,26.825811,30.209999,2012-05-15,30.799999,30.15,30.639999,MSFT,61822800
158,27.065567,30.68,2012-05-14,31.040001,30.639999,30.82,MSFT,40528900
159,27.489018,31.16,2012-05-11,31.540001,30.690001,30.690001,MSFT,43459300
160,27.118498,30.74,2012-05-10,31.02,30.450001,30.860001,MSFT,43839200
161,27.136142,30.76,2012-05-09,30.83,30.10,30.190001,MSFT,50309300
162,26.906773,30.50,2012-05-08,30.780001,30.17,30.48,MSFT,46328300
163,27.039101,30.65,2012-05-07,30.860001,30.57,30.700001,MSFT,48641400
164,27.330223,30.98,2012-05-04,31.57,30.92,31.450001,MSFT,57927200
165,28.018332,31.76,2012-05-03,31.90,31.610001,31.879999,MSFT,31501300
166,28.053618,31.799999,2012-05-02,31.93,31.639999,31.85,MSFT,37385300
167,28.238877,32.009998,2012-05-01,32.34,31.950001,32.049999,MSFT,43832300
168,28.247701,32.02,2012-04-30,32.110001,31.92,31.98,MSFT,35697200
169,28.212413,31.98,2012-04-27,32.220001,31.879999,32.119999,MSFT,41419100
170,28.327098,32.110001,2012-04-26,32.23,31.92,32.119999,MSFT,40308100
171,28.406495,32.200001,2012-04-25,32.32,31.870001,31.92,MSFT,62495500
172,28.159482,31.92,2012-04-24,32.52,31.83,32.209999,MSFT,40871100
173,28.335919,32.119999,2012-04-23,32.50,32.029999,32.310001,MSFT,61398200
174,28.600575,32.419998,2012-04-20,32.889999,32.049999,32.150002,MSFT,106045000
175,27.35669,31.01,2012-04-19,31.68,30.940001,31.129999,MSFT,54781200
176,27.471373,31.139999,2012-04-18,31.309999,31.040001,31.280001,MSFT,40552900
177,27.736031,31.440001,2012-04-17,31.610001,31.200001,31.27,MSFT,34361500
178,27.418443,31.08,2012-04-16,31.190001,30.77,30.99,MSFT,38124800
179,27.180251,30.809999,2012-04-13,31.16,30.719999,30.889999,MSFT,39749200
180,27.330223,30.98,2012-04-12,31.040001,30.42,30.48,MSFT,38304000
181,26.774445,30.35,2012-04-11,30.530001,30.23,30.43,MSFT,43014000
182,26.880307,30.469999,2012-04-10,31.190001,30.299999,31.059999,MSFT,54131300
183,27.436087,31.10,2012-04-09,31.40,30.969999,31.219999,MSFT,31056400
184,27.806606,31.52,2012-04-05,31.629999,31.049999,31.15,MSFT,50368600
185,27.533126,31.209999,2012-04-04,31.690001,31.049999,31.66,MSFT,49455900
186,28.177126,31.940001,2012-04-03,32.189999,31.66,32.16,MSFT,42752100
187,28.485892,32.290001,2012-04-02,32.459999,31.950001,32.220001,MSFT,35853600
188,28.459424,32.259998,2012-03-30,32.41,32.040001,32.400002,MSFT,31749400
189,28.335919,32.119999,2012-03-29,32.189999,31.809999,32.060001,MSFT,37038500
190,28.397672,32.189999,2012-03-28,32.700001,32.040001,32.52,MSFT,41344800
191,28.688796,32.52,2012-03-27,32.700001,32.400002,32.650002,MSFT,36274900
192,28.750549,32.59,2012-03-26,32.610001,32.150002,32.189999,MSFT,36758300
193,28.238877,32.009998,2012-03-23,32.110001,31.719999,32.099998,MSFT,35912200
194,28.230057,32.00,2012-03-22,32.09,31.790001,31.809999,MSFT,31749500
195,28.15066,31.91,2012-03-21,32.150002,31.82,31.959999,MSFT,37928600
196,28.221235,31.99,2012-03-20,32.150002,31.74,32.099998,MSFT,41566800
197,28.406495,32.200001,2012-03-19,32.610001,32.150002,32.540001,MSFT,44789200
198,28.759369,32.599998,2012-03-16,32.950001,32.50,32.91,MSFT,65626400
199,28.979916,32.849998,2012-03-15,32.939999,32.580002,32.790001,MSFT,49068300
200,28.909343,32.77,2012-03-14,32.880001,32.490002,32.529999,MSFT,41986900
201,28.821122,32.669998,2012-03-13,32.689999,32.150002,32.240002,MSFT,48951700
202,28.265345,32.040001,2012-03-12,32.200001,31.82,31.969999,MSFT,34073600
203,28.221235,31.99,2012-03-09,32.16,31.92,32.099998,MSFT,34628400
204,28.238877,32.009998,2012-03-08,32.209999,31.90,32.040001,MSFT,36747400
205,28.088907,31.84,2012-03-07,31.92,31.530001,31.67,MSFT,34340400
206,27.841893,31.559999,2012-03-06,31.98,31.49,31.540001,MSFT,51932900
207,28.053618,31.799999,2012-03-05,32.049999,31.620001,32.009998,MSFT,45240000
208,28.300634,32.080002,2012-03-02,32.439999,32.00,32.310001,MSFT,47314200
209,28.485892,32.290001,2012-03-01,32.389999,31.85,31.93,MSFT,77344100
210,28.000687,31.74,2012-02-29,32.00,31.610001,31.889999,MSFT,59323600
211,28.115373,31.870001,2012-02-28,31.93,31.379999,31.41,MSFT,45230600
212,27.656634,31.35,2012-02-27,31.50,31.10,31.24,MSFT,34568400
213,27.771318,31.48,2012-02-24,31.50,31.24,31.48,MSFT,35575400
214,27.674278,31.370001,2012-02-23,31.59,31.00,31.200001,MSFT,35034700
215,27.586059,31.27,2012-02-22,31.68,31.18,31.450001,MSFT,49253200
216,27.736031,31.440001,2012-02-21,31.610001,31.15,31.18,MSFT,50829900
217,27.568415,31.25,2012-02-17,31.32,30.950001,31.200001,MSFT,70036500
218,27.603703,31.290001,2012-02-16,31.549999,30.299999,30.309999,MSFT,94705100
219,26.509787,30.049999,2012-02-15,30.389999,30.030001,30.33,MSFT,43311300
220,26.686226,30.25,2012-02-14,30.459999,29.85,30.33,MSFT,59644000
221,26.80091,30.58,2012-02-13,30.77,30.43,30.629999,MSFT,33319800
222,26.730796,30.50,2012-02-10,30.799999,30.360001,30.639999,MSFT,44605300
223,26.96743,30.77,2012-02-09,30.799999,30.48,30.68,MSFT,50481600
224,26.871023,30.66,2012-02-08,30.67,30.219999,30.26,MSFT,49659100
225,26.599334,30.35,2012-02-07,30.49,30.049999,30.15,MSFT,39242400
226,26.467871,30.200001,2012-02-06,30.219999,29.969999,30.040001,MSFT,28039700
227,26.502927,30.24,2012-02-03,30.40,30.09,30.139999,MSFT,41838500
228,26.248766,29.950001,2012-02-02,30.17,29.709999,29.90,MSFT,52223300
229,26.19618,29.889999,2012-02-01,30.049999,29.76,29.790001,MSFT,67409900
230,25.88067,29.530001,2012-01-31,29.700001,29.23,29.66,MSFT,50572400
231,25.950783,29.610001,2012-01-30,29.620001,28.83,28.969999,MSFT,51114800
232,25.617743,29.23,2012-01-27,29.530001,29.17,29.450001,MSFT,44187700
233,25.854377,29.50,2012-01-26,29.700001,29.40,29.610001,MSFT,49102800
234,25.906961,29.559999,2012-01-25,29.65,29.07,29.07,MSFT,59231700
235,25.71415,29.34,2012-01-24,29.57,29.18,29.469999,MSFT,51703300
236,26.055953,29.73,2012-01-23,29.950001,29.35,29.549999,MSFT,76078100
237,26.038424,29.709999,2012-01-20,29.74,28.75,28.82,MSFT,165902900
238,24.644918,28.120001,2012-01-19,28.440001,28.030001,28.16,MSFT,74053500
239,24.741323,28.23,2012-01-18,28.40,27.969999,28.309999,MSFT,64860600
240,24.767617,28.26,2012-01-17,28.65,28.17,28.40,MSFT,72395300
241,24.758852,28.25,2012-01-13,28.25,27.790001,27.93,MSFT,60196100
242,24.539747,28.00,2012-01-12,28.02,27.65,27.870001,MSFT,49370800
243,24.294349,27.719999,2012-01-11,27.98,27.370001,27.43,MSFT,65582400
244,24.39952,27.84,2012-01-10,28.15,27.75,27.93,MSFT,60014400
245,24.311878,27.74,2012-01-09,28.10,27.719999,28.049999,MSFT,59706800
246,24.636154,28.110001,2012-01-06,28.190001,27.530001,27.530001,MSFT,99455500
247,24.259293,27.68,2012-01-05,27.73,27.290001,27.379999,MSFT,56081400
248,24.013895,27.40,2012-01-04,27.469999,26.780001,26.82,MSFT,80516100
249,23.461752,26.77,2012-01-03,26.959999,26.389999,26.549999,MSFT,64731500
250,22.751851,25.959999,2011-12-30,26.120001,25.91,26.00,MSFT,27395700
251,22.804437,26.02,2011-12-29,26.049999,25.860001,25.950001,MSFT,22616900
252,22.629152,25.82,2011-12-28,26.15,25.76,26.110001,MSFT,29822500
253,22.821966,26.040001,2011-12-27,26.139999,25.93,25.959999,MSFT,21287200
254,22.813201,26.030001,2011-12-23,26.040001,25.73,25.91,MSFT,23205800
255,22.620388,25.809999,2011-12-22,25.860001,25.48,25.82,MSFT,35794100
256,22.576568,25.76,2011-12-21,26.190001,25.440001,26.01,MSFT,64132500
257,22.813201,26.030001,2011-12-20,26.10,25.809999,25.860001,MSFT,60767600
258,22.374992,25.530001,2011-12-19,26.120001,25.459999,26.02,MSFT,52258300
259,22.786908,26.00,2011-12-16,26.17,25.629999,25.67,MSFT,101408100
260,22.401283,25.559999,2011-12-15,25.879999,25.540001,25.719999,MSFT,46213900
261,22.427576,25.59,2011-12-14,25.860001,25.57,25.719999,MSFT,47926400
262,22.576568,25.76,2011-12-13,26.10,25.65,25.75,MSFT,54581100
263,22.357463,25.51,2011-12-12,25.57,25.290001,25.41,MSFT,38945900
264,22.523983,25.700001,2011-12-09,25.870001,25.50,25.52,MSFT,53788500
265,22.261056,25.40,2011-12-08,25.719999,25.370001,25.48,MSFT,60522200
266,22.436341,25.60,2011-12-07,25.76,25.34,25.67,MSFT,62667000
267,22.488925,25.66,2011-12-06,25.870001,25.610001,25.809999,MSFT,46175300
268,22.523983,25.700001,2011-12-05,25.799999,25.50,25.780001,MSFT,56818400
269,22.1033,25.219999,2011-12-02,25.620001,25.16,25.59,MSFT,52293800
270,22.155887,25.280001,2011-12-01,25.629999,25.200001,25.559999,MSFT,48545400
271,22.418812,25.58,2011-11-30,25.59,25.139999,25.370001,MSFT,81350900
272,21.770262,24.84,2011-11-29,25.040001,24.75,24.82,MSFT,40917100
273,21.796555,24.870001,2011-11-28,24.969999,24.690001,24.940001,MSFT,46766700
274,21.296994,24.299999,2011-11-25,24.67,24.299999,24.379999,MSFT,26164600
275,21.445986,24.469999,2011-11-23,24.790001,24.469999,24.610001,MSFT,49099700
276,21.726441,24.790001,2011-11-22,24.959999,24.65,24.889999,MSFT,49204500
277,21.910489,25.00,2011-11-21,25.25,24.90,25.24,MSFT,61882500
278,22.173414,25.299999,2011-11-18,25.50,25.15,25.48,MSFT,47626200
279,22.383756,25.540001,2011-11-17,26.040001,25.440001,26.01,MSFT,70977500
280,22.848257,26.07,2011-11-16,26.51,26.040001,26.469999,MSFT,53262800
281,23.435458,26.74,2011-11-15,26.940001,26.40,26.559999,MSFT,43874200
282,23.277702,26.76,2011-11-14,27.00,26.65,26.879999,MSFT,34199200
283,23.408183,26.91,2011-11-11,27.08,26.57,26.58,MSFT,37903000
284,22.860166,26.280001,2011-11-10,26.50,26.120001,26.469999,MSFT,32514400
285,22.790576,26.200001,2011-11-09,26.75,26.059999,26.59,MSFT,62950900
286,23.62565,27.16,2011-11-08,27.200001,26.690001,27.01,MSFT,47822500
287,23.312496,26.799999,2011-11-07,26.82,26.129999,26.209999,MSFT,42589700
288,22.834069,26.25,2011-11-04,26.40,26.00,26.379999,MSFT,36549200
289,23.077633,26.530001,2011-11-03,26.59,25.98,26.24,MSFT,65836100
290,22.6253,26.01,2011-11-02,26.200001,25.700001,26.10,MSFT,53533100
291,22.607903,25.99,2011-11-01,26.32,25.860001,26.190001,MSFT,61182600
292,23.164619,26.629999,2011-10-31,27.00,26.620001,26.76,MSFT,46799000
293,23.469073,26.98,2011-10-28,27.190001,26.790001,27.139999,MSFT,57712100
294,23.703938,27.25,2011-10-27,27.40,26.65,27.129999,MSFT,74512400
295,23.129825,26.59,2011-10-26,27.059999,26.10,27.030001,MSFT,63029900
296,23.321195,26.809999,2011-10-25,27.23,26.719999,27.08,MSFT,53554600
297,23.651747,27.190001,2011-10-24,27.40,27.040001,27.059999,MSFT,56897800
298,23.62565,27.16,2011-10-21,27.190001,26.799999,27.15,MSFT,76620600
299,23.521266,27.040001,2011-10-20,27.34,26.40,27.26,MSFT,76300200
300,23.599553,27.129999,2011-10-19,27.469999,27.01,27.370001,MSFT,42880000
301,23.75613,27.309999,2011-10-18,27.40,26.799999,26.940001,MSFT,52487900
302,23.469073,26.98,2011-10-17,27.42,26.85,27.110001,MSFT,39453300
303,23.721336,27.27,2011-10-14,27.50,27.02,27.309999,MSFT,50947700
304,23.643048,27.18,2011-10-13,27.200001,26.620001,26.76,MSFT,43823500
305,23.451675,26.959999,2011-10-12,27.309999,26.90,27.18,MSFT,52489800
306,23.486471,27.00,2011-10-11,27.07,26.719999,26.860001,MSFT,38826200
307,23.434279,26.940001,2011-10-10,26.969999,26.469999,26.58,MSFT,41815300
308,22.834069,26.25,2011-10-07,26.51,26.200001,26.34,MSFT,52741600
309,22.912357,26.34,2011-10-06,26.40,25.700001,25.90,MSFT,55111400
310,22.520915,25.889999,2011-10-05,26.16,25.16,25.42,MSFT,94061300
311,22.042488,25.34,2011-10-04,25.389999,24.26,24.299999,MSFT,83485400
312,21.337894,24.530001,2011-10-03,25.34,24.52,24.719999,MSFT,64592500
313,21.651046,24.889999,2011-09-30,25.50,24.879999,25.200001,MSFT,54060500
314,22.138174,25.450001,2011-09-29,26.17,25.09,25.98,MSFT,63407300
315,22.251256,25.58,2011-09-28,26.370001,25.51,25.93,MSFT,60736200
316,22.329545,25.67,2011-09-27,25.92,25.450001,25.66,MSFT,55620700
317,22.129475,25.440001,2011-09-26,25.52,24.73,25.190001,MSFT,51057600
318,21.798924,25.059999,2011-09-23,25.15,24.690001,24.90,MSFT,64768100
319,21.798924,25.059999,2011-09-22,25.65,24.60,25.299999,MSFT,96278300
320,22.607903,25.99,2011-09-21,27.059999,25.969999,27.049999,MSFT,72750700
321,23.469073,26.98,2011-09-20,27.50,26.93,27.309999,MSFT,49211900
322,23.669143,27.209999,2011-09-19,27.309999,26.60,26.799999,MSFT,52324900
323,23.590856,27.120001,2011-09-16,27.27,26.83,27.049999,MSFT,89681500
324,23.477772,26.99,2011-09-15,27.030001,26.309999,26.73,MSFT,67808300
325,23.051536,26.50,2011-09-14,26.799999,25.889999,26.17,MSFT,66739200
326,22.651397,26.040001,2011-09-13,26.190001,25.809999,25.92,MSFT,48792300
327,22.520915,25.889999,2011-09-12,25.93,25.27,25.440001,MSFT,55046100
328,22.390435,25.74,2011-09-09,26.18,25.50,26.00,MSFT,64529200
329,22.807972,26.219999,2011-09-08,26.66,25.950001,26.00,MSFT,65811900
330,22.616602,26.00,2011-09-07,26.00,25.57,25.690001,MSFT,41961000
331,22.190366,25.51,2011-09-06,25.59,25.110001,25.200001,MSFT,54929300
332,22.442627,25.799999,2011-09-02,26.00,25.66,25.780001,MSFT,43894400
333,22.799273,26.209999,2011-09-01,26.860001,26.209999,26.459999,MSFT,60510800
334,23.138523,26.60,2011-08-31,26.709999,26.26,26.290001,MSFT,59300800
335,22.816671,26.23,2011-08-30,26.43,25.700001,25.73,MSFT,57341400
336,22.477423,25.84,2011-08-29,25.860001,25.370001,25.530001,MSFT,38863200
337,21.9642,25.25,2011-08-26,25.34,24.42,24.51,MSFT,71957000
338,21.372688,24.57,2011-08-25,25.16,24.50,25.08,MSFT,48192000
339,21.659745,24.90,2011-08-24,24.93,24.42,24.65,MSFT,45329700
340,21.503168,24.719999,2011-08-23,24.75,24.030001,24.030001,MSFT,59670600
341,20.859465,23.98,2011-08-22,24.49,23.790001,24.42,MSFT,54721000
342,20.920356,24.049999,2011-08-19,24.620001,23.91,24.41,MSFT,77397900
343,21.459675,24.67,2011-08-18,25.09,24.030001,24.57,MSFT,105714200
344,21.9642,25.25,2011-08-17,25.700001,24.93,25.25,MSFT,50923700
345,22.051187,25.35,2011-08-16,25.59,25.049999,25.219999,MSFT,54251500
346,22.051187,25.51,2011-08-15,25.58,25.15,25.24,MSFT,56529400
347,21.696778,25.10,2011-08-12,25.34,24.65,25.129999,MSFT,64787100
348,21.774575,25.190001,2011-08-11,25.379999,24.40,24.50,MSFT,90690100
349,20.918806,24.200001,2011-08-10,25.09,24.10,24.950001,MSFT,127819900
350,22.111696,25.58,2011-08-09,25.620001,24.030001,24.709999,MSFT,126268900
351,21.160841,24.48,2011-08-08,25.60,24.389999,25.02,MSFT,134257200
352,22.198137,25.68,2011-08-05,26.10,25.23,25.969999,MSFT,112071700
353,22.422885,25.940001,2011-08-04,26.870001,25.93,26.530001,MSFT,92949500
354,23.27001,26.92,2011-08-03,27.00,26.48,26.83,MSFT,64581200
355,23.16628,26.799999,2011-08-02,27.450001,26.76,26.98,MSFT,63883100
356,23.572555,27.27,2011-08-01,27.690001,26.75,27.51,MSFT,61838400
357,23.684928,27.40,2011-07-29,27.709999,27.26,27.52,MSFT,104394800
358,23.96154,27.719999,2011-07-28,28.07,27.209999,27.290001,MSFT,83761400
359,23.624419,27.33,2011-07-27,27.99,27.200001,27.879999,MSFT,71488700
360,24.272729,28.08,2011-07-26,28.15,27.780001,27.82,MSFT,74636500
361,24.125779,27.91,2011-07-25,28.09,27.190001,27.26,MSFT,108482400
362,23.797303,27.530001,2011-07-22,27.549999,26.68,26.860001,MSFT,76380600
363,23.425605,27.10,2011-07-21,27.309999,26.65,27.040001,MSFT,81737400
364,23.391027,27.059999,2011-07-20,27.35,26.98,27.280001,MSFT,49795400
365,23.805947,27.540001,2011-07-19,27.639999,26.780001,26.809999,MSFT,86730600
366,22.984754,26.59,2011-07-18,26.90,26.26,26.629999,MSFT,44501900
367,23.148993,26.780001,2011-07-15,26.93,26.469999,26.469999,MSFT,49132400
368,22.881023,26.469999,2011-07-14,27.01,26.360001,26.620001,MSFT,46382300
369,23.019329,26.629999,2011-07-13,26.959999,26.51,26.60,MSFT,40861800
370,22.941533,26.540001,2011-07-12,26.790001,26.34,26.549999,MSFT,47319300
371,23.019329,26.629999,2011-07-11,26.799999,26.49,26.620001,MSFT,43999800
372,23.27001,26.92,2011-07-08,26.98,26.51,26.540001,MSFT,58320700
373,23.140348,26.77,2011-07-07,26.879999,26.360001,26.49,MSFT,51946500
374,22.760006,26.33,2011-07-06,26.370001,25.959999,25.969999,MSFT,48744200
375,22.500682,26.030001,2011-07-05,26.15,25.90,26.10,MSFT,37805300
376,22.492038,26.02,2011-07-01,26.17,25.84,25.93,MSFT,52906200
377,22.474749,26.00,2011-06-30,26.00,25.66,25.74,MSFT,52535400
378,22.146273,25.620001,2011-06-29,25.709999,25.360001,25.709999,MSFT,66051000
379,22.301866,25.799999,2011-06-28,25.92,25.16,25.299999,MSFT,81032100
380,21.783219,25.200001,2011-06-27,25.459999,24.23,24.23,MSFT,92044200
381,21.005246,24.299999,2011-06-24,24.540001,24.190001,24.51,MSFT,101387200
382,21.290502,24.629999,2011-06-23,24.65,24.200001,24.440001,MSFT,59470400
383,21.307791,24.65,2011-06-22,24.809999,24.59,24.60,MSFT,44287300
384,21.402877,24.76,2011-06-21,24.860001,24.40,24.52,MSFT,49708700
385,21.152196,24.469999,2011-06-20,24.66,24.16,24.17,MSFT,54338400
386,20.97067,24.26,2011-06-17,24.299999,23.98,24.219999,MSFT,83320400
387,20.745923,24.00,2011-06-16,24.10,23.65,23.75,MSFT,57184100
388,20.521175,23.74,2011-06-15,24.01,23.67,24.00,MSFT,49410200
389,20.936093,24.219999,2011-06-14,24.450001,24.190001,24.299999,MSFT,42894500
390,20.7805,24.040001,2011-06-13,24.190001,23.700001,23.790001,MSFT,47572500
391,20.495242,23.709999,2011-06-10,24.02,23.690001,24.02,MSFT,49327200
392,20.711345,23.959999,2011-06-09,24.040001,23.82,24.01,MSFT,42878700
393,20.694058,23.940001,2011-06-08,24.02,23.860001,23.90,MSFT,42205000
394,20.797787,24.059999,2011-06-07,24.17,23.90,24.09,MSFT,41112600
395,20.754567,24.01,2011-06-06,24.25,23.77,23.889999,MSFT,54778700
396,20.668125,23.91,2011-06-03,24.139999,23.84,24.049999,MSFT,60697700
397,20.936093,24.219999,2011-06-02,24.65,24.18,24.49,MSFT,51487800
398,21.117621,24.43,2011-06-01,25.10,24.370001,24.99,MSFT,74033500
399,21.61898,25.01,2011-05-31,25.059999,24.700001,24.959999,MSFT,60196300
400,21.402877,24.76,2011-05-27,24.90,24.65,24.68,MSFT,50251000
401,21.32508,24.67,2011-05-26,25.030001,24.32,24.35,MSFT,78016600
402,20.910162,24.190001,2011-05-25,24.309999,24.16,24.17,MSFT,34904200
403,20.875584,24.15,2011-05-24,24.290001,24.040001,24.200001,MSFT,47691800
404,20.892873,24.17,2011-05-23,24.25,24.030001,24.209999,MSFT,52692500
405,21.169485,24.49,2011-05-20,24.870001,24.440001,24.719999,MSFT,45451500
406,21.3683,24.719999,2011-05-19,24.879999,24.50,24.85,MSFT,37783600
407,21.342368,24.690001,2011-05-18,24.74,24.25,24.530001,MSFT,53931100
408,21.195418,24.52,2011-05-17,24.700001,24.27,24.40,MSFT,82882100
409,21.100332,24.57,2011-05-16,25.07,24.50,24.959999,MSFT,91350900
410,21.495374,25.030001,2011-05-13,25.32,24.950001,25.280001,MSFT,66812300
411,21.74442,25.32,2011-05-12,25.389999,25.10,25.35,MSFT,77400000
412,21.778772,25.360001,2011-05-11,25.66,25.209999,25.65,MSFT,78600000
413,22.044995,25.67,2011-05-10,25.85,25.25,25.379999,MSFT,120798700
414,22.1824,25.83,2011-05-09,25.959999,25.67,25.799999,MSFT,38696400
415,22.216753,25.870001,2011-05-06,26.219999,25.75,26.07,MSFT,55993000
416,22.14805,25.790001,2011-05-05,26.08,25.68,26.049999,MSFT,55600000
417,22.37992,26.059999,2011-05-04,26.25,25.790001,25.85,MSFT,73292300
418,22.165224,25.809999,2011-05-03,25.85,25.49,25.60,MSFT,71892900
419,22.036407,25.66,2011-05-02,26.00,25.48,25.940001,MSFT,89825600
420,22.259691,25.92,2011-04-29,26.639999,25.360001,26.549999,MSFT,319317900
421,22.93813,26.709999,2011-04-28,26.870001,26.40,26.459999,MSFT,80200000
422,22.654731,26.379999,2011-04-27,26.389999,26.129999,26.299999,MSFT,52689000
423,22.491563,26.190001,2011-04-26,26.440001,25.67,25.74,MSFT,69200000
424,21.993468,25.610001,2011-04-25,25.620001,25.34,25.559999,MSFT,33525100
425,21.916178,25.52,2011-04-21,25.889999,25.360001,25.790001,MSFT,46892300
426,22.122286,25.76,2011-04-20,26.00,25.51,25.540001,MSFT,61608600
427,21.598427,25.15,2011-04-19,25.17,24.870001,25.00,MSFT,38892400
428,21.538312,25.08,2011-04-18,25.280001,24.719999,25.10,MSFT,58045100
429,21.78736,25.370001,2011-04-15,25.559999,25.18,25.459999,MSFT,65080400
430,21.830299,25.42,2011-04-14,25.440001,25.09,25.42,MSFT,55239900
431,22.010643,25.629999,2011-04-13,25.870001,25.559999,25.65,MSFT,38144700
432,22.019231,25.639999,2011-04-12,25.85,25.549999,25.83,MSFT,36920400
433,22.311218,25.98,2011-04-11,26.25,25.799999,26.190001,MSFT,34286300
434,22.388508,26.07,2011-04-08,26.280001,25.959999,26.17,MSFT,39887600
435,22.500151,26.200001,2011-04-07,26.26,25.969999,26.190001,MSFT,46134700
436,22.457211,26.15,2011-04-06,26.309999,25.860001,25.98,MSFT,65581400
437,22.139462,25.780001,2011-04-05,26.18,25.74,25.82,MSFT,73651100
438,21.94194,25.549999,2011-04-04,25.66,25.41,25.450001,MSFT,35433700
439,21.881826,25.48,2011-04-01,25.530001,25.309999,25.530001,MSFT,63114200
440,21.804535,25.389999,2011-03-31,25.68,25.34,25.60,MSFT,63233700
441,21.993468,25.610001,2011-03-30,25.719999,25.50,25.60,MSFT,41999300
442,21.890414,25.49,2011-03-29,25.52,25.299999,25.34,MSFT,40763500
443,21.821711,25.41,2011-03-28,25.719999,25.379999,25.66,MSFT,48973200
444,22.002056,25.620001,2011-03-25,25.950001,25.59,25.93,MSFT,57029800
445,22.165224,25.809999,2011-03-24,25.870001,25.50,25.60,MSFT,38696700
446,21.933354,25.540001,2011-03-23,25.610001,25.18,25.23,MSFT,43969000
447,21.727244,25.299999,2011-03-22,25.459999,25.23,25.299999,MSFT,30895600
448,21.753008,25.33,2011-03-21,25.58,25.15,25.18,MSFT,46878100
449,21.297852,24.799999,2011-03-18,25.18,24.799999,25.059999,MSFT,85486700
450,21.280677,24.780001,2011-03-17,25.219999,24.75,25.059999,MSFT,62497000
451,21.289266,24.790001,2011-03-16,25.280001,24.68,25.219999,MSFT,100725400
452,21.804535,25.389999,2011-03-15,25.469999,25.00,25.08,MSFT,76067300
453,22.062171,25.690001,2011-03-14,25.76,25.35,25.49,MSFT,54473400
454,22.053583,25.68,2011-03-11,25.85,25.360001,25.41,MSFT,49905800
455,21.821711,25.41,2011-03-10,25.709999,25.35,25.620001,MSFT,66549500
456,22.233927,25.889999,2011-03-09,25.98,25.66,25.809999,MSFT,39789100
457,22.251103,25.91,2011-03-08,26.02,25.65,25.77,MSFT,50549800
458,22.087934,25.719999,2011-03-07,26.27,25.549999,26.129999,MSFT,64980400
459,22.285455,25.950001,2011-03-04,26.24,25.799999,26.219999,MSFT,70437200
460,22.500151,26.200001,2011-03-03,26.40,26.18,26.26,MSFT,68271500
461,22.397097,26.08,2011-03-02,26.370001,26.040001,26.110001,MSFT,48658200
462,22.465799,26.16,2011-03-01,26.780001,26.15,26.60,MSFT,60055000
463,22.826489,26.58,2011-02-28,26.860001,26.51,26.690001,MSFT,51379900
464,22.800725,26.549999,2011-02-25,26.950001,26.50,26.91,MSFT,53006300
465,22.989658,26.77,2011-02-24,27.059999,26.50,26.639999,MSFT,64494200
466,22.835077,26.59,2011-02-23,26.860001,26.43,26.530001,MSFT,60234100
467,22.835077,26.59,2011-02-22,27.10,26.52,26.780001,MSFT,60889000
468,23.238705,27.059999,2011-02-18,27.209999,26.99,27.129999,MSFT,68667800
469,23.367522,27.209999,2011-02-17,27.370001,26.91,26.969999,MSFT,57207300
470,23.204354,27.02,2011-02-16,27.07,26.60,27.049999,MSFT,70817900
471,23.152826,26.959999,2011-02-15,27.33,26.950001,27.040001,MSFT,44116500
472,23.247292,27.23,2011-02-14,27.27,26.950001,27.209999,MSFT,56766200
473,23.264367,27.25,2011-02-11,27.809999,27.07,27.76,MSFT,83939700
474,23.477802,27.50,2011-02-10,27.940001,27.290001,27.93,MSFT,76672400
475,23.879058,27.969999,2011-02-09,28.26,27.91,28.190001,MSFT,52905100
476,24.143718,28.280001,2011-02-08,28.34,28.049999,28.10,MSFT,34904200
477,24.075419,28.200001,2011-02-07,28.34,27.790001,27.799999,MSFT,68980900
478,23.708312,27.77,2011-02-04,27.84,27.51,27.700001,MSFT,40412200
479,23.605862,27.65,2011-02-03,27.969999,27.540001,27.969999,MSFT,60340100
480,23.853447,27.940001,2011-02-02,28.110001,27.879999,27.93,MSFT,45824000
481,23.896133,27.99,2011-02-01,28.059999,27.610001,27.799999,MSFT,62810700
482,23.674161,27.73,2011-01-31,27.90,27.42,27.77,MSFT,65029000
483,23.691236,27.75,2011-01-28,28.93,27.450001,28.90,MSFT,141249400
484,24.647424,28.870001,2011-01-27,29.459999,28.49,28.75,MSFT,146938600
485,24.570587,28.780001,2011-01-26,28.99,28.50,28.51,MSFT,74628800
486,24.288854,28.450001,2011-01-25,28.450001,28.120001,28.139999,MSFT,42436600
487,24.229091,28.379999,2011-01-24,28.559999,27.99,28.02,MSFT,52047800
488,23.921746,28.02,2011-01-21,28.43,28.02,28.40,MSFT,58080300
489,24.20348,28.35,2011-01-20,28.549999,28.129999,28.50,MSFT,58613600
490,24.305927,28.469999,2011-01-19,28.68,28.27,28.459999,MSFT,50005900
491,24.468138,28.66,2011-01-18,28.74,28.139999,28.16,MSFT,53322700
492,24.160792,28.299999,2011-01-14,28.379999,27.91,28.08,MSFT,62688400
493,24.066882,28.190001,2011-01-13,28.389999,28.01,28.33,MSFT,67077600
494,24.374226,28.549999,2011-01-12,28.59,28.07,28.120001,MSFT,52631100
495,23.998583,28.110001,2011-01-11,28.25,28.049999,28.200001,MSFT,50298900
496,24.092493,28.219999,2011-01-10,28.40,28.040001,28.26,MSFT,57573600
497,24.416914,28.60,2011-01-07,28.74,28.25,28.639999,MSFT,73762000
498,24.604736,28.82,2011-01-06,28.85,27.860001,28.040001,MSFT,88026300
499,23.904671,28.00,2011-01-05,28.01,27.77,27.90,MSFT,58998700
500,23.981508,28.09,2011-01-04,28.17,27.85,27.940001,MSFT,54405600
501,23.887596,27.98,2011-01-03,28.18,27.92,28.049999,MSFT,53443800
