,Adj_Close,Close,Date,High,Low,Open,Symbol,Volume
0,32.339493,36.25,2012-12-31,36.279999,35.580002,35.880001,KO,15651400
1,32.089699,35.970001,2012-12-28,36.419998,35.950001,36.220001,KO,14053400
2,32.491152,36.419998,2012-12-27,36.549999,36.200001,36.349998,KO,11380600
3,32.491152,36.419998,2012-12-26,36.799999,36.240002,36.700001,KO,9982100
4,32.767712,36.73,2012-12-24,36.799999,36.57,36.720001,KO,4851800
5,32.910452,36.889999,2012-12-21,37.189999,36.529999,37.00,KO,27942400
6,33.053191,37.049999,2012-12-20,37.099998,36.650002,36.689999,KO,16182700
7,32.812317,36.779999,2012-12-19,37.290001,36.77,37.25,KO,17991900
8,33.258379,37.279999,2012-12-18,37.700001,37.130001,37.529999,KO,17952100
9,33.454648,37.50,2012-12-17,37.82,37.380001,37.790001,KO,17588900
10,33.597387,37.66,2012-12-14,37.77,37.50,37.52,KO,11800900
11,33.543859,37.599998,2012-12-13,37.790001,37.529999,37.700001,KO,11442100
12,33.579544,37.639999,2012-12-12,37.93,37.50,37.889999,KO,14681700
13,33.775813,37.860001,2012-12-11,37.990002,37.580002,37.630001,KO,10671300
14,33.579544,37.639999,2012-12-10,37.779999,37.509998,37.700001,KO,8603200
15,33.641993,37.709999,2012-12-07,37.740002,37.389999,37.439999,KO,10654700
16,33.347594,37.380001,2012-12-06,37.439999,37.299999,37.34,KO,8974700
17,33.285145,37.310001,2012-12-05,37.50,37.080002,37.200001,KO,14561400
18,33.142406,37.150002,2012-12-04,37.490002,37.139999,37.310001,KO,11794200
19,33.347594,37.380001,2012-12-03,37.939999,37.330002,37.900002,KO,12864900
20,33.829338,37.919998,2012-11-30,37.98,37.66,37.939999,KO,13039500
21,33.873947,37.970001,2012-11-29,37.970001,37.50,37.68,KO,12433700
22,33.508176,37.560001,2012-11-28,37.57,36.799999,37.060001,KO,14846300
23,33.155786,37.419998,2012-11-27,37.790001,37.34,37.439999,KO,11873700
24,33.102625,37.360001,2012-11-26,37.779999,37.23,37.580002,KO,13217000
25,33.607671,37.93,2012-11-23,37.950001,37.490002,37.549999,KO,5365500
26,33.129206,37.389999,2012-11-21,37.470001,37.220001,37.330002,KO,8631300
27,33.00516,37.25,2012-11-20,37.27,36.849998,37.23,KO,12278600
28,32.996301,37.240002,2012-11-19,37.290001,36.810001,36.849998,KO,14076200
29,32.39379,36.560001,2012-11-16,36.650002,36.27,36.490002,KO,15624800
30,32.278604,36.43,2012-11-15,36.48,35.860001,35.900002,KO,17643600
31,31.906463,36.009998,2012-11-14,36.360001,35.869999,36.189999,KO,13508300
32,32.039371,36.16,2012-11-13,36.560001,35.98,36.029999,KO,12105200
33,31.968489,36.080002,2012-11-12,36.290001,35.990002,36.290001,KO,10169700
34,32.154558,36.290001,2012-11-09,36.52,36.049999,36.049999,KO,11520300
35,32.216581,36.360001,2012-11-08,37.110001,36.360001,36.650002,KO,12921700
36,32.535557,36.720001,2012-11-07,37.389999,36.400002,37.279999,KO,16745000
37,33.155786,37.419998,2012-11-06,37.48,36.860001,36.919998,KO,11448400
38,32.579859,36.77,2012-11-05,36.990002,36.630001,36.950001,KO,12139600
39,32.854534,37.080002,2012-11-02,37.650002,37.00,37.580002,KO,11237500
40,33.076045,37.330002,2012-11-01,37.560001,37.150002,37.150002,KO,10622300
41,32.943137,37.18,2012-10-31,37.41,36.919998,37.16,KO,11643500
42,32.819091,37.040001,2012-10-26,37.259998,36.779999,37.119999,KO,11896500
43,32.863393,37.09,2012-10-25,37.189999,36.849998,37.00,KO,10457900
44,32.677324,36.880001,2012-10-24,37.040001,36.599998,36.599998,KO,13531400
45,32.438092,36.610001,2012-10-23,36.98,36.540001,36.959999,KO,13287300
46,32.987439,37.23,2012-10-22,37.48,36.959999,37.369999,KO,13340500
47,33.138068,37.400002,2012-10-19,37.939999,37.400002,37.93,KO,19864500
48,33.527926,37.84,2012-10-18,38.07,37.459999,37.759998,KO,23063300
49,33.439323,37.740002,2012-10-17,38.150002,37.700001,38.060001,KO,15449600
50,33.58109,37.900002,2012-10-16,38.220001,37.439999,38.18,KO,25811800
51,33.78488,38.130001,2012-10-15,38.25,38.009998,38.09,KO,13785100
52,33.873483,38.23,2012-10-12,38.389999,38.110001,38.259998,KO,12059700
53,33.767159,38.110001,2012-10-11,38.279999,38.02,38.200001,KO,10843800
54,33.749437,38.09,2012-10-10,38.73,38.049999,38.650002,KO,13754500
55,34.16588,38.560001,2012-10-09,38.830002,38.459999,38.50,KO,13078700
56,34.183601,38.580002,2012-10-08,38.68,38.439999,38.540001,KO,9434600
57,34.183601,38.580002,2012-10-05,38.599998,38.25,38.490002,KO,12287900
58,33.96209,38.330002,2012-10-04,38.549999,38.189999,38.459999,KO,9654500
59,33.882346,38.240002,2012-10-03,38.52,38.139999,38.32,KO,13637100
60,33.970949,38.34,2012-10-02,38.689999,38.110001,38.560001,KO,10276000
61,34.006391,38.380001,2012-10-01,38.599998,38.150002,38.16,KO,16671400
62,33.607671,37.93,2012-09-28,38.220001,37.900002,38.169998,KO,22721200
63,33.944368,38.310001,2012-09-27,38.349998,37.900002,38.060001,KO,15176100
64,33.457041,37.759998,2012-09-26,38.189999,37.740002,37.779999,KO,16677400
65,33.386159,37.68,2012-09-25,38.27,37.66,38.209999,KO,20299200
66,33.776018,38.119999,2012-09-24,38.240002,37.810001,37.810001,KO,21902000
67,33.696274,38.029999,2012-09-21,38.740002,37.880001,38.73,KO,98967500
68,34.236761,38.639999,2012-09-20,38.869999,38.380001,38.389999,KO,26953000
69,34.130437,38.52,2012-09-19,38.810001,38.41,38.66,KO,26276800
70,34.21904,38.619999,2012-09-18,39.00,38.299999,38.380001,KO,24373700
71,33.979808,38.349998,2012-09-17,38.380001,38.029999,38.16,KO,23594400
72,33.776018,38.119999,2012-09-14,38.549999,38.009998,38.549999,KO,25087400
73,33.979808,38.349998,2012-09-13,38.490002,37.610001,37.73,KO,23803400
74,33.270973,37.549999,2012-09-12,37.830002,37.509998,37.790001,KO,14632200
75,33.239962,37.77,2012-09-11,37.830002,37.560001,37.630001,KO,16505000
76,33.143154,37.66,2012-09-10,37.98,37.59,37.959999,KO,18216900
77,33.354371,37.900002,2012-09-07,38.50,37.740002,38.380001,KO,16391700
78,33.574387,38.150002,2012-09-06,38.299999,37.700001,37.779999,KO,19851400
79,33.011144,37.509998,2012-09-05,37.619999,37.110001,37.360001,KO,20839200
80,32.80873,37.279999,2012-09-04,37.59,37.220001,37.52,KO,17293400
81,32.91434,37.400002,2012-08-31,37.580002,37.150002,37.41,KO,20710300
82,32.685521,37.139999,2012-08-30,37.630001,37.130001,37.380001,KO,17041800
83,32.967141,37.459999,2012-08-29,38.049999,37.380001,38.049999,KO,23435400
84,33.442376,38.00,2012-08-28,38.32,37.77,38.139999,KO,16148800
85,33.591985,38.169998,2012-08-27,38.560001,38.119999,38.560001,KO,9589400
86,33.856006,38.470001,2012-08-24,38.549999,38.07,38.07,KO,9317800
87,33.539183,38.110001,2012-08-23,38.84,38.02,38.810001,KO,14973300
88,34.120024,38.77,2012-08-22,39.25,38.689999,39.139999,KO,13479200
89,34.551253,39.259998,2012-08-21,39.689999,39.23,39.41,KO,8329000
90,34.736069,39.470001,2012-08-20,39.59,39.259998,39.540001,KO,9211800
91,34.78887,39.529999,2012-08-17,39.73,39.27,39.66,KO,10541000
92,34.806472,39.549999,2012-08-16,39.630001,39.310001,39.400002,KO,8824100
93,34.630459,39.349998,2012-08-15,39.549999,39.23,39.419998,KO,7692500
94,34.656863,39.380001,2012-08-14,39.669998,39.25,39.599998,KO,10841200
95,34.586456,39.299999,2012-08-13,39.389999,39.049999,39.310001,KO,8898200
96,34.670063,78.790001,2012-08-10,79.209999,78.610001,79.160004,KO,40577600
97,34.868076,79.239998,2012-08-09,79.779999,78.830002,79.470001,KO,9583400
98,35.008886,79.559998,2012-08-08,80.00,79.360001,79.709999,KO,8790200
99,35.101292,79.769997,2012-08-07,80.980003,79.75,80.839996,KO,12782800
100,35.484121,80.639999,2012-08-06,81.25,80.620003,81.010002,KO,9179400
101,35.567728,80.830002,2012-08-03,80.989998,80.010002,80.190002,KO,11834200
102,35.092493,79.75,2012-08-02,81.00,79.519997,80.730003,KO,13393200
103,35.646933,81.010002,2012-08-01,81.25,80.589996,80.970001,KO,12954600
104,35.554527,80.800003,2012-07-31,81.330002,80.389999,80.699997,KO,16333600
105,35.695337,81.120003,2012-07-30,81.169998,79.57,79.769997,KO,15947800
106,35.206902,80.010002,2012-07-27,80.239998,78.900002,79.050003,KO,17825000
107,34.696464,78.849998,2012-07-26,78.910004,77.699997,77.699997,KO,14144600
108,33.891206,77.019997,2012-07-25,77.220001,76.730003,76.949997,KO,9020400
109,33.732798,76.660004,2012-07-24,76.949997,76.099998,76.900002,KO,10445800
110,33.829602,76.879997,2012-07-23,77.00,76.370003,76.550003,KO,10655800
111,33.895607,77.029999,2012-07-20,77.349998,76.790001,77.269997,KO,16436000
112,34.124426,77.550003,2012-07-19,77.599998,76.50,77.519997,KO,18050400
113,34.076022,77.440002,2012-07-18,77.68,76.82,77.639999,KO,13852000
114,34.18603,77.690002,2012-07-17,78.660004,76.760002,78.059998,KO,21209600
115,33.653592,76.480003,2012-07-16,77.400002,76.199997,77.099998,KO,17575600
116,34.005615,77.279999,2012-07-13,77.589996,76.339996,76.629997,KO,13307400
117,33.723996,76.639999,2012-07-12,77.269997,76.519997,77.029999,KO,19104000
118,34.084821,77.459999,2012-07-11,77.949997,77.150002,77.900002,KO,13645600
119,34.313639,77.980003,2012-07-10,78.540001,77.82,78.529999,KO,11583400
120,34.313639,77.980003,2012-07-09,78.209999,77.709999,78.059998,KO,8615600
121,34.388444,78.150002,2012-07-06,78.290001,77.839996,78.019997,KO,10036000
122,34.520451,78.449997,2012-07-05,79.139999,78.199997,79.019997,KO,10546400
123,34.832876,79.160004,2012-07-03,79.360001,78.709999,78.889999,KO,7335000
124,34.727266,78.919998,2012-07-02,79.00,78.010002,78.099998,KO,13350200
125,34.406045,78.190002,2012-06-29,78.190002,77.080002,77.129997,KO,18519800
126,33.693193,76.57,2012-06-28,76.669998,75.690002,76.099998,KO,10891200
127,33.591985,76.339996,2012-06-27,76.480003,75.239998,75.239998,KO,13644400
128,33.037548,75.080002,2012-06-26,75.360001,74.199997,74.989998,KO,11859400
129,32.901136,74.769997,2012-06-25,74.839996,74.169998,74.459999,KO,9734200
130,32.975944,74.940002,2012-06-22,75.300003,74.860001,74.949997,KO,15252800
131,32.857133,74.669998,2012-06-21,75.989998,74.620003,75.790001,KO,12804000
132,33.248761,75.559998,2012-06-20,75.739998,74.839996,75.690002,KO,14706800
133,33.327967,75.739998,2012-06-19,76.25,75.660004,76.25,KO,11115400
134,33.433577,75.980003,2012-06-18,76.419998,75.769997,75.959999,KO,10457200
135,33.481977,76.089996,2012-06-15,76.199997,75.419998,76.120003,KO,19748800
136,33.327967,75.739998,2012-06-14,76.00,74.699997,74.790001,KO,13945400
137,32.865936,74.690002,2012-06-13,75.129997,74.470001,74.610001,KO,9376200
138,32.865933,75.199997,2012-06-12,75.25,74.339996,74.980003,KO,11911200
139,32.629931,74.660004,2012-06-11,75.779999,74.620003,75.720001,KO,10657200
140,32.883416,75.239998,2012-06-08,75.370003,74.150002,74.160004,KO,11594200
141,32.463851,74.279999,2012-06-07,75.059998,74.199997,74.989998,KO,14342800
142,32.608077,74.610001,2012-06-06,74.610001,73.300003,73.389999,KO,12496400
143,32.009322,73.239998,2012-06-05,73.639999,73.050003,73.330002,KO,12275200
144,32.184141,73.639999,2012-06-04,73.739998,72.559998,73.029999,KO,13397200
145,31.943764,73.089996,2012-06-01,74.449997,73.010002,73.989998,KO,20843400
146,32.660524,74.730003,2012-05-31,75.220001,74.660004,74.959999,KO,15147600
147,32.804747,75.059998,2012-05-30,75.25,74.82,75.07,KO,13884600
148,32.979567,75.459999,2012-05-29,75.730003,75.059998,75.730003,KO,10533800
149,32.879048,75.230003,2012-05-25,75.690002,75.010002,75.620003,KO,8999600
150,33.023271,75.559998,2012-05-24,75.849998,74.599998,74.790001,KO,20204600
151,32.581856,74.550003,2012-05-23,74.57,73.82,74.00,KO,18000000
152,32.424518,74.190002,2012-05-22,74.580002,73.910004,74.580002,KO,15260600
153,32.564373,74.510002,2012-05-21,74.599998,74.129997,74.209999,KO,13488800
154,32.363332,74.050003,2012-05-18,75.290001,73.470001,75.25,KO,31913000
155,32.830972,75.120003,2012-05-17,76.300003,74.989998,76.169998,KO,22310800
156,33.359799,76.330002,2012-05-16,76.839996,75.919998,76.660004,KO,17804400
157,33.464689,76.57,2012-05-15,77.150002,76.260002,76.559998,KO,16397800
158,33.595804,76.870003,2012-05-14,77.25,76.620003,77.120003,KO,15411800
159,33.858032,77.470001,2012-05-11,77.739998,77.199997,77.199997,KO,10604000
160,33.83181,77.410004,2012-05-10,77.699997,77.199997,77.209999,KO,12659200
161,33.556468,76.779999,2012-05-09,77.190002,76.489998,76.589996,KO,14070800
162,33.713806,77.139999,2012-05-08,77.279999,76.620003,77.010002,KO,10561600
163,33.774992,77.279999,2012-05-07,77.449997,76.849998,76.970001,KO,8965400
164,33.652619,77.00,2012-05-04,77.599998,76.959999,77.309998,KO,13160800
165,33.844921,77.440002,2012-05-03,77.639999,77.199997,77.360001,KO,15612000
166,33.722548,77.160004,2012-05-02,77.25,76.639999,76.739998,KO,16558600
167,33.622026,76.93,2012-05-01,77.00,76.279999,76.540001,KO,13841000
168,33.355427,76.32,2012-04-30,76.900002,75.93,76.419998,KO,26517600
169,33.490911,76.629997,2012-04-27,77.82,75.919998,75.959999,KO,25103000
170,33.088828,75.709999,2012-04-26,75.970001,74.82,74.949997,KO,16782000
171,32.747932,74.93,2012-04-25,75.050003,74.309998,74.540001,KO,18596000
172,32.393925,74.120003,2012-04-24,74.349998,73.709999,73.919998,KO,10288000
173,32.205995,73.690002,2012-04-23,74.07,73.330002,73.980003,KO,10472200
174,32.398293,74.129997,2012-04-20,74.349998,73.739998,73.959999,KO,13461000
175,32.26281,73.82,2012-04-19,74.339996,73.419998,74.290001,KO,10731200
176,32.415776,74.169998,2012-04-18,74.349998,73.730003,73.82,KO,11779800
177,32.319625,73.949997,2012-04-17,74.480003,73.18,73.18,KO,22614400
178,31.659686,72.440002,2012-04-16,72.790001,72.139999,72.220001,KO,14147600
179,31.441163,71.940002,2012-04-13,72.599998,71.940002,72.220001,KO,10525600
180,31.563535,72.220001,2012-04-12,72.260002,71.82,72.150002,KO,10640600
181,31.519831,72.120003,2012-04-11,72.470001,71.839996,72.43,KO,12026600
182,31.476124,72.019997,2012-04-10,72.620003,71.949997,72.580002,KO,17290600
183,31.847616,72.870003,2012-04-09,73.110001,72.739998,72.959999,KO,9806800
184,32.109844,73.470001,2012-04-05,73.519997,73.07,73.279999,KO,11531400
185,32.105473,73.459999,2012-04-04,73.599998,73.209999,73.290001,KO,12487400
186,32.236588,73.760002,2012-04-03,74.080002,73.459999,73.669998,KO,12989200
187,32.402665,74.139999,2012-04-02,74.199997,73.639999,73.830002,KO,14579000
188,32.34585,74.010002,2012-03-30,74.139999,73.309998,73.620003,KO,26555800
189,32.258438,73.809998,2012-03-29,74.389999,72.269997,72.349998,KO,41063600
190,31.755837,72.660004,2012-03-28,72.82,71.900002,71.959999,KO,26260600
191,31.410569,71.870003,2012-03-27,71.980003,71.650002,71.82,KO,11430400
192,31.42368,71.900002,2012-03-26,71.900002,71.589996,71.739998,KO,11536400
193,31.244489,71.489998,2012-03-23,71.599998,71.290001,71.400002,KO,16206600
194,31.213896,71.419998,2012-03-22,71.580002,70.940002,71.010002,KO,14252800
195,31.082784,71.120003,2012-03-21,71.400002,70.349998,70.480003,KO,19870800
196,30.851146,70.589996,2012-03-20,70.769997,69.93,70.029999,KO,10180400
197,30.76811,70.400002,2012-03-19,70.529999,70.00,70.209999,KO,10652400
198,30.663219,70.160004,2012-03-16,70.459999,69.879997,70.379997,KO,22898800
199,30.737517,70.330002,2012-03-15,70.339996,69.779999,70.269997,KO,17991400
200,30.689441,70.220001,2012-03-14,70.620003,70.099998,70.260002,KO,12918000
201,30.702552,70.25,2012-03-13,70.290001,69.510002,69.510002,KO,18068000
202,30.435953,70.150002,2012-03-12,70.339996,69.339996,69.480003,KO,18143600
203,30.158277,69.510002,2012-03-09,69.739998,69.309998,69.43,KO,36742600
204,30.054146,69.269997,2012-03-08,69.50,69.099998,69.18,KO,33754800
205,29.84589,68.790001,2012-03-07,68.940002,68.50,68.75,KO,10933800
206,29.832875,68.760002,2012-03-06,69.089996,68.639999,68.82,KO,13161200
207,30.036794,69.230003,2012-03-05,69.339996,69.00,69.019997,KO,10338600
208,30.015099,69.18,2012-03-02,69.599998,68.970001,69.410004,KO,11995800
209,30.197324,69.599998,2012-03-01,69.959999,69.389999,69.870003,KO,15294200
210,30.310131,69.860001,2012-02-29,69.980003,68.900002,68.900002,KO,23464400
211,29.871921,68.849998,2012-02-28,69.099998,68.800003,68.949997,KO,9049000
212,29.863245,68.830002,2012-02-27,69.00,68.519997,68.690002,KO,12086200
213,29.937002,69.00,2012-02-24,69.50,68.830002,69.349998,KO,12485400
214,30.015099,69.18,2012-02-23,69.300003,68.919998,69.089996,KO,11120000
215,30.04547,69.25,2012-02-22,69.339996,68.599998,68.599998,KO,13766400
216,29.858906,68.82,2012-02-21,69.050003,68.50,68.879997,KO,13424800
217,29.958697,69.050003,2012-02-17,69.169998,68.599998,69.07,KO,14841800
218,29.876261,68.860001,2012-02-16,68.989998,68.419998,68.610001,KO,11752000
219,29.676681,68.400002,2012-02-15,69.25,68.230003,69.230003,KO,14776800
220,29.893616,68.900002,2012-02-14,68.93,68.099998,68.470001,KO,12596000
221,29.694037,68.440002,2012-02-13,68.599998,68.089996,68.419998,KO,11091000
222,29.477102,67.940002,2012-02-10,67.940002,67.419998,67.529999,KO,10994600
223,29.490117,67.970001,2012-02-09,68.389999,67.769997,68.360001,KO,16311400
224,29.646311,68.330002,2012-02-08,68.849998,68.199997,68.839996,KO,16428400
225,29.741762,68.550003,2012-02-07,69.449997,67.629997,68.089996,KO,24269600
226,29.516148,68.029999,2012-02-06,68.230003,67.699997,67.839996,KO,14586400
227,29.537843,68.080002,2012-02-03,68.489998,67.839996,68.260002,KO,16555800
228,29.429376,67.830002,2012-02-02,68.239998,67.75,68.07,KO,13150000
229,29.438052,67.849998,2012-02-01,68.339996,67.800003,67.879997,KO,14915000
230,29.299214,67.529999,2012-01-31,67.980003,67.18,67.980003,KO,13543400
231,29.268843,67.459999,2012-01-30,67.57,67.029999,67.290001,KO,10591600
232,29.260167,67.440002,2012-01-27,68.139999,67.230003,67.910004,KO,16825000
233,29.507472,68.010002,2012-01-26,68.620003,67.760002,68.620003,KO,14721000
234,29.689697,68.43,2012-01-25,68.50,67.540001,67.910004,KO,14476000
235,29.459747,67.900002,2012-01-24,68.50,67.709999,68.160004,KO,14751200
236,29.733083,68.529999,2012-01-23,68.620003,67.910004,68.00,KO,13803200
237,29.542179,68.089996,2012-01-20,68.120003,67.400002,67.540001,KO,19158600
238,29.264503,67.449997,2012-01-19,67.739998,67.260002,67.650002,KO,13544800
239,29.325245,67.589996,2012-01-18,67.82,67.18,67.459999,KO,13282200
240,29.221117,67.349998,2012-01-17,67.879997,67.32,67.739998,KO,15577000
241,29.064924,66.989998,2012-01-13,67.43,66.57,67.339996,KO,19991800
242,29.316569,67.57,2012-01-12,68.50,67.349998,68.419998,KO,15237000
243,29.529164,68.059998,2012-01-11,68.769997,67.550003,68.370003,KO,23428800
244,30.084516,69.339996,2012-01-10,69.519997,69.110001,69.470001,KO,12964400
245,29.906632,68.93,2012-01-09,69.169998,68.800003,69.00,KO,10522600
246,29.906632,68.93,2012-01-06,69.629997,68.620003,69.470001,KO,13646600
247,30.097535,69.370003,2012-01-05,69.870003,69.349998,69.760002,KO,14287600
248,30.24071,69.699997,2012-01-04,70.07,69.50,69.910004,KO,14239200
249,30.431613,70.139999,2012-01-03,70.709999,70.099998,70.150002,KO,15639600
250,30.357856,69.970001,2011-12-30,70.290001,69.970001,70.00,KO,7862000
251,30.440293,70.160004,2011-12-29,70.190002,69.510002,69.599998,KO,8734000
252,30.158277,69.510002,2011-12-28,70.050003,69.400002,69.82,KO,8210000
253,30.318806,69.879997,2011-12-27,70.199997,69.809998,69.809998,KO,10099800
254,30.344841,69.940002,2011-12-23,69.970001,69.209999,69.230003,KO,9255200
255,30.019439,69.190002,2011-12-22,69.599998,68.889999,69.339996,KO,15586800
256,30.184308,69.57,2011-12-21,69.800003,68.32,68.519997,KO,18730400
257,29.676681,68.400002,2011-12-20,68.639999,67.830002,67.879997,KO,15931000
258,29.229796,67.370003,2011-12-19,67.870003,67.220001,67.459999,KO,11762000
259,29.260167,67.440002,2011-12-16,67.720001,67.260002,67.470001,KO,23957200
260,29.021537,66.889999,2011-12-15,67.389999,66.790001,66.910004,KO,13474600
261,28.748201,66.260002,2011-12-14,66.910004,66.07,66.25,KO,15762200
262,28.843652,66.480003,2011-12-13,67.269997,66.290001,67.089996,KO,14276200
263,29.021537,66.889999,2011-12-12,67.50,66.32,67.260002,KO,13380200
264,29.316569,67.57,2011-12-09,67.75,66.919998,67.110001,KO,18298200
265,28.95212,66.730003,2011-12-08,67.239998,66.559998,66.699997,KO,16118200
266,28.973811,66.779999,2011-12-07,67.07,66.199997,66.550003,KO,16832800
267,28.930425,66.68,2011-12-06,67.019997,66.139999,66.489998,KO,16730800
268,28.769892,66.309998,2011-12-05,67.190002,65.879997,66.940002,KO,17955200
269,28.800263,66.379997,2011-12-02,67.550003,66.169998,67.459999,KO,21170400
270,28.995506,66.830002,2011-12-01,67.580002,66.68,67.00,KO,15429000
271,29.169055,67.230003,2011-11-30,67.959999,66.720001,67.339996,KO,25300400
272,28.71783,66.190002,2011-11-29,66.50,65.010002,65.169998,KO,21656200
273,28.071364,65.169998,2011-11-28,65.75,64.75,65.260002,KO,21318200
274,27.886145,64.739998,2011-11-25,65.360001,64.739998,65.150002,KO,7572600
275,27.942144,64.870003,2011-11-23,65.50,64.800003,65.459999,KO,14089600
276,28.415958,65.970001,2011-11-22,66.360001,65.540001,65.610001,KO,11787600
277,28.407341,65.949997,2011-11-21,66.879997,65.389999,66.690002,KO,18588200
278,29.027608,67.389999,2011-11-18,67.709999,66.900002,67.209999,KO,18688400
279,28.69594,66.620003,2011-11-17,67.389999,66.099998,66.940002,KO,17467200
280,28.863928,67.010002,2011-11-16,67.800003,66.910004,67.669998,KO,17781400
281,29.29036,68.00,2011-11-15,68.449997,67.480003,67.779999,KO,12217600
282,29.199905,67.790001,2011-11-14,67.970001,67.419998,67.790001,KO,9428600
283,29.342051,68.120003,2011-11-11,68.610001,67.949997,67.970001,KO,12882400
284,29.027608,67.389999,2011-11-10,67.75,66.910004,67.610001,KO,16201600
285,28.872542,67.029999,2011-11-09,67.989998,66.860001,67.849998,KO,18243400
286,29.570342,68.650002,2011-11-08,68.720001,67.800003,68.290001,KO,12063600
287,29.380816,68.209999,2011-11-07,68.269997,67.279999,67.660004,KO,12513800
288,29.195597,67.779999,2011-11-04,68.150002,67.290001,67.959999,KO,15177200
289,29.570342,68.650002,2011-11-03,68.82,68.010002,68.099998,KO,17363400
290,29.191289,67.769997,2011-11-02,68.059998,67.349998,67.419998,KO,14538600
291,28.87685,67.040001,2011-11-01,67.50,66.779999,67.129997,KO,23682800
292,29.428197,68.32,2011-10-31,69.050003,68.290001,68.650002,KO,18998600
293,29.690949,68.93,2011-10-28,68.980003,68.389999,68.519997,KO,17307400
294,29.535882,68.57,2011-10-27,69.089996,68.099998,68.93,KO,26704600
295,29.062068,67.470001,2011-10-26,67.540001,66.410004,67.290001,KO,16041200
296,28.838082,66.949997,2011-10-25,67.93,66.800003,67.910004,KO,14228200
297,29.234365,67.870003,2011-10-24,68.650002,67.610001,68.400002,KO,13609200
298,29.372202,68.190002,2011-10-21,68.32,67.459999,67.940002,KO,23146600
299,28.91131,67.120003,2011-10-20,67.580002,66.57,67.489998,KO,13323600
300,28.872542,67.029999,2011-10-19,67.82,66.870003,66.989998,KO,15389400
301,28.747626,66.739998,2011-10-18,67.489998,66.400002,67.239998,KO,23650600
302,28.85962,67.00,2011-10-17,67.849998,66.82,67.82,KO,20232800
303,29.225749,67.849998,2011-10-14,68.199997,67.349998,68.199997,KO,13503000
304,29.031917,67.400002,2011-10-13,67.580002,66.889999,67.309998,KO,12909400
305,29.066377,67.480003,2011-10-12,67.970001,66.790001,67.25,KO,17549600
306,28.773473,66.800003,2011-10-11,67.199997,66.589996,66.730003,KO,11161000
307,28.816546,66.900002,2011-10-10,66.93,66.010002,66.559998,KO,12354400
308,28.385806,65.900002,2011-10-07,66.510002,65.389999,66.510002,KO,18857800
309,28.166127,65.389999,2011-10-06,66.00,64.449997,65.970001,KO,25205400
310,28.226431,65.529999,2011-10-05,65.599998,64.550003,65.470001,KO,23037800
311,28.09721,65.230003,2011-10-04,65.43,63.34,64.839996,KO,30800000
312,28.179049,65.419998,2011-10-03,66.919998,65.120003,66.589996,KO,38471200
313,29.100834,67.559998,2011-09-30,69.099998,67.559998,68.449997,KO,25026200
314,29.742639,69.050003,2011-09-29,69.639999,68.190002,68.910004,KO,21372600
315,29.316204,68.059998,2011-09-28,70.160004,67.889999,69.82,KO,19032600
316,29.966623,69.57,2011-09-27,70.410004,69.279999,70.120003,KO,22249200
317,29.617724,68.760002,2011-09-26,68.889999,67.660004,68.010002,KO,24008200
318,29.04053,67.419998,2011-09-23,67.709999,66.870003,67.360001,KO,24284400
319,29.212827,67.82,2011-09-22,68.150002,66.620003,67.370003,KO,36341000
320,29.841708,69.279999,2011-09-21,71.07,69.269997,70.849998,KO,23531000
321,30.431824,70.650002,2011-09-20,71.480003,70.519997,70.790001,KO,18313400
322,30.362904,70.489998,2011-09-19,70.690002,69.949997,70.07,KO,28571200
323,30.681654,71.230003,2011-09-16,71.68,71.019997,71.379997,KO,34620600
324,30.591196,71.019997,2011-09-15,71.019997,69.849998,69.910004,KO,21186000
325,30.05277,69.769997,2011-09-14,70.50,68.540001,69.339996,KO,22250000
326,29.764174,69.099998,2011-09-13,69.330002,68.580002,68.959999,KO,21421800
327,29.682332,69.379997,2011-09-12,69.540001,68.199997,68.449997,KO,29144200
328,29.678056,69.370003,2011-09-09,70.650002,68.730003,70.610001,KO,32891200
329,30.448135,71.169998,2011-09-08,71.769997,70.550003,70.660004,KO,24867600
330,30.289843,70.800003,2011-09-07,70.849998,69.910004,70.010002,KO,21287400
331,29.703725,69.43,2011-09-06,69.540001,67.389999,67.43,KO,25784600
332,29.836349,69.739998,2011-09-02,69.989998,69.50,69.720001,KO,17530000
333,30.140102,70.449997,2011-09-01,71.099998,69.779999,70.089996,KO,23530000
334,30.140102,70.449997,2011-08-31,70.769997,69.660004,69.870003,KO,22322800
335,29.887688,69.860001,2011-08-30,70.279999,69.519997,69.779999,KO,31678000
336,29.832073,69.730003,2011-08-29,69.849998,68.870003,68.959999,KO,17660600
337,29.305849,68.50,2011-08-26,68.769997,66.699997,67.93,KO,19849600
338,29.079104,67.970001,2011-08-25,69.599998,67.760002,69.599998,KO,25320000
339,29.81068,69.68,2011-08-24,69.709999,68.550003,68.830002,KO,19475400
340,29.545429,69.059998,2011-08-23,69.059998,67.32,67.470001,KO,23951200
341,28.779626,67.269997,2011-08-22,68.059998,67.169998,68.010002,KO,19652800
342,28.706897,67.099998,2011-08-19,68.279999,66.860001,67.529999,KO,30478200
343,28.989262,67.760002,2011-08-18,68.940002,67.059998,68.25,KO,39569000
344,29.639551,69.279999,2011-08-17,69.349998,68.160004,68.459999,KO,23176000
345,29.164667,68.169998,2011-08-16,68.480003,67.57,67.690002,KO,21413800
346,29.177501,68.199997,2011-08-15,68.419998,67.260002,67.470001,KO,23081600
347,28.72401,67.139999,2011-08-12,67.75,66.400002,66.760002,KO,20310400
348,28.43737,66.470001,2011-08-11,67.309998,63.91,64.00,KO,38406600
349,27.363534,63.959999,2011-08-10,66.50,63.700001,66.239998,KO,38237200
350,28.527212,66.68,2011-08-09,66.870003,63.59,65.82,KO,43128400
351,27.85981,65.120003,2011-08-08,67.209999,64.949997,66.18,KO,50096800
352,28.565715,66.769997,2011-08-05,67.260002,65.040001,66.269997,KO,43916600
353,28.159285,65.82,2011-08-04,68.129997,65.739998,67.769997,KO,32324800
354,29.263068,68.400002,2011-08-03,68.559998,66.949997,67.00,KO,28086000
355,28.694063,67.07,2011-08-02,67.610001,67.07,67.400002,KO,18127600
356,28.976427,67.730003,2011-08-01,68.510002,67.120003,68.50,KO,17654200
357,29.096217,68.010002,2011-07-29,68.849998,67.900002,68.360001,KO,20545600
358,29.438473,68.809998,2011-07-28,69.279999,68.620003,68.650002,KO,15270200
359,29.387137,68.690002,2011-07-27,69.25,68.540001,68.769997,KO,18677600
360,29.601048,69.190002,2011-07-26,69.459999,69.089996,69.349998,KO,11830600
361,29.630996,69.260002,2011-07-25,69.559998,69.010002,69.120003,KO,13154800
362,29.832073,69.730003,2011-07-22,69.82,69.480003,69.550003,KO,13323200
363,29.665219,69.339996,2011-07-21,69.620003,68.50,68.82,KO,22086600
364,29.464145,68.870003,2011-07-20,69.339996,68.800003,69.25,KO,15833800
365,29.656664,69.32,2011-07-19,69.779999,67.529999,67.699997,KO,37415400
366,28.715455,67.120003,2011-07-18,67.43,66.589996,67.260002,KO,14792000
367,28.890861,67.529999,2011-07-15,67.870003,67.279999,67.849998,KO,17491600
368,28.950756,67.669998,2011-07-14,68.330002,67.370003,67.970001,KO,15011200
369,29.117606,68.059998,2011-07-13,68.43,67.769997,68.169998,KO,14688000
370,29.027764,67.849998,2011-07-12,68.440002,67.730003,67.970001,KO,13343400
371,29.13472,68.099998,2011-07-11,68.279999,67.709999,67.75,KO,14152400
372,29.382858,68.68,2011-07-08,68.68,68.120003,68.349998,KO,12671600
373,29.412805,68.75,2011-07-07,68.889999,68.580002,68.82,KO,12423400
374,29.318684,68.529999,2011-07-06,68.75,68.290001,68.309998,KO,11486000
375,29.220286,68.300003,2011-07-05,68.790001,68.080002,68.080002,KO,14801200
376,29.130441,68.089996,2011-07-01,68.089996,67.019997,67.019997,KO,16487000
377,28.788184,67.290001,2011-06-30,67.489998,66.82,66.980003,KO,15594600
378,28.540047,66.709999,2011-06-29,66.830002,66.18,66.190002,KO,17035400
379,28.249127,66.029999,2011-06-28,66.099998,65.349998,65.519997,KO,12932400
380,27.898313,65.209999,2011-06-27,65.459999,64.849998,64.849998,KO,14777600
381,27.778523,64.93,2011-06-24,65.379997,64.720001,65.07,KO,32073800
382,27.799915,64.980003,2011-06-23,65.970001,64.43,65.93,KO,26467800
383,28.407423,66.400002,2011-06-22,66.82,66.110001,66.290001,KO,15701200
384,28.347528,66.260002,2011-06-21,66.290001,65.769997,66.110001,KO,14265000
385,28.163564,65.830002,2011-06-20,66.139999,65.370003,65.370003,KO,11091800
386,28.073721,65.620003,2011-06-17,66.230003,65.620003,65.879997,KO,21317400
387,28.018102,65.489998,2011-06-16,65.760002,64.800003,64.970001,KO,15538800
388,27.795636,64.970001,2011-06-15,65.50,64.639999,65.410004,KO,16378400
389,28.069442,65.610001,2011-06-14,65.839996,65.300003,65.400002,KO,14045000
390,27.85981,65.120003,2011-06-13,65.25,64.790001,65.099998,KO,19081600
391,27.774244,65.389999,2011-06-10,65.82,65.239998,65.68,KO,14003200
392,27.986618,65.889999,2011-06-09,66.32,65.269997,65.440002,KO,13112000
393,27.778493,65.400002,2011-06-08,65.529999,65.07,65.230003,KO,11753000
394,27.693541,65.199997,2011-06-07,65.709999,65.18,65.519997,KO,11522000
395,27.786986,65.419998,2011-06-06,65.769997,65.360001,65.510002,KO,10445400
396,27.833709,65.529999,2011-06-03,65.830002,65.209999,65.269997,KO,12937800
397,28.050331,66.040001,2011-06-02,66.760002,65.620003,66.650002,KO,14264200
398,28.35615,66.760002,2011-06-01,67.18,66.599998,66.599998,KO,14883000
399,28.377385,66.809998,2011-05-31,67.239998,66.639999,66.940002,KO,20294000
400,28.249963,66.510002,2011-05-27,67.150002,66.480003,66.870003,KO,9097400
401,28.330663,66.699997,2011-05-26,66.910004,66.300003,66.739998,KO,14872400
402,28.419863,66.910004,2011-05-25,67.50,66.82,67.279999,KO,13132000
403,28.65772,67.470001,2011-05-24,67.779999,67.209999,67.660004,KO,10881000
404,28.666214,67.489998,2011-05-23,67.900002,67.18,67.589996,KO,13230200
405,29.010261,68.300003,2011-05-20,68.519997,67.889999,68.32,KO,12970600
406,29.078219,68.459999,2011-05-19,68.699997,68.010002,68.410004,KO,12960200
407,29.010261,68.300003,2011-05-18,68.349998,67.650002,68.00,KO,13418000
408,28.878587,67.989998,2011-05-17,68.18,67.50,67.730003,KO,13276400
409,28.81063,67.830002,2011-05-16,68.230003,67.720001,68.099998,KO,12364600
410,28.959291,68.18,2011-05-13,68.769997,68.019997,68.269997,KO,16011000
411,29.014507,68.309998,2011-05-12,68.43,67.169998,67.360001,KO,17097400
412,28.594007,67.32,2011-05-11,67.669998,66.900002,67.290001,KO,11215400
413,28.602501,67.339996,2011-05-10,67.459999,66.980003,67.00,KO,11111800
414,28.43685,66.949997,2011-05-09,67.279999,66.830002,66.860001,KO,8884200
415,28.415614,66.900002,2011-05-06,67.580002,66.730003,67.440002,KO,17042600
416,28.330663,66.699997,2011-05-05,67.739998,66.400002,67.699997,KO,14206200
417,28.653472,67.459999,2011-05-04,67.93,67.199997,67.860001,KO,13529000
418,28.831865,67.879997,2011-05-03,67.900002,67.57,67.720001,KO,10542400
419,28.763907,67.720001,2011-05-02,67.860001,67.57,67.760002,KO,12514200
420,28.653472,67.459999,2011-04-29,67.769997,67.269997,67.559998,KO,14824200
421,28.632236,67.410004,2011-04-28,67.449997,66.660004,66.940002,KO,14084400
422,28.458088,67.00,2011-04-27,67.419998,66.559998,67.370003,KO,16872600
423,28.428356,66.93,2011-04-26,67.029999,65.809998,66.639999,KO,32800000
424,28.772401,67.739998,2011-04-25,67.980003,67.32,67.949997,KO,10709200
425,28.831865,67.879997,2011-04-21,68.169998,67.470001,67.889999,KO,10948800
426,28.819123,67.849998,2011-04-20,68.050003,67.610001,67.889999,KO,12817800
427,28.496314,67.089996,2011-04-19,67.50,66.949997,67.209999,KO,10701800
428,28.589759,67.309998,2011-04-18,67.650002,66.639999,67.57,KO,16104600
429,28.887084,68.010002,2011-04-15,68.349998,67.870003,68.330002,KO,17532200
430,29.014507,68.309998,2011-04-14,68.470001,67.089996,67.339996,KO,23879600
431,28.577017,67.279999,2011-04-13,67.470001,66.970001,67.230003,KO,8497400
432,28.415614,66.900002,2011-04-12,67.129997,66.410004,66.980003,KO,16587400
433,28.627988,67.400002,2011-04-11,67.839996,66.800003,67.260002,KO,14664000
434,28.572769,67.269997,2011-04-08,67.639999,66.860001,67.389999,KO,11201800
435,28.644978,67.440002,2011-04-07,67.75,66.940002,67.43,KO,12734600
436,28.725678,67.629997,2011-04-06,67.82,67.209999,67.550003,KO,14099800
437,28.65772,67.470001,2011-04-05,67.769997,67.309998,67.50,KO,12470200
438,28.738423,67.660004,2011-04-04,67.790001,67.160004,67.220001,KO,13485600
439,28.551533,67.220001,2011-04-01,67.480003,66.599998,66.889999,KO,18720200
440,28.177753,66.339996,2011-03-31,66.849998,65.959999,65.959999,KO,17723000
441,28.050331,66.040001,2011-03-30,66.489998,65.610001,65.720001,KO,18826200
442,27.914412,65.720001,2011-03-29,65.730003,65.080002,65.199997,KO,11569600
443,27.621335,65.029999,2011-03-28,65.489998,65.029999,65.199997,KO,11600200
444,27.702038,65.220001,2011-03-25,65.389999,64.82,64.870003,KO,12419400
445,27.476922,64.690002,2011-03-24,65.07,64.559998,64.580002,KO,13312800
446,27.298526,64.269997,2011-03-23,64.529999,63.25,63.290001,KO,12962600
447,26.975718,63.509998,2011-03-22,63.77,63.25,63.68,KO,8418800
448,27.001204,63.57,2011-03-21,63.860001,63.049999,63.130001,KO,12545600
449,26.631674,62.700001,2011-03-18,63.299999,62.450001,62.970001,KO,23653000
450,26.453279,62.279999,2011-03-17,62.790001,61.91,62.43,KO,20128800
451,26.164451,61.599998,2011-03-16,62.869999,61.290001,62.689999,KO,31957200
452,26.77184,63.029999,2011-03-15,63.27,62.349998,62.950001,KO,25421200
453,27.15836,63.939999,2011-03-14,64.610001,63.529999,64.339996,KO,17802600
454,27.52789,64.809998,2011-03-11,65.110001,64.470001,64.919998,KO,12006400
455,27.53214,65.290001,2011-03-10,65.540001,64.970001,65.25,KO,17761800
456,27.671298,65.620003,2011-03-09,65.68,65.260002,65.529999,KO,14819200
457,27.679731,65.639999,2011-03-08,65.839996,65.220001,65.400002,KO,20717600
458,27.502621,65.220001,2011-03-07,65.739998,64.480003,65.32,KO,23630000
459,27.498404,65.209999,2011-03-04,65.550003,64.769997,65.389999,KO,23050800
460,27.650212,65.57,2011-03-03,65.879997,64.779999,64.790001,KO,29005800
461,27.169486,64.43,2011-03-02,64.82,64.129997,64.589996,KO,20776000
462,27.371899,64.910004,2011-03-01,65.25,64.199997,64.279999,KO,31084000
463,26.954423,63.919998,2011-02-28,64.480003,63.860001,64.169998,KO,19370000
464,27.118882,64.309998,2011-02-25,64.400002,63.709999,63.77,KO,11435400
465,26.937557,63.880001,2011-02-24,64.370003,63.709999,64.199997,KO,17057000
466,26.950207,63.91,2011-02-23,64.339996,63.700001,63.779999,KO,18192200
467,26.886953,63.759998,2011-02-22,64.269997,63.330002,63.360001,KO,17950200
468,27.22009,64.550003,2011-02-18,64.650002,64.120003,64.599998,KO,24652400
469,27.22009,64.550003,2011-02-17,64.720001,63.27,63.380001,KO,18450600
470,26.735146,63.400002,2011-02-16,63.490002,62.880001,63.080002,KO,12992800
471,26.64659,63.189999,2011-02-15,63.220001,62.549999,62.91,KO,16289200
472,26.625506,63.139999,2011-02-14,63.75,63.00,63.669998,KO,12122600
473,26.806832,63.57,2011-02-11,63.66,63.119999,63.23,KO,19098000
474,26.794182,63.540001,2011-02-10,63.540001,62.82,63.16,KO,18352400
475,26.629723,63.150002,2011-02-09,64.75,62.869999,64.099998,KO,29979600
476,26.511649,62.869999,2011-02-08,62.919998,62.34,62.43,KO,13056800
477,26.364058,62.52,2011-02-07,62.669998,62.32,62.669998,KO,12012800
478,26.380926,62.560001,2011-02-04,62.860001,62.360001,62.650002,KO,9374600
479,26.385142,62.57,2011-02-03,62.98,62.130001,62.700001,KO,12997400
480,26.507433,62.860001,2011-02-02,63.48,62.560001,63.150002,KO,15595200
481,26.587553,63.049999,2011-02-01,63.32,62.849998,62.880001,KO,16028000
482,26.503215,62.849998,2011-01-31,62.849998,61.889999,62.32,KO,15717800
483,26.233334,62.209999,2011-01-28,63.279999,62.139999,62.849998,KO,23842400
484,26.439963,62.700001,2011-01-27,63.209999,62.639999,63.189999,KO,13520400
485,26.549601,62.959999,2011-01-26,63.290001,62.860001,63.169998,KO,13657000
486,26.549601,62.959999,2011-01-25,63.310001,62.540001,63.220001,KO,18195800
487,26.671892,63.25,2011-01-24,63.27,62.68,62.869999,KO,15062800
488,26.469481,62.77,2011-01-21,63.200001,62.720001,63.18,KO,16708200
489,26.536951,62.93,2011-01-20,63.880001,62.75,63.619999,KO,20580000
490,26.743578,63.419998,2011-01-19,63.919998,63.189999,63.68,KO,18326800
491,26.76888,63.48,2011-01-18,63.740002,63.169998,63.209999,KO,16344000
492,26.621289,63.130001,2011-01-14,63.369999,62.98,63.369999,KO,12631400
493,26.735146,63.400002,2011-01-13,63.860001,63.130001,63.25,KO,17947600
494,26.583337,63.040001,2011-01-12,63.360001,62.700001,63.209999,KO,14223200
495,26.435745,62.689999,2011-01-11,63.419998,62.669998,63.34,KO,15504000
496,26.591771,63.060001,2011-01-10,63.200001,62.560001,62.700001,KO,14904600
497,26.532733,62.919998,2011-01-07,63.00,62.560001,62.779999,KO,16592800
498,26.579119,63.029999,2011-01-06,63.66,62.830002,63.619999,KO,21712400
499,26.773098,63.490002,2011-01-05,63.950001,62.860001,63.790001,KO,34379000
500,26.933339,63.869999,2011-01-04,65.190002,63.810001,65.019997,KO,27940400
501,27.502621,65.220001,2011-01-03,65.879997,65.110001,65.879997,KO,18945600
