,Adj_Close,Close,Date,High,Low,Open,Symbol,Volume
0,39.909074,42.220001,2014-12-31,42.939999,42.220001,42.919998,KO,9369500
1,40.419514,42.759998,2014-12-30,42.990002,42.650002,42.740002,KO,9222000
2,40.514043,42.860001,2014-12-29,43.060001,42.490002,42.799999,KO,8694500
3,40.608568,42.959999,2014-12-26,43.299999,42.93,42.970001,KO,6466900
4,40.589662,42.939999,2014-12-24,43.23,42.919998,43.099998,KO,6405900
5,40.618023,42.970001,2014-12-23,43.139999,42.470001,42.540001,KO,13411300
6,40.031956,42.349998,2014-12-22,42.439999,42.09,42.139999,KO,11190900
7,39.653852,41.950001,2014-12-19,42.790001,41.889999,42.439999,KO,24009500
8,40.069767,42.389999,2014-12-18,42.389999,41.75,41.860001,KO,18030700
9,39.275745,41.549999,2014-12-17,41.759998,40.380001,40.439999,KO,20223900
10,38.179238,40.389999,2014-12-16,41.310001,39.799999,40.200001,KO,23475400
11,38.349386,40.57,2014-12-15,41.18,40.560001,41.130001,KO,23378500
12,38.670776,40.91,2014-12-12,41.610001,40.869999,41.389999,KO,18432400
13,39.256839,41.529999,2014-12-11,42.009998,41.50,41.619999,KO,16201500
14,39.323007,41.599998,2014-12-10,42.240002,41.560001,42.040001,KO,18324100
15,39.738926,42.040001,2014-12-09,42.529999,41.669998,42.150002,KO,25714600
16,40.778716,43.139999,2014-12-08,43.630001,43.09,43.509998,KO,12802300
17,41.147369,43.529999,2014-12-05,43.610001,43.200001,43.50,KO,12536900
18,41.119012,43.50,2014-12-04,43.84,43.369999,43.619999,KO,13779700
19,41.40259,43.799999,2014-12-03,44.439999,43.759998,44.419998,KO,15246500
20,42.102088,44.540001,2014-12-02,44.669998,44.23,44.369999,KO,9862400
21,42.111539,44.549999,2014-12-01,44.77,44.130001,44.18,KO,10065700
22,42.376215,44.830002,2014-11-28,45.00,44.150002,44.150002,KO,10502000
23,41.865772,44.290001,2014-11-26,44.369999,43.970001,43.990002,KO,9199200
24,41.709803,44.43,2014-11-25,44.59,44.119999,44.27,KO,10741700
25,41.559599,44.27,2014-11-24,44.779999,44.200001,44.509998,KO,12890800
26,41.775517,44.50,2014-11-21,44.740002,44.279999,44.580002,KO,14382600
27,41.540823,44.25,2014-11-20,44.419998,43.849998,43.959999,KO,13465200
28,41.512661,44.220001,2014-11-19,44.43,43.560001,43.669998,KO,25400600
29,40.864903,43.529999,2014-11-18,43.860001,42.75,42.950001,KO,26143000
30,40.29225,42.919998,2014-11-17,42.990002,42.73,42.75,KO,10664000
31,40.113883,42.73,2014-11-14,42.970001,42.50,42.700001,KO,10939500
32,40.170211,42.790001,2014-11-13,43.080002,42.630001,42.650002,KO,12006900
33,40.095108,42.709999,2014-11-12,42.889999,42.310001,42.509998,KO,12767900
34,39.907352,42.509998,2014-11-11,42.709999,42.360001,42.380001,KO,8563700
35,39.7947,42.389999,2014-11-10,42.57,42.09,42.25,KO,9088900
36,39.728986,42.32,2014-11-07,42.459999,42.139999,42.450001,KO,11803800
37,39.700823,42.290001,2014-11-06,42.619999,42.110001,42.43,KO,11528800
38,39.719599,42.310001,2014-11-05,42.540001,41.990002,42.299999,KO,20676800
39,39.259598,41.82,2014-11-04,42.049999,41.66,41.77,KO,10105300
40,39.250212,41.810001,2014-11-03,42.279999,41.59,41.790001,KO,13230600
41,39.315926,41.880001,2014-10-31,41.889999,41.400002,41.830002,KO,18477700
42,38.865314,41.400002,2014-10-30,41.59,40.830002,41.00,KO,18295600
43,38.45225,40.959999,2014-10-29,41.029999,40.52,40.650002,KO,25761800
44,38.076742,40.560001,2014-10-28,40.860001,40.509998,40.759998,KO,18658700
45,38.264494,40.759998,2014-10-27,40.91,40.560001,40.700001,KO,17222500
46,38.517964,41.029999,2014-10-24,41.27,40.919998,40.98,KO,13396000
47,38.358374,40.860001,2014-10-23,41.380001,40.740002,40.939999,KO,23346800
48,38.133066,40.619999,2014-10-22,41.110001,40.099998,40.189999,KO,27728200
49,38.189394,40.68,2014-10-21,41.189999,40.259998,40.799999,KO,55953500
50,40.639599,43.290001,2014-10-20,43.470001,42.709999,42.75,KO,17647800
51,40.254701,42.880001,2014-10-17,43.029999,42.310001,42.689999,KO,23236000
52,39.954293,42.560001,2014-10-16,42.939999,42.380001,42.650002,KO,22519200
53,40.583271,43.23,2014-10-15,43.529999,42.700001,42.700001,KO,22988600
54,40.968169,43.639999,2014-10-14,44.119999,43.470001,44.040001,KO,21027400
55,41.371843,44.07,2014-10-13,44.630001,44.029999,44.279999,KO,20175200
56,41.747355,44.470001,2014-10-10,44.869999,43.849998,43.880001,KO,25920800
57,41.184087,43.869999,2014-10-09,44.75,43.869999,44.439999,KO,25029300
58,41.822455,44.549999,2014-10-08,44.560001,43.509998,43.580002,KO,26115600
59,41.231025,43.919998,2014-10-07,44.139999,43.48,43.48,KO,24936600
60,40.930617,43.599998,2014-10-06,43.68,42.970001,43.029999,KO,20328100
61,40.367353,43.00,2014-10-03,43.07,42.66,42.860001,KO,14046300
62,40.048169,42.66,2014-10-02,42.779999,42.419998,42.599998,KO,16643200
63,40.123273,42.740002,2014-10-01,42.849998,42.369999,42.549999,KO,30409700
64,40.048169,42.66,2014-09-30,42.810001,42.080002,42.099998,KO,22613700
65,39.663272,42.25,2014-09-29,42.259998,41.880001,41.900002,KO,12441100
66,39.616334,42.200001,2014-09-26,42.25,41.709999,42.00,KO,9939600
67,39.222046,41.779999,2014-09-25,42.169998,41.77,42.060001,KO,11076300
68,39.682048,42.27,2014-09-24,42.34,41.849998,41.849998,KO,13540900
69,39.325312,41.889999,2014-09-23,42.16,41.880001,42.00,KO,10251300
70,39.635109,42.220001,2014-09-22,42.25,41.73,41.849998,KO,11518100
71,39.475516,42.049999,2014-09-19,42.349998,41.75,41.98,KO,47559700
72,39.231436,41.790001,2014-09-18,41.880001,41.549999,41.75,KO,12586400
73,39.062456,41.610001,2014-09-17,41.779999,41.32,41.77,KO,16693800
74,39.090618,41.639999,2014-09-16,41.799999,41.18,41.290001,KO,15232800
75,38.95919,41.50,2014-09-15,41.580002,41.330002,41.450001,KO,12259600
76,38.921638,41.459999,2014-09-12,41.919998,41.360001,41.900002,KO,12979900
77,39.38164,41.950001,2014-09-11,42.060001,41.66,41.68,KO,19614000
78,39.301842,42.169998,2014-09-10,42.189999,41.830002,41.900002,KO,17558000
79,39.087485,41.939999,2014-09-09,42.029999,41.75,41.77,KO,11892500
80,38.938368,41.779999,2014-09-08,41.939999,41.630001,41.669998,KO,9097700
81,38.994288,41.84,2014-09-05,41.860001,41.610001,41.860001,KO,12768100
82,39.022247,41.869999,2014-09-04,42.169998,41.73,41.799999,KO,16785300
83,38.938368,41.779999,2014-09-03,41.849998,41.66,41.689999,KO,8635400
84,38.80789,41.639999,2014-09-02,41.84,41.310001,41.52,KO,9798100
85,38.882451,41.720001,2014-08-29,41.75,41.470001,41.599998,KO,7666700
86,38.798572,41.630001,2014-08-28,41.700001,41.439999,41.509998,KO,9746400
87,38.77061,41.599998,2014-08-27,41.709999,41.439999,41.529999,KO,7693100
88,38.77061,41.599998,2014-08-26,41.700001,41.41,41.41,KO,8416500
89,38.593534,41.41,2014-08-25,41.450001,41.119999,41.32,KO,10229300
90,38.323257,41.119999,2014-08-22,41.52,41.049999,41.290001,KO,11244600
91,38.593534,41.41,2014-08-21,41.689999,41.220001,41.290001,KO,11951000
92,38.444417,41.25,2014-08-20,41.34,41.09,41.150002,KO,6782500
93,38.453735,41.259998,2014-08-19,41.48,41.16,41.349998,KO,10260400
94,38.537614,41.349998,2014-08-18,41.419998,40.790001,40.790001,KO,14891500
95,38.099583,40.880001,2014-08-15,41.150002,40.66,40.849998,KO,23221600
96,37.447192,40.18,2014-08-14,40.189999,39.93,39.93,KO,6902000
97,37.223514,39.939999,2014-08-13,40.099998,39.700001,39.700001,KO,9646500
98,36.981199,39.68,2014-08-12,39.84,39.540001,39.560001,KO,13297500
99,36.87868,39.57,2014-08-11,39.869999,39.52,39.52,KO,14102600
100,36.766843,39.450001,2014-08-08,39.580002,39.259998,39.34,KO,13667000
101,36.673642,39.349998,2014-08-07,40.009998,39.330002,39.959999,KO,14367400
102,37.204874,39.919998,2014-08-06,39.959999,39.130001,39.130001,KO,17567500
103,36.515206,39.18,2014-08-05,39.529999,39.099998,39.34,KO,11639200
104,36.720244,39.400002,2014-08-04,39.459999,39.119999,39.41,KO,11012900
105,36.617725,39.290001,2014-08-01,39.490002,39.060001,39.130001,KO,13566700
106,36.617725,39.290001,2014-07-31,39.73,39.25,39.529999,KO,15434700
107,36.925279,39.619999,2014-07-30,40.50,39.610001,40.450001,KO,20346200
108,37.605628,40.349998,2014-07-29,40.779999,40.349998,40.75,KO,10863600
109,37.913185,40.68,2014-07-28,41.00,40.610001,40.990002,KO,11709100
110,38.21142,41.00,2014-07-25,41.040001,40.810001,40.919998,KO,10809900
111,38.183462,40.970001,2014-07-24,41.099998,40.66,40.970001,KO,14856000
112,38.034344,40.810001,2014-07-23,41.049999,40.630001,40.98,KO,17531700
113,38.388496,41.189999,2014-07-22,41.330002,40.610001,41.099998,KO,24706000
114,39.516202,42.400002,2014-07-21,42.57,42.09,42.119999,KO,17607200
115,39.54416,42.43,2014-07-18,42.470001,42.02,42.139999,KO,19272400
116,39.162046,42.02,2014-07-17,42.150002,41.830002,41.93,KO,9983500
117,39.255243,42.119999,2014-07-16,42.389999,42.02,42.259998,KO,10331400
118,39.236603,42.099998,2014-07-15,42.43,41.950001,42.41,KO,10541900
119,39.497562,42.380001,2014-07-14,42.389999,41.98,41.990002,KO,11857700
120,39.115447,41.970001,2014-07-11,42.25,41.880001,42.119999,KO,9773000
121,39.385721,42.259998,2014-07-10,42.290001,41.549999,41.560001,KO,12564500
122,39.096807,41.950001,2014-07-09,42.16,41.790001,41.93,KO,9891600
123,39.087485,41.939999,2014-07-08,42.25,41.91,41.970001,KO,10090500
124,39.273883,42.139999,2014-07-07,42.200001,41.93,41.959999,KO,8991900
125,39.357762,42.23,2014-07-03,42.32,42.009998,42.259998,KO,7537700
126,39.413683,42.290001,2014-07-02,42.41,42.150002,42.310001,KO,6707000
127,39.413683,42.290001,2014-07-01,42.450001,42.150002,42.389999,KO,11497700
128,39.478921,42.360001,2014-06-30,42.490002,41.82,41.98,KO,14068800
129,39.320482,42.189999,2014-06-27,42.290001,41.91,41.990002,KO,18674400
130,39.171364,42.029999,2014-06-26,42.049999,41.779999,41.91,KO,16903300
131,39.106126,41.959999,2014-06-25,41.98,41.459999,41.599998,KO,17621800
132,39.003607,41.849998,2014-06-24,41.889999,41.470001,41.52,KO,14962800
133,38.891769,41.73,2014-06-23,41.740002,41.330002,41.459999,KO,13099300
134,38.854489,41.689999,2014-06-20,41.880001,41.529999,41.869999,KO,23402600
135,38.94769,41.790001,2014-06-19,41.869999,41.529999,41.540001,KO,13275200
136,38.733333,41.560001,2014-06-18,41.57,40.75,40.790001,KO,18518200
137,38.136859,40.919998,2014-06-17,41.200001,40.610001,41.18,KO,26926600
138,37.894545,40.66,2014-06-16,40.77,40.150002,40.189999,KO,12878200
139,37.624268,40.369999,2014-06-13,40.529999,40.25,40.389999,KO,9194600
140,37.670867,40.419998,2014-06-12,40.68,40.369999,40.41,KO,11583600
141,37.796687,40.860001,2014-06-11,41.060001,40.790001,40.98,KO,9648600
142,37.990942,41.07,2014-06-10,41.150002,40.810001,40.84,KO,9168600
143,37.842938,40.91,2014-06-09,41.09,40.849998,40.849998,KO,7316400
144,37.916942,40.990002,2014-06-06,41.060001,40.84,40.939999,KO,8760600
145,37.824437,40.889999,2014-06-05,41.00,40.630001,40.73,KO,10131700
146,37.731935,40.790001,2014-06-04,40.919998,40.709999,40.91,KO,7864700
147,37.815188,40.880001,2014-06-03,41.00,40.709999,40.720001,KO,10493100
148,37.796687,40.860001,2014-06-02,40.889999,40.68,40.75,KO,7472100
149,37.842938,40.91,2014-05-30,40.919998,40.490002,40.540001,KO,10446100
150,37.611681,40.66,2014-05-29,40.869999,40.599998,40.68,KO,9867100
151,37.53768,40.580002,2014-05-28,40.889999,40.529999,40.700001,KO,7536700
152,37.713434,40.77,2014-05-27,40.82,40.48,40.560001,KO,11282900
153,37.53768,40.580002,2014-05-23,40.700001,40.529999,40.630001,KO,6255200
154,37.53768,40.580002,2014-05-22,40.84,40.529999,40.77,KO,8430400
155,37.805936,40.869999,2014-05-21,40.880001,40.50,40.549999,KO,8607300
156,37.53768,40.580002,2014-05-20,40.93,40.57,40.799999,KO,9639500
157,37.657931,40.709999,2014-05-19,40.73,40.419998,40.599998,KO,7559500
158,37.824437,40.889999,2014-05-16,40.91,40.450001,40.52,KO,13823900
159,37.482177,40.52,2014-05-15,40.959999,40.439999,40.619999,KO,12379200
160,37.824437,40.889999,2014-05-14,41.18,40.830002,41.02,KO,10036100
161,38.027944,41.110001,2014-05-13,41.220001,40.82,40.830002,KO,11579600
162,37.759685,40.82,2014-05-12,40.970001,40.689999,40.880001,KO,8906000
163,37.805936,40.869999,2014-05-09,40.950001,40.709999,40.779999,KO,8516400
164,37.676432,40.73,2014-05-08,40.959999,40.650002,40.849998,KO,8538700
165,37.842938,40.91,2014-05-07,40.970001,40.630001,40.700001,KO,11115600
166,37.454427,40.490002,2014-05-06,40.66,40.450001,40.52,KO,9359900
167,37.704182,40.759998,2014-05-05,40.93,40.549999,40.650002,KO,10163500
168,37.87994,40.950001,2014-05-02,40.959999,40.630001,40.790001,KO,14197000
169,37.722683,40.779999,2014-05-01,40.799999,40.259998,40.790001,KO,15385800
170,37.731935,40.790001,2014-04-30,40.880001,40.59,40.689999,KO,12362000
171,37.528428,40.57,2014-04-29,41.029999,40.52,40.970001,KO,18928400
172,37.95394,41.029999,2014-04-28,41.279999,40.740002,40.82,KO,20736700
173,37.935439,41.009998,2014-04-25,41.009998,40.439999,40.459999,KO,16811400
174,37.648683,40.700001,2014-04-24,40.889999,40.459999,40.700001,KO,11392600
175,37.676432,40.73,2014-04-23,40.810001,40.560001,40.700001,KO,12072500
176,37.657931,40.709999,2014-04-22,40.759998,40.419998,40.580002,KO,17404900
177,37.694933,40.75,2014-04-21,40.759998,40.349998,40.470001,KO,12630900
178,37.667184,40.720001,2014-04-17,40.720001,40.25,40.43,KO,18547100
179,37.546929,40.59,2014-04-16,40.59,40.119999,40.119999,KO,21919900
180,37.167667,40.18,2014-04-15,40.470001,39.50,39.830002,KO,47529200
181,35.826374,38.73,2014-04-14,38.799999,38.400002,38.709999,KO,19389800
182,35.733873,38.630001,2014-04-11,39.220001,38.57,38.830002,KO,18084200
183,35.974379,38.889999,2014-04-10,39.400002,38.82,38.98,KO,21025700
184,36.066884,38.990002,2014-04-09,38.990002,38.700001,38.84,KO,12031400
185,35.983631,38.900002,2014-04-08,38.900002,38.48,38.669998,KO,14769900
186,35.724621,38.619999,2014-04-07,38.889999,38.259998,38.27,KO,17295700
187,35.354611,38.220001,2014-04-04,38.48,38.139999,38.240002,KO,15453600
188,35.215855,38.07,2014-04-03,38.490002,38.040001,38.389999,KO,18114000
189,35.456365,38.330002,2014-04-02,38.540001,38.299999,38.490002,KO,15709100
190,35.530365,38.41,2014-04-01,38.889999,38.310001,38.529999,KO,20515700
191,35.761623,38.66,2014-03-31,39.029999,38.459999,38.990002,KO,24489800
192,36.029882,38.950001,2014-03-28,39.029999,38.82,38.889999,KO,11502100
193,35.909627,38.82,2014-03-27,39.00,38.48,38.509998,KO,13031500
194,35.715372,38.610001,2014-03-26,38.939999,38.610001,38.689999,KO,15835500
195,35.724621,38.619999,2014-03-25,38.799999,38.459999,38.490002,KO,16898900
196,35.521117,38.400002,2014-03-24,38.529999,38.209999,38.48,KO,15693000
197,35.558115,38.439999,2014-03-21,38.830002,38.279999,38.779999,KO,19189100
198,35.567367,38.450001,2014-03-20,38.470001,37.950001,38.110001,KO,13228000
199,35.280607,38.139999,2014-03-19,38.59,38.099998,38.360001,KO,20882200
200,35.521117,38.400002,2014-03-18,38.459999,38.139999,38.27,KO,16880400
201,35.400862,38.27,2014-03-17,38.369999,38.049999,38.169998,KO,19203000
202,35.308357,38.169998,2014-03-14,38.32,37.880001,37.950001,KO,14687200
203,35.123354,37.970001,2014-03-13,38.490002,37.919998,38.450001,KO,18302800
204,35.585868,38.470001,2014-03-12,38.50,38.209999,38.27,KO,15673700
205,35.608991,38.799999,2014-03-11,38.84,38.540001,38.84,KO,13812100
206,35.471329,38.650002,2014-03-10,38.650002,38.439999,38.549999,KO,14540800
207,35.379551,38.549999,2014-03-07,38.610001,38.360001,38.560001,KO,17047600
208,35.306133,38.470001,2014-03-06,38.549999,38.27,38.400002,KO,14700000
209,35.195999,38.349998,2014-03-05,38.450001,38.25,38.419998,KO,14367400
210,35.159292,38.310001,2014-03-04,38.389999,38.23,38.34,KO,20425200
211,34.984915,38.119999,2014-03-03,38.16,37.849998,37.880001,KO,18683400
212,35.058338,38.200001,2014-02-28,38.389999,38.040001,38.080002,KO,15763200
213,34.939028,38.07,2014-02-27,38.110001,37.799999,37.84,KO,18423400
214,34.755476,37.869999,2014-02-26,37.939999,37.720001,37.900002,KO,18195100
215,34.663702,37.77,2014-02-25,37.939999,37.50,37.630001,KO,22845500
216,34.415907,37.50,2014-02-24,37.599998,37.220001,37.299999,KO,24223500
217,34.122225,37.18,2014-02-21,37.619999,37.139999,37.59,KO,19419800
218,34.232354,37.299999,2014-02-20,37.52,36.889999,37.060001,KO,22639900
219,34.048802,37.099998,2014-02-19,37.599998,37.049999,37.50,KO,26645100
220,34.388375,37.470001,2014-02-18,38.110001,37.259998,37.98,KO,46098500
221,35.7283,38.93,2014-02-14,39.02,38.27,38.599998,KO,16030100
222,35.471329,38.650002,2014-02-13,38.759998,38.130001,38.130001,KO,10435600
223,35.34284,38.509998,2014-02-12,38.919998,38.400002,38.849998,KO,10633400
224,35.46215,38.639999,2014-02-11,38.779999,38.509998,38.669998,KO,15361300
225,35.397907,38.57,2014-02-10,38.619999,37.84,38.07,KO,20877200
226,34.828898,37.950001,2014-02-07,38.349998,37.869999,38.169998,KO,20389000
227,34.902317,38.029999,2014-02-06,38.939999,37.919998,38.759998,KO,22661500
228,34.516861,37.610001,2014-02-05,37.720001,37.380001,37.490002,KO,13665200
229,34.397551,37.48,2014-02-04,37.549999,37.209999,37.439999,KO,17759700
230,34.14058,37.200001,2014-02-03,38.02,37.099998,38.02,KO,23164900
231,34.709589,37.82,2014-01-31,38.16,37.720001,37.950001,KO,16185000
232,35.030803,38.169998,2014-01-30,38.41,38.00,38.00,KO,13662000
233,34.783011,37.900002,2014-01-29,38.57,37.82,38.57,KO,23776100
234,35.673233,38.869999,2014-01-28,39.080002,38.619999,38.77,KO,8915500
235,35.544748,38.73,2014-01-27,38.98,38.709999,38.82,KO,14601900
236,35.645702,38.84,2014-01-24,39.25,38.82,39.080002,KO,16507500
237,36.012806,39.240002,2014-01-23,39.639999,39.119999,39.610001,KO,14828100
238,36.618526,39.900002,2014-01-22,40.09,39.75,39.990002,KO,9841700
239,36.636878,39.919998,2014-01-21,39.919998,39.529999,39.639999,KO,17579000
240,36.049514,39.279999,2014-01-17,39.75,39.279999,39.720001,KO,13992700
241,36.44415,39.709999,2014-01-16,39.82,39.580002,39.779999,KO,11063100
242,36.490037,39.759998,2014-01-15,39.939999,39.580002,39.830002,KO,12844900
243,36.425794,39.689999,2014-01-14,39.919998,39.580002,39.639999,KO,12801100
244,36.278953,39.529999,2014-01-13,40.130001,39.50,40.00,KO,14091900
245,36.82961,40.130001,2014-01-10,40.290001,39.900002,39.959999,KO,13290000
246,36.462505,39.73,2014-01-09,40.00,39.52,39.950001,KO,14070200
247,36.655234,39.939999,2014-01-08,40.439999,39.830002,40.439999,KO,15339600
248,37.068225,40.389999,2014-01-07,40.720001,40.290001,40.48,KO,11872300
249,36.958095,40.27,2014-01-06,40.59,40.16,40.48,KO,11036300
250,37.132468,40.459999,2014-01-03,40.73,40.349998,40.68,KO,10403400
251,37.31602,40.66,2014-01-02,41.23,40.509998,41.119999,KO,12698600
252,37.912564,41.310001,2013-12-31,41.389999,40.98,41.130001,KO,11729200
253,37.710656,41.09,2013-12-30,41.139999,40.759998,40.77,KO,10927500
254,37.31602,40.66,2013-12-27,40.790001,40.529999,40.689999,KO,6762200
255,37.160003,40.490002,2013-12-26,40.540001,40.139999,40.220001,KO,8588300
256,36.884673,40.189999,2013-12-24,40.310001,40.099998,40.169998,KO,4783800
257,36.857142,40.16,2013-12-23,40.240002,39.869999,40.099998,KO,10943200
258,36.747012,40.040001,2013-12-20,40.189999,39.849998,39.919998,KO,22237200
259,36.581815,39.860001,2013-12-19,40.099998,39.560001,39.970001,KO,14791800
260,36.728656,40.02,2013-12-18,40.080002,39.00,39.259998,KO,23884500
261,35.884317,39.099998,2013-12-17,39.25,38.869999,39.119999,KO,17655700
262,36.040338,39.27,2013-12-16,39.57,39.200001,39.459999,KO,14562100
263,36.003627,39.23,2013-12-13,39.639999,39.209999,39.470001,KO,14037400
264,35.985271,39.209999,2013-12-12,40.209999,39.18,39.990002,KO,19817700
265,36.82961,40.130001,2013-12-11,40.34,39.889999,39.950001,KO,14963500
266,36.572635,39.849998,2013-12-10,40.290001,39.75,40.259998,KO,15967800
267,37.077405,40.400002,2013-12-09,40.50,40.200001,40.400002,KO,12237100
268,37.132468,40.459999,2013-12-06,40.50,40.049999,40.049999,KO,12557100
269,36.554283,39.830002,2013-12-05,40.400002,39.799999,40.279999,KO,18171200
270,37.04987,40.369999,2013-12-04,40.470001,39.939999,40.200001,KO,13196100
271,37.031514,40.349998,2013-12-03,40.389999,40.009998,40.049999,KO,16592300
272,36.783723,40.080002,2013-12-02,40.200001,39.75,40.099998,KO,16738800
273,36.884673,40.189999,2013-11-29,40.48,40.110001,40.27,KO,8641100
274,36.884673,40.189999,2013-11-27,40.380001,39.689999,40.09,KO,9909100
275,36.682769,40.25,2013-11-26,40.599998,40.240002,40.490002,KO,14240400
276,36.792133,40.369999,2013-11-25,40.880001,40.330002,40.48,KO,14059100
277,36.846816,40.43,2013-11-22,40.459999,40.09,40.34,KO,26396500
278,36.846816,40.43,2013-11-21,40.490002,40.099998,40.200001,KO,26364300
279,36.509609,40.060001,2013-11-20,40.450001,39.939999,40.049999,KO,14422500
280,36.582517,40.139999,2013-11-19,40.23,39.919998,40.139999,KO,11014800
281,36.609857,40.169998,2013-11-18,40.240002,40.00,40.240002,KO,9553900
282,36.655429,40.220001,2013-11-15,40.32,39.959999,40.16,KO,12021500
283,36.646313,40.209999,2013-11-14,40.439999,40.029999,40.09,KO,10887200
284,36.564289,40.119999,2013-11-13,40.119999,39.650002,39.82,KO,11770500
285,36.345562,39.880001,2013-11-12,39.990002,39.619999,39.91,KO,10509200
286,36.336446,39.869999,2013-11-11,40.049999,39.77,40.009998,KO,9567800
287,36.500493,40.049999,2013-11-08,40.049999,39.490002,39.740002,KO,11903600
288,36.299994,39.830002,2013-11-07,40.25,39.759998,40.080002,KO,16233200
289,36.500493,40.049999,2013-11-06,40.220001,39.419998,39.619999,KO,17198000
290,35.999239,39.50,2013-11-05,39.639999,39.220001,39.360001,KO,10575000
291,36.008351,39.509998,2013-11-04,39.810001,39.299999,39.709999,KO,10252100
292,36.099491,39.610001,2013-11-01,39.720001,39.330002,39.57,KO,12430400
293,36.063035,39.57,2013-10-31,39.860001,39.509998,39.509998,KO,14853500
294,36.108603,39.619999,2013-10-30,39.889999,39.509998,39.880001,KO,12360000
295,36.27265,39.799999,2013-10-29,39.959999,39.349998,39.57,KO,14199600
296,36.099491,39.610001,2013-10-28,39.740002,38.990002,39.02,KO,16552100
297,35.570892,39.029999,2013-10-25,39.130001,38.630001,38.84,KO,14383400
298,35.361277,38.799999,2013-10-24,39.369999,38.759998,39.150002,KO,17143800
299,35.625576,39.09,2013-10-23,39.25,38.799999,39.080002,KO,12591800
300,35.625576,39.09,2013-10-22,39.25,38.689999,38.860001,KO,17110200
301,35.379505,38.82,2013-10-21,38.950001,38.599998,38.950001,KO,12977500
302,35.343049,38.779999,2013-10-18,38.779999,38.419998,38.580002,KO,18896600
303,35.133434,38.549999,2013-10-17,38.560001,38.009998,38.060001,KO,15900200
304,34.632179,38.00,2013-10-16,38.240002,37.779999,38.009998,KO,17995100
305,34.322312,37.66,2013-10-15,38.369999,37.599998,38.18,KO,21676600
306,34.550156,37.91,2013-10-14,37.950001,37.509998,37.560001,KO,14202900
307,34.422564,37.77,2013-10-11,37.919998,37.52,37.919998,KO,14266900
308,34.431676,37.779999,2013-10-10,37.860001,37.450001,37.77,KO,17174400
309,33.793718,37.080002,2013-10-09,37.419998,37.009998,37.380001,KO,18998900
310,33.975989,37.279999,2013-10-08,37.41,36.900002,37.099998,KO,20471300
311,33.766374,37.049999,2013-10-07,37.380001,36.830002,37.080002,KO,16708600
312,33.903081,37.200001,2013-10-04,37.27,36.91,37.25,KO,17217500
313,33.866626,37.16,2013-10-03,37.459999,37.130001,37.459999,KO,14437900
314,34.112697,37.43,2013-10-02,37.810001,37.209999,37.810001,KO,25664200
315,34.586611,37.950001,2013-10-01,38.09,37.619999,38.00,KO,13196000
316,34.522815,37.880001,2013-09-30,38.299999,37.75,38.189999,KO,18101500
317,34.99673,38.400002,2013-09-27,38.580002,38.150002,38.57,KO,12609600
318,35.306597,38.740002,2013-09-26,38.740002,38.389999,38.490002,KO,10941100
319,34.932934,38.330002,2013-09-25,38.68,38.299999,38.650002,KO,11446100
320,35.115206,38.529999,2013-09-24,38.869999,38.52,38.720001,KO,15083300
321,35.206345,38.630001,2013-09-23,39.189999,38.439999,39.16,KO,19016200
322,35.908103,39.400002,2013-09-20,39.400002,38.779999,39.330002,KO,30675300
323,35.826079,39.310001,2013-09-19,39.669998,39.150002,39.639999,KO,14251700
324,36.081263,39.59,2013-09-18,39.599998,38.580002,38.810001,KO,18030500
325,35.352165,38.790001,2013-09-17,39.09,38.790001,38.810001,KO,12881700
326,35.415961,38.860001,2013-09-16,39.200001,38.740002,39.029999,KO,13351500
327,35.261025,38.689999,2013-09-13,38.740002,38.419998,38.560001,KO,11623600
328,35.033182,38.439999,2013-09-12,38.610001,38.279999,38.59,KO,12114100
329,35.087865,38.779999,2013-09-11,38.779999,38.529999,38.68,KO,11996500
330,34.952149,38.630001,2013-09-10,38.779999,38.509998,38.77,KO,11757300
331,34.852621,38.52,2013-09-09,38.549999,38.27,38.52,KO,10605500
332,34.698804,38.349998,2013-09-06,38.619999,38.099998,38.380001,KO,13976900
333,34.59928,38.240002,2013-09-05,38.689999,38.060001,38.630001,KO,14290500
334,34.870717,38.540001,2013-09-04,38.73,37.810001,37.880001,KO,19138600
335,34.29165,37.900002,2013-09-03,38.400002,37.799999,38.27,KO,19068500
336,34.544991,38.18,2013-08-30,38.279999,38.00,38.16,KO,14296600
337,34.472606,38.099998,2013-08-29,38.470001,38.099998,38.470001,KO,14215700
338,34.698804,38.349998,2013-08-28,38.529999,38.049999,38.060001,KO,19245200
339,34.517848,38.150002,2013-08-27,38.240002,37.799999,37.98,KO,16742500
340,34.490702,38.119999,2013-08-26,38.599998,38.110001,38.599998,KO,12740600
341,34.852621,38.52,2013-08-23,38.610001,38.369999,38.610001,KO,11302800
342,34.662615,38.310001,2013-08-22,38.52,38.099998,38.32,KO,10307900
343,34.635469,38.279999,2013-08-21,38.700001,38.25,38.630001,KO,15799000
344,34.970245,38.650002,2013-08-20,39.139999,38.650002,38.849998,KO,10238200
345,35.087865,38.779999,2013-08-19,39.09,38.689999,39.049999,KO,11913000
346,35.33216,39.049999,2013-08-16,39.18,38.709999,39.029999,KO,20565200
347,35.368352,39.09,2013-08-15,39.400002,39.02,39.299999,KO,14227800
348,35.76646,39.529999,2013-08-14,39.68,39.349998,39.59,KO,13787100
349,35.875038,39.650002,2013-08-13,40.049999,39.50,39.93,KO,13548700
350,36.037901,39.830002,2013-08-12,40.099998,39.709999,40.040001,KO,13970000
351,36.336481,40.16,2013-08-09,40.32,40.049999,40.25,KO,9021600
352,36.372673,40.200001,2013-08-08,40.360001,40.02,40.299999,KO,9481100
353,36.327434,40.150002,2013-08-07,40.330002,40.060001,40.310001,KO,9301800
354,36.526486,40.369999,2013-08-06,40.43,40.060001,40.23,KO,8645600
355,36.454105,40.290001,2013-08-05,40.470001,40.18,40.18,KO,9933200
356,36.390769,40.220001,2013-08-02,40.41,39.91,40.029999,KO,25516600
357,36.707445,40.57,2013-08-01,40.75,40.400002,40.400002,KO,12001100
358,36.264099,40.080002,2013-07-31,40.580002,40.060001,40.41,KO,13557100
359,36.481247,40.32,2013-07-30,40.73,40.25,40.419998,KO,10769400
360,36.445055,40.279999,2013-07-29,40.68,40.259998,40.610001,KO,10132000
361,36.770781,40.639999,2013-07-26,40.650002,40.009998,40.650002,KO,12279600
362,36.95174,40.84,2013-07-25,40.880001,40.48,40.810001,KO,9147300
363,36.969836,40.860001,2013-07-24,41.130001,40.75,41.119999,KO,10511000
364,37.060314,40.959999,2013-07-23,41.130001,40.790001,40.950001,KO,9400900
365,36.95174,40.84,2013-07-22,41.139999,40.759998,41.080002,KO,9425100
366,37.177938,41.09,2013-07-19,41.099998,40.790001,40.880001,KO,11401100
367,36.924597,40.810001,2013-07-18,41.07,40.740002,40.860001,KO,9708800
368,36.95174,40.84,2013-07-17,40.98,40.310001,40.549999,KO,18513100
369,36.399816,40.23,2013-07-16,40.50,39.50,39.779999,KO,33575600
370,37.105553,41.009998,2013-07-15,41.25,40.93,41.049999,KO,11418400
371,37.123649,41.029999,2013-07-12,41.130001,40.73,41.029999,KO,10686400
372,37.123649,41.029999,2013-07-11,41.150002,40.740002,41.00,KO,13489600
373,36.806973,40.68,2013-07-10,40.959999,40.529999,40.919998,KO,9539300
374,36.942694,40.830002,2013-07-09,41.07,40.720001,40.860001,KO,8760500
375,36.680303,40.540001,2013-07-08,40.759998,40.419998,40.650002,KO,9936300
376,36.662207,40.52,2013-07-05,40.799999,40.150002,40.720001,KO,10402200
377,36.635064,40.490002,2013-07-03,40.560001,40.029999,40.240002,KO,5264800
378,36.526486,40.369999,2013-07-02,40.740002,40.18,40.470001,KO,12248300
379,36.607918,40.459999,2013-07-01,40.919998,40.360001,40.50,KO,10754300
380,36.291242,40.110001,2013-06-28,40.439999,40.099998,40.25,KO,16316000
381,36.426958,40.259998,2013-06-27,40.880001,40.240002,40.650002,KO,11459100
382,36.490297,40.330002,2013-06-26,40.48,40.060001,40.080002,KO,13855600
383,35.938373,39.720001,2013-06-25,39.93,39.439999,39.82,KO,12942100
384,35.76646,39.529999,2013-06-24,40.009998,39.130001,39.450001,KO,16433700
385,35.974562,39.759998,2013-06-21,39.970001,39.299999,39.630001,KO,21938300
386,35.404545,39.130001,2013-06-20,40.349998,38.970001,40.27,KO,24899700
387,36.562679,40.41,2013-06-19,41.439999,40.41,41.009998,KO,16936100
388,37.033171,40.93,2013-06-18,40.990002,40.57,40.700001,KO,9893100
389,36.806973,40.68,2013-06-17,40.91,40.400002,40.540001,KO,12409200
390,36.499344,40.34,2013-06-14,40.790001,40.259998,40.380001,KO,13635100
391,36.562679,40.41,2013-06-13,40.48,39.68,40.310001,KO,17861200
392,36.544582,40.389999,2013-06-12,40.939999,40.279999,40.790001,KO,11611100
393,36.653157,40.790001,2013-06-11,40.98,40.400002,40.880001,KO,16491600
394,37.003604,41.18,2013-06-10,41.52,41.040001,41.50,KO,11247400
395,37.210277,41.41,2013-06-07,41.73,40.98,41.200001,KO,14459600
396,36.653157,40.790001,2013-06-06,40.790001,40.310001,40.549999,KO,11171600
397,36.527357,40.650002,2013-06-05,41.400002,40.599998,41.400002,KO,16429300
398,37.219262,41.419998,2013-06-04,41.720001,40.950001,41.59,KO,19241000
399,36.671129,40.810001,2013-06-03,40.84,39.630001,39.950001,KO,16577200
400,35.934293,39.990002,2013-05-31,40.77,39.990002,40.650002,KO,26184400
401,36.635185,40.77,2013-05-30,41.599998,40.75,41.490002,KO,20874500
402,37.201293,41.400002,2013-05-29,42.43,41.310001,42.34,KO,16986600
403,38.23466,42.549999,2013-05-28,43.049999,42.400002,42.599998,KO,14412100
404,37.956102,42.240002,2013-05-24,42.369999,41.50,41.540001,KO,11542100
405,37.67754,41.93,2013-05-23,42.07,41.560001,41.93,KO,10934200
406,37.965086,42.25,2013-05-22,42.860001,42.040001,42.279999,KO,13615600
407,38.045959,42.34,2013-05-21,42.560001,42.07,42.48,KO,9148800
408,38.081903,42.380001,2013-05-20,42.950001,42.299999,42.950001,KO,9966000
409,38.612066,42.970001,2013-05-17,43.130001,42.560001,43.049999,KO,12611200
410,38.719895,43.09,2013-05-16,43.43,42.790001,42.91,KO,12330000
411,38.567134,42.919998,2013-05-15,43.099998,42.389999,42.50,KO,12306200
412,38.207704,42.52,2013-05-14,42.669998,42.009998,42.18,KO,13023900
413,37.91117,42.189999,2013-05-13,42.439999,42.00,42.139999,KO,9291000
414,37.875229,42.150002,2013-05-10,42.240002,41.849998,42.110001,KO,9927000
415,37.84827,42.119999,2013-05-09,42.560001,42.00,42.509998,KO,10113700
416,38.153788,42.459999,2013-05-08,42.68,42.16,42.540001,KO,12636300
417,38.369449,42.700001,2013-05-07,42.709999,42.150002,42.209999,KO,13785300
418,37.812329,42.080002,2013-05-06,42.290001,41.869999,42.290001,KO,9356100
419,37.956102,42.240002,2013-05-03,42.419998,41.959999,42.169998,KO,11757800
420,37.704497,41.959999,2013-05-02,42.16,41.490002,41.66,KO,18709600
421,37.929142,42.209999,2013-05-01,42.560001,42.139999,42.150002,KO,8710600
422,38.036974,42.330002,2013-04-30,42.389999,41.880001,42.150002,KO,13432200
423,37.956102,42.240002,2013-04-29,42.290001,41.919998,42.240002,KO,11311100
424,37.830298,42.099998,2013-04-26,42.43,42.09,42.18,KO,15159800
425,38.054943,42.349998,2013-04-25,42.540001,42.080002,42.259998,KO,10197100
426,37.875229,42.150002,2013-04-24,42.900002,42.099998,42.639999,KO,11368200
427,38.369449,42.700001,2013-04-23,42.959999,42.259998,42.779999,KO,11216200
428,38.387421,42.720001,2013-04-22,42.849998,42.400002,42.52,KO,10544100
429,38.333505,42.66,2013-04-19,42.77,42.200001,42.279999,KO,13875800
430,37.830298,42.099998,2013-04-18,42.650002,42.09,42.48,KO,16034200
431,38.23466,42.549999,2013-04-17,42.700001,42.029999,42.139999,KO,24208000
432,38.072915,42.369999,2013-04-16,42.48,41.25,41.400002,KO,32135700
433,36.024149,40.09,2013-04-15,40.990002,40.049999,40.849998,KO,16050600
434,36.913747,41.080002,2013-04-12,41.110001,40.68,40.91,KO,10394700
435,37.003604,41.18,2013-04-11,41.41,41.060001,41.130001,KO,10962500
436,36.904759,41.07,2013-04-10,41.169998,40.709999,40.779999,KO,9703700
437,36.581269,40.709999,2013-04-09,41.130001,40.509998,40.810001,KO,21056100
438,36.716058,40.860001,2013-04-08,40.869999,39.77,40.060001,KO,22757900
439,36.015165,40.080002,2013-04-05,40.360001,40.009998,40.209999,KO,10729500
440,36.428512,40.540001,2013-04-04,40.59,40.200001,40.27,KO,11435900
441,36.096034,40.169998,2013-04-03,40.82,40.080002,40.779999,KO,13639200
442,36.590257,40.720001,2013-04-02,40.900002,40.419998,40.43,KO,13359200
443,36.347639,40.450001,2013-04-01,40.490002,40.169998,40.389999,KO,8200500
444,36.338652,40.439999,2013-03-28,40.599998,40.02,40.380001,KO,14227200
445,36.140966,40.220001,2013-03-27,40.540001,40.060001,40.450001,KO,14559900
446,36.563297,40.689999,2013-03-26,40.700001,40.130001,40.130001,KO,13666500
447,36.051106,40.119999,2013-03-25,40.25,39.959999,40.110001,KO,15718400
448,35.979221,40.040001,2013-03-22,40.279999,39.889999,39.98,KO,16128500
449,36.006177,40.07,2013-03-21,40.43,39.759998,39.849998,KO,23063600
450,35.82646,39.869999,2013-03-20,39.919998,39.360001,39.400002,KO,19271900
451,35.341229,39.330002,2013-03-19,39.400002,38.82,38.919998,KO,15192000
452,34.829034,38.759998,2013-03-18,38.939999,38.57,38.610001,KO,11479900
453,34.891938,38.830002,2013-03-15,38.939999,38.66,38.82,KO,20781900
454,35.062667,39.02,2013-03-14,39.119999,38.66,38.82,KO,14572500
455,34.676277,38.59,2013-03-13,38.869999,38.549999,38.82,KO,14358300
456,34.757148,38.959999,2013-03-12,39.310001,38.799999,39.279999,KO,11375900
457,35.069393,39.310001,2013-03-11,39.380001,39.18,39.200001,KO,9200400
458,34.989102,39.220001,2013-03-08,39.419998,39.029999,39.169998,KO,11183600
459,34.899887,39.119999,2013-03-07,39.189999,38.84,39.040001,KO,15094900
460,34.810676,39.02,2013-03-06,39.040001,38.700001,38.799999,KO,11653900
461,34.507354,38.68,2013-03-05,39.00,38.560001,38.98,KO,13240700
462,34.632251,38.82,2013-03-04,38.82,38.450001,38.599998,KO,9934300
463,34.525197,38.700001,2013-03-01,38.790001,38.490002,38.490002,KO,13724500
464,34.54304,38.720001,2013-02-28,38.970001,38.419998,38.470001,KO,19005500
465,34.302166,38.450001,2013-02-27,38.540001,37.919998,38.029999,KO,14271100
466,33.998844,38.110001,2013-02-26,38.189999,37.779999,37.950001,KO,15770000
467,33.650916,37.720001,2013-02-25,38.720001,37.720001,38.560001,KO,15874600
468,34.364614,38.52,2013-02-22,38.52,37.709999,37.759998,KO,20102800
469,33.641993,37.709999,2013-02-21,37.790001,37.43,37.619999,KO,14135100
470,33.659836,37.73,2013-02-20,37.880001,37.41,37.700001,KO,12949300
471,33.606307,37.669998,2013-02-19,37.77,37.459999,37.509998,KO,14850600
472,33.383276,37.419998,2013-02-15,37.419998,36.540001,36.939999,KO,25204300
473,32.865846,36.84,2013-02-14,37.509998,36.700001,37.240002,KO,22748600
474,33.195931,37.209999,2013-02-13,37.939999,37.009998,37.669998,KO,19943800
475,33.508176,37.560001,2013-02-12,38.16,37.279999,38.110001,KO,30700500
476,34.444906,38.610001,2013-02-11,38.830002,38.41,38.709999,KO,12159900
477,34.587645,38.77,2013-02-08,38.939999,38.599998,38.849998,KO,12308000
478,34.712542,38.91,2013-02-07,39.060001,38.349998,38.419998,KO,18805300
479,34.177269,38.310001,2013-02-06,38.43,38.00,38.130001,KO,16823700
480,34.025606,38.139999,2013-02-05,38.16,37.560001,37.560001,KO,17897300
481,33.320828,37.349998,2013-02-04,37.580002,37.299999,37.48,KO,9456300
482,33.490333,37.540001,2013-02-01,37.709999,37.369999,37.540001,KO,11932600
483,33.222697,37.240002,2013-01-31,37.529999,37.110001,37.529999,KO,12969100
484,33.454648,37.50,2013-01-30,37.610001,37.32,37.400002,KO,13219400
485,33.383276,37.419998,2013-01-29,37.57,36.860001,36.880001,KO,17705800
486,33.017505,37.009998,2013-01-28,37.110001,36.860001,37.07,KO,13386500
487,33.053191,37.049999,2013-01-25,37.25,36.91,37.18,KO,14040700
488,33.10672,37.110001,2013-01-24,37.25,37.00,37.200001,KO,13258900
489,33.124563,37.130001,2013-01-23,37.259998,37.040001,37.080002,KO,13570200
490,33.124563,37.130001,2013-01-22,37.740002,37.049999,37.740002,KO,21249400
491,33.633073,37.700001,2013-01-18,37.709999,37.310001,37.490002,KO,14056100
492,33.463567,37.509998,2013-01-17,37.66,37.330002,37.43,KO,12121800
493,33.294065,37.32,2013-01-16,37.419998,37.119999,37.209999,KO,9168000
494,33.294065,37.32,2013-01-15,37.43,36.799999,36.990002,KO,12721600
495,32.999666,36.990002,2013-01-14,37.110001,36.799999,36.950001,KO,11001500
496,32.928294,36.91,2013-01-11,36.939999,36.52,36.84,KO,15644800
497,32.9729,36.959999,2013-01-10,37.169998,36.759998,37.119999,KO,15603700
498,33.035348,37.029999,2013-01-09,37.200001,36.830002,37.200001,KO,10563700
499,33.044271,37.040001,2013-01-08,37.279999,36.91,37.189999,KO,14324300
500,33.276222,37.299999,2013-01-07,37.52,37.099998,37.52,KO,14610200
501,33.597387,37.66,2013-01-04,37.869999,37.52,37.650002,KO,15311300
502,33.543859,37.599998,2013-01-03,37.599998,37.110001,37.450001,KO,16357900
503,33.543859,37.599998,2013-01-02,37.599998,36.66,36.990002,KO,21872400
