,Adj_Close,Close,Date,High,Low,Open,Symbol,Volume
0,44.96266,45.330002,2016-06-30,45.330002,44.490002,44.52,KO,16056500
1,44.079869,44.439999,2016-06-29,44.709999,44.240002,44.389999,KO,12250900
2,43.821978,44.18,2016-06-28,44.189999,43.669998,44.060001,KO,16509800
3,43.425218,43.779999,2016-06-27,43.889999,43.32,43.669998,KO,15779500
4,43.574004,43.93,2016-06-24,44.560001,43.82,44.200001,KO,26003700
5,44.714686,45.080002,2016-06-23,45.169998,44.84,45.029999,KO,9655300
6,44.496467,44.860001,2016-06-22,45.330002,44.810001,45.25,KO,10738900
7,44.76428,45.130001,2016-06-21,45.279999,45.00,45.16,KO,7919400
8,44.615494,44.98,2016-06-20,45.310001,44.959999,45.09,KO,10712400
9,44.427035,44.790001,2016-06-17,45.220001,44.380001,45.169998,KO,20805400
10,44.942821,45.310001,2016-06-16,45.34,44.720001,44.869999,KO,11305400
11,44.64525,45.009998,2016-06-15,45.34,44.880001,45.119999,KO,8360400
12,44.675009,45.040001,2016-06-14,45.130001,44.439999,44.849998,KO,11298200
13,44.754359,45.119999,2016-06-13,45.669998,45.09,45.48,KO,10613500
14,45.270147,45.990002,2016-06-10,46.009998,45.560001,45.619999,KO,12357000
15,45.043744,45.759998,2016-06-09,45.799999,45.310001,45.330002,KO,8042900
16,44.837032,45.549999,2016-06-08,45.66,45.189999,45.240002,KO,7915400
17,44.610632,45.32,2016-06-07,45.48,45.200001,45.349998,KO,9812600
18,44.659849,45.369999,2016-06-06,45.48,45.080002,45.09,KO,10310600
19,44.335016,45.040001,2016-06-03,45.049999,44.68,44.75,KO,13434900
20,44.020025,44.720001,2016-06-02,44.720001,44.50,44.700001,KO,6693900
21,44.000338,44.700001,2016-06-01,44.779999,44.490002,44.599998,KO,8916000
22,43.901901,44.599998,2016-05-31,44.98,44.259998,44.98,KO,18935200
23,44.079084,44.779999,2016-05-27,44.959999,44.650002,44.709999,KO,7893900
24,43.990492,44.689999,2016-05-26,44.77,44.439999,44.529999,KO,8695800
25,43.685347,44.380001,2016-05-25,44.630001,44.25,44.509998,KO,9218100
26,43.675501,44.369999,2016-05-24,44.419998,44.00,44.099998,KO,12634200
27,43.281764,43.970001,2016-05-23,44.16,43.939999,44.07,KO,13554700
28,43.262077,43.950001,2016-05-20,44.540001,43.939999,44.509998,KO,12914100
29,43.626285,44.32,2016-05-19,44.389999,44.040001,44.25,KO,10659500
30,43.78378,44.48,2016-05-18,44.830002,44.23,44.560001,KO,12524300
31,44.049554,44.75,2016-05-17,45.560001,44.709999,45.450001,KO,17457000
32,44.905936,45.619999,2016-05-16,45.73,45.139999,45.16,KO,9413600
33,44.640161,45.349998,2016-05-13,45.830002,45.23,45.75,KO,10341200
34,45.112651,45.830002,2016-05-12,45.900002,45.490002,45.549999,KO,10463400
35,44.74844,45.459999,2016-05-11,45.880001,45.450001,45.73,KO,8833100
36,45.033902,45.75,2016-05-10,45.84,45.419998,45.439999,KO,8933500
37,44.531886,45.240002,2016-05-09,45.50,45.169998,45.32,KO,8110600
38,44.610632,45.32,2016-05-06,45.41,44.919998,45.060001,KO,8564000
39,44.354703,45.060001,2016-05-05,45.490002,44.869999,44.93,KO,8801100
40,44.275954,44.98,2016-05-04,45.110001,44.509998,44.720001,KO,9350500
41,44.138146,44.84,2016-05-03,45.07,44.650002,44.869999,KO,10420500
42,44.275954,44.98,2016-05-02,45.189999,44.57,44.57,KO,12577500
43,44.098771,44.799999,2016-04-29,44.860001,44.50,44.529999,KO,11716000
44,43.931434,44.630001,2016-04-28,44.900002,44.459999,44.50,KO,10932500
45,43.98065,44.68,2016-04-27,44.860001,44.25,44.639999,KO,11335500
46,43.832997,44.529999,2016-04-26,44.959999,44.43,44.919998,KO,13935500
47,44.010179,44.709999,2016-04-25,44.720001,44.380001,44.50,KO,11173800
48,43.842842,44.540001,2016-04-22,44.66,43.790001,43.790001,KO,25134200
49,42.976615,43.66,2016-04-21,44.279999,42.869999,44.259998,KO,37206900
50,43.675501,44.369999,2016-04-20,45.380001,44.060001,45.34,KO,40360300
51,45.870596,46.599998,2016-04-19,46.619999,46.150002,46.310001,KO,14418300
52,45.496546,46.220001,2016-04-18,46.279999,45.82,46.099998,KO,11538100
53,45.378422,46.099998,2016-04-15,46.16,45.68,45.82,KO,13647800
54,45.112651,45.830002,2016-04-14,46.220001,45.75,46.060001,KO,12982200
55,45.319364,46.040001,2016-04-13,46.779999,45.82,46.77,KO,13234100
56,45.919816,46.650002,2016-04-12,46.759998,46.349998,46.41,KO,11219100
57,45.7131,46.439999,2016-04-11,47.130001,46.41,46.900002,KO,11880100
58,46.13637,46.869999,2016-04-08,46.98,46.439999,46.439999,KO,11959300
59,45.634354,46.360001,2016-04-07,46.580002,46.16,46.50,KO,9292000
60,45.978875,46.709999,2016-04-06,46.73,46.380001,46.57,KO,9122700
61,45.801692,46.529999,2016-04-05,46.810001,46.439999,46.619999,KO,10696700
62,46.156058,46.889999,2016-04-04,46.93,46.50,46.84,KO,10629800
63,46.096999,46.830002,2016-04-01,46.869999,46.110001,46.139999,KO,14922900
64,45.663884,46.389999,2016-03-31,46.880001,46.32,46.549999,KO,15544500
65,45.850912,46.580002,2016-03-30,46.73,46.330002,46.630001,KO,14312200
66,45.752475,46.48,2016-03-29,46.509998,45.810001,45.860001,KO,25010400
67,45.083118,45.799999,2016-03-28,45.93,45.509998,45.560001,KO,13306600
68,44.866565,45.580002,2016-03-24,45.599998,45.189999,45.450001,KO,10890200
69,44.74844,45.459999,2016-03-23,45.709999,45.349998,45.400002,KO,9292100
70,44.787815,45.50,2016-03-22,45.73,45.389999,45.549999,KO,13788300
71,44.955152,45.669998,2016-03-21,45.869999,45.360001,45.419998,KO,9740400
72,44.886248,45.599998,2016-03-18,45.869999,45.389999,45.84,KO,23853400
73,45.053589,45.77,2016-03-17,45.91,44.970001,45.049999,KO,24080000
74,44.344858,45.049999,2016-03-16,45.169998,44.549999,45.049999,KO,15386100
75,44.531886,45.240002,2016-03-15,45.560001,45.07,45.080002,KO,13686300
76,44.581103,45.290001,2016-03-14,45.419998,45.040001,45.040001,KO,13206700
77,44.492511,45.200001,2016-03-11,45.25,44.93,45.00,KO,16129300
78,44.177519,45.23,2016-03-10,45.259998,44.68,44.84,KO,28908600
79,43.767294,44.810001,2016-03-09,44.830002,44.290001,44.389999,KO,18466600
80,43.288694,44.32,2016-03-08,44.470001,43.810001,43.919998,KO,18900200
81,42.985906,44.009998,2016-03-07,44.139999,43.860001,43.91,KO,10695300
82,43.083581,44.110001,2016-03-04,44.150002,43.68,43.779999,KO,13691500
83,42.93707,43.959999,2016-03-03,43.98,43.540001,43.610001,KO,13134800
84,42.751493,43.77,2016-03-02,43.77,43.419998,43.470001,KO,12856300
85,42.673353,43.689999,2016-03-01,43.689999,43.169998,43.380001,KO,12358300
86,42.126386,43.130001,2016-02-29,43.610001,42.919998,43.169998,KO,15049800
87,42.136152,43.139999,2016-02-26,44.060001,43.110001,44.040001,KO,18421000
88,43.132417,44.16,2016-02-25,44.18,43.869999,43.959999,KO,10903300
89,42.888235,43.91,2016-02-24,43.939999,43.369999,43.560001,KO,10844200
90,42.673353,43.689999,2016-02-23,44.049999,43.66,43.740002,KO,11166400
91,42.917535,43.939999,2016-02-22,44.16,43.630001,43.77,KO,20716100
92,42.751493,43.77,2016-02-19,43.77,43.279999,43.580002,KO,12850000
93,42.595216,43.610001,2016-02-18,43.73,43.299999,43.630001,KO,11170300
94,42.47801,43.490002,2016-02-17,43.619999,43.279999,43.419998,KO,12332500
95,42.351034,43.360001,2016-02-16,43.459999,43.02,43.32,KO,12675900
96,42.106851,43.110001,2016-02-12,43.139999,42.560001,42.720001,KO,15222400
97,41.423139,42.41,2016-02-11,42.610001,41.98,42.029999,KO,16825300
98,41.559881,42.549999,2016-02-10,43.389999,42.509998,43.34,KO,16729600
99,42.292428,43.299999,2016-02-09,43.490002,42.259998,42.259998,KO,24853800
100,41.657556,42.650002,2016-02-08,42.700001,41.900002,42.169998,KO,17254400
101,41.45244,42.439999,2016-02-05,42.990002,42.259998,42.93,KO,17315700
102,41.540346,42.529999,2016-02-04,42.889999,42.400002,42.52,KO,14413700
103,41.725927,42.720001,2016-02-03,42.939999,42.279999,42.799999,KO,15958300
104,41.45244,42.439999,2016-02-02,42.790001,42.41,42.700001,KO,12332900
105,41.99941,43.00,2016-02-01,43.150002,42.57,42.599998,KO,17097800
106,41.92127,42.919998,2016-01-29,43.259998,42.650002,42.860001,KO,20457000
107,41.579416,42.57,2016-01-28,42.720001,42.060001,42.18,KO,16622800
108,41.110585,42.09,2016-01-27,42.459999,41.810001,42.18,KO,14167000
109,41.10082,42.080002,2016-01-26,42.50,41.93,42.16,KO,13018500
110,41.178956,42.16,2016-01-25,42.50,41.93,42.240002,KO,12505200
111,41.081285,42.060001,2016-01-22,42.240002,41.450001,41.639999,KO,15209200
112,40.426873,41.389999,2016-01-21,41.509998,41.09,41.450001,KO,15568900
113,40.417108,41.380001,2016-01-20,41.619999,40.75,41.450001,KO,19923500
114,40.944539,41.919998,2016-01-19,42.119999,41.650002,41.77,KO,15462200
115,40.534314,41.50,2016-01-15,41.59,40.93,40.950001,KO,21153600
116,40.905473,41.880001,2016-01-14,42.169998,41.639999,41.990002,KO,16028000
117,40.876169,41.849998,2016-01-13,42.57,41.790001,42.169998,KO,16854300
118,41.139886,42.119999,2016-01-12,42.450001,41.869999,42.299999,KO,21814800
119,40.612455,41.580002,2016-01-11,41.860001,41.290001,41.580002,KO,15815200
120,40.54408,41.509998,2016-01-08,42.119999,41.41,41.650002,KO,14645900
121,40.651521,41.619999,2016-01-07,42.110001,41.450001,41.650002,KO,20563600
122,41.335233,42.32,2016-01-06,42.509998,42.040001,42.200001,KO,16245100
123,41.559881,42.549999,2016-01-05,42.630001,42.169998,42.310001,KO,15781900
124,41.413373,42.400002,2016-01-04,42.50,41.970001,42.34,KO,16084100
125,41.96034,42.959999,2015-12-31,43.34,42.869999,43.299999,KO,9727900
126,42.556146,43.57,2015-12-30,43.77,43.450001,43.75,KO,5112500
127,42.692888,43.709999,2015-12-29,43.779999,43.50,43.540001,KO,7739800
128,42.47801,43.490002,2015-12-28,43.52,43.310001,43.439999,KO,6326100
129,42.526845,43.540001,2015-12-24,43.720001,43.419998,43.490002,KO,3036600
130,42.653818,43.669998,2015-12-23,43.73,43.349998,43.389999,KO,9092300
131,42.282663,43.290001,2015-12-22,43.389999,42.709999,42.860001,KO,12280800
132,41.784528,42.779999,2015-12-21,42.939999,42.459999,42.82,KO,10444400
133,41.511045,42.50,2015-12-18,43.419998,42.50,43.360001,KO,24583700
134,42.47801,43.490002,2015-12-17,43.889999,43.419998,43.810001,KO,14697000
135,42.819864,43.84,2015-12-16,43.91,43.25,43.25,KO,21868600
136,42.067781,43.07,2015-12-15,43.240002,42.759998,42.84,KO,17800200
137,41.462209,42.450001,2015-12-14,42.759998,41.970001,42.310001,KO,20092900
138,41.286397,42.27,2015-12-11,42.830002,42.139999,42.630001,KO,17313400
139,41.764993,42.759998,2015-12-10,43.07,42.529999,42.73,KO,15483300
140,41.667322,42.66,2015-12-09,43.27,42.50,42.779999,KO,12945500
141,42.009176,43.009998,2015-12-08,43.25,42.799999,43.049999,KO,10736200
142,42.194757,43.200001,2015-12-07,43.439999,43.00,43.310001,KO,12030700
143,42.282663,43.290001,2015-12-04,43.48,42.580002,42.580002,KO,16488000
144,41.471975,42.459999,2015-12-03,42.889999,42.32,42.73,KO,15004400
145,41.774762,42.77,2015-12-02,42.93,42.59,42.830002,KO,12598500
146,41.891969,42.889999,2015-12-01,43.099998,42.73,42.73,KO,11153000
147,41.628251,42.619999,2015-11-30,43.150002,42.610001,43.119999,KO,16063000
148,42.145921,43.150002,2015-11-27,43.240002,42.799999,43.040001,KO,7236700
149,42.028713,43.360001,2015-11-25,43.50,43.240002,43.32,KO,10344900
150,42.028713,43.360001,2015-11-24,43.599998,42.66,42.700001,KO,15767200
151,41.640993,42.959999,2015-11-23,43.18,42.529999,42.549999,KO,13338100
152,41.127267,42.43,2015-11-20,43.580002,42.400002,43.310001,KO,19780800
153,41.786389,43.110001,2015-11-19,43.299999,42.32,42.32,KO,24090700
154,40.981871,42.279999,2015-11-18,42.349998,41.68,41.77,KO,12966300
155,40.390599,41.669998,2015-11-17,42.150002,41.509998,41.849998,KO,12739400
156,40.671696,41.959999,2015-11-16,42.00,41.389999,41.43,KO,11244900
157,40.109506,41.380001,2015-11-13,41.779999,41.360001,41.459999,KO,11619500
158,40.303366,41.580002,2015-11-12,42.049999,41.57,42.009998,KO,10725000
159,40.749241,42.040001,2015-11-11,42.200001,41.919998,41.939999,KO,9101200
160,40.487531,41.77,2015-11-10,41.810001,41.43,41.439999,KO,8283100
161,40.264593,41.540001,2015-11-09,41.790001,41.34,41.700001,KO,10842700
162,40.671696,41.959999,2015-11-06,42.220001,41.610001,41.970001,KO,11926700
163,41.030338,42.330002,2015-11-05,42.349998,41.98,42.00,KO,9625100
164,40.681391,41.970001,2015-11-04,42.389999,41.889999,42.27,KO,10488500
165,40.865556,42.16,2015-11-03,42.32,41.810001,42.18,KO,9693100
166,40.943102,42.240002,2015-11-02,42.360001,41.900002,42.32,KO,16252200
167,41.049721,42.349998,2015-10-30,42.860001,42.349998,42.799999,KO,15356200
168,41.476214,42.790001,2015-10-29,42.900002,42.34,42.66,KO,9427400
169,41.418055,42.73,2015-10-28,42.84,42.209999,42.75,KO,13667300
170,41.30174,42.610001,2015-10-27,42.77,42.48,42.50,KO,30166600
171,41.282354,42.59,2015-10-26,42.889999,42.459999,42.759998,KO,14788600
172,41.476214,42.790001,2015-10-23,43.310001,42.75,43.310001,KO,18796100
173,41.912398,43.240002,2015-10-22,43.849998,42.41,42.439999,KO,35920200
174,40.894634,42.189999,2015-10-21,42.52,41.709999,41.939999,KO,19254900
175,40.991566,42.290001,2015-10-20,42.400002,42.00,42.00,KO,16199300
176,40.700777,41.990002,2015-10-19,42.060001,41.799999,41.900002,KO,15553800
177,40.729855,42.02,2015-10-16,42.209999,41.880001,42.16,KO,20294700
178,40.632923,41.919998,2015-10-15,42.029999,41.599998,41.869999,KO,11801600
179,40.400294,41.68,2015-10-14,41.959999,41.560001,41.560001,KO,14180000
180,40.371216,41.650002,2015-10-13,41.91,41.540001,41.799999,KO,12903600
181,40.710469,42.00,2015-10-12,42.290001,41.810001,41.830002,KO,12299100
182,40.729855,42.02,2015-10-09,42.119999,41.779999,41.82,KO,13931200
183,40.691082,41.98,2015-10-08,41.990002,41.259998,41.259998,KO,11960200
184,40.245207,41.52,2015-10-07,41.610001,41.099998,41.139999,KO,14329700
185,39.702399,40.959999,2015-10-06,41.34,40.93,41.040001,KO,14579400
186,39.750863,41.009998,2015-10-05,41.049999,40.43,40.450001,KO,15664000
187,39.1499,40.389999,2015-10-02,40.389999,39.360001,39.560001,KO,15537300
188,38.578015,39.799999,2015-10-01,40.470001,39.599998,40.220001,KO,19606600
189,38.888189,40.119999,2015-09-30,40.23,39.799999,39.880001,KO,19752600
190,38.442314,39.66,2015-09-29,39.709999,39.330002,39.52,KO,14166900
191,38.316304,39.529999,2015-09-28,39.82,39.330002,39.52,KO,19323100
192,38.403541,39.619999,2015-09-25,40.080002,39.330002,39.43,KO,22511300
193,37.947974,39.150002,2015-09-24,39.200001,38.509998,38.52,KO,19385700
194,37.569945,38.759998,2015-09-23,38.880001,38.549999,38.790001,KO,8910800
195,37.599027,38.790001,2015-09-22,38.990002,38.580002,38.68,KO,15021300
196,37.986743,39.189999,2015-09-21,39.310001,38.939999,39.049999,KO,12935800
197,37.783192,38.98,2015-09-18,39.299999,38.709999,38.860001,KO,27527300
198,38.170912,39.380001,2015-09-17,39.610001,39.040001,39.150002,KO,21232500
199,37.947974,39.150002,2015-09-16,39.189999,38.470001,38.669998,KO,22233400
200,37.31793,38.50,2015-09-15,38.630001,37.919998,38.07,KO,13019800
201,36.930209,38.099998,2015-09-14,38.220001,37.849998,38.220001,KO,8950000
202,36.959291,38.130001,2015-09-11,38.189999,37.84,38.009998,KO,11802300
203,36.920518,38.419998,2015-09-10,38.650002,38.25,38.310001,KO,14952500
204,36.805202,38.299999,2015-09-09,39.209999,38.200001,39.119999,KO,13764600
205,37.381787,38.900002,2015-09-08,39.029999,38.599998,38.869999,KO,15273900
206,37.016617,38.52,2015-09-04,38.790001,38.380001,38.68,KO,15450500
207,37.631638,39.16,2015-09-03,39.34,38.84,38.900002,KO,13311600
208,37.381787,38.900002,2015-09-02,39.07,38.560001,39.029999,KO,14054800
209,37.23764,38.75,2015-09-01,39.029999,38.540001,38.669998,KO,23703200
210,37.785393,39.32,2015-08-31,39.450001,39.060001,39.150002,KO,12673300
211,37.910321,39.450001,2015-08-28,39.470001,39.049999,39.110001,KO,14503900
212,37.737346,39.27,2015-08-27,39.380001,38.599998,39.060001,KO,18871600
213,37.21842,38.73,2015-08-26,38.830002,37.889999,38.75,KO,23523300
214,36.507303,37.990002,2015-08-25,39.279999,37.93,39.130001,KO,31363700
215,36.882082,38.380001,2015-08-24,38.939999,36.560001,37.990002,KO,44065300
216,37.987197,39.529999,2015-08-21,40.470001,39.509998,40.16,KO,28036200
217,38.967388,40.549999,2015-08-20,40.82,40.419998,40.52,KO,14218000
218,39.188411,40.779999,2015-08-19,41.240002,40.779999,41.139999,KO,15796500
219,39.688116,41.299999,2015-08-18,41.529999,41.189999,41.279999,KO,11199400
220,39.736164,41.349998,2015-08-17,41.450001,40.970001,41.029999,KO,8272800
221,39.640068,41.25,2015-08-14,41.25,40.959999,41.009998,KO,9904800
222,39.495921,41.099998,2015-08-13,41.380001,41.009998,41.279999,KO,10270900
223,39.649677,41.259998,2015-08-12,41.259998,40.849998,41.130001,KO,9602200
224,39.861091,41.48,2015-08-11,41.57,41.169998,41.400002,KO,11254900
225,40.053286,41.68,2015-08-10,41.990002,41.580002,41.889999,KO,9501900
226,40.139774,41.77,2015-08-07,41.970001,41.529999,41.810001,KO,10886700
227,40.283917,41.919998,2015-08-06,42.25,41.860001,42.00,KO,11378900
228,40.476112,42.119999,2015-08-05,42.220001,41.82,41.919998,KO,15329200
229,40.21665,41.849998,2015-08-04,41.869999,41.34,41.509998,KO,17559900
230,39.918751,41.540001,2015-08-03,41.549999,40.84,40.849998,KO,14672600
231,39.476705,41.080002,2015-07-31,41.220001,40.77,40.880001,KO,15309500
232,38.976999,40.560001,2015-07-30,40.75,40.389999,40.549999,KO,9095500
233,39.005827,40.59,2015-07-29,40.709999,40.490002,40.529999,KO,8479900
234,38.967388,40.549999,2015-07-28,40.73,40.439999,40.650002,KO,11021800
235,38.95778,40.540001,2015-07-27,40.580002,40.16,40.279999,KO,10945700
236,38.86168,40.439999,2015-07-24,40.830002,40.41,40.759998,KO,10912500
237,39.24607,40.84,2015-07-23,41.02,40.48,40.990002,KO,13522200
238,39.30373,40.900002,2015-07-22,41.59,40.59,40.810001,KO,15528600
239,39.582409,41.189999,2015-07-21,41.52,41.099998,41.380001,KO,13653800
240,39.764996,41.380001,2015-07-20,41.540001,41.220001,41.349998,KO,10024200
241,39.640068,41.25,2015-07-17,41.32,41.049999,41.310001,KO,9608300
242,39.861091,41.48,2015-07-16,41.599998,41.349998,41.419998,KO,10483700
243,39.524753,41.130001,2015-07-15,41.360001,41.099998,41.150002,KO,11252100
244,39.563189,41.169998,2015-07-14,41.259998,40.84,40.900002,KO,19531000
245,39.073095,40.66,2015-07-13,40.77,40.490002,40.560001,KO,9854200
246,38.813632,40.389999,2015-07-10,40.52,40.16,40.27,KO,13360400
247,38.361975,39.919998,2015-07-09,40.580002,39.900002,40.459999,KO,13392000
248,38.304319,39.860001,2015-07-08,40.23,39.84,39.990002,KO,11383700
249,38.679097,40.25,2015-07-07,40.380001,39.400002,39.490002,KO,20335000
250,37.881489,39.419998,2015-07-06,39.599998,39.220001,39.32,KO,10252600
251,37.94876,39.490002,2015-07-02,39.810001,39.349998,39.630001,KO,8975900
252,37.958369,39.50,2015-07-01,39.599998,39.279999,39.380001,KO,11177400
253,37.698906,39.23,2015-06-30,39.610001,39.119999,39.610001,KO,14621300
254,37.862273,39.400002,2015-06-29,39.98,39.400002,39.799999,KO,15500800
255,38.438854,40.00,2015-06-26,40.349998,40.00,40.099998,KO,16215600
256,38.458074,40.02,2015-06-25,40.34,40.02,40.279999,KO,10607600
257,38.621437,40.189999,2015-06-24,40.450001,40.189999,40.369999,KO,10385100
258,38.804024,40.380001,2015-06-23,40.52,40.310001,40.43,KO,11094900
259,38.90012,40.48,2015-06-22,40.810001,40.459999,40.509998,KO,8775900
260,38.823244,40.400002,2015-06-19,40.650002,40.400002,40.59,KO,23550600
261,39.063487,40.650002,2015-06-18,40.740002,40.16,40.16,KO,16314600
262,38.698317,40.27,2015-06-17,40.32,40.009998,40.080002,KO,13898400
263,38.515734,40.080002,2015-06-16,40.16,39.599998,39.630001,KO,12517400
264,38.044856,39.59,2015-06-15,39.860001,39.57,39.830002,KO,11364800
265,38.400414,39.959999,2015-06-12,40.119999,39.84,40.040001,KO,15568600
266,38.53495,40.099998,2015-06-11,40.25,40.029999,40.110001,KO,11944900
267,38.438855,40.330002,2015-06-10,40.540001,40.279999,40.32,KO,11979900
268,38.31495,40.200001,2015-06-09,40.419998,40.110001,40.169998,KO,10772700
269,38.276825,40.16,2015-06-08,40.259998,40.02,40.099998,KO,14339300
270,38.219637,40.099998,2015-06-05,40.52,40.080002,40.48,KO,15975600
271,38.686662,40.59,2015-06-04,40.98,40.529999,40.709999,KO,10145800
272,38.953531,40.869999,2015-06-03,41.209999,40.779999,41.099998,KO,8153800
273,39.067906,40.990002,2015-06-02,41.16,40.68,40.84,KO,11878600
274,39.020248,40.939999,2015-06-01,41.41,40.880001,41.360001,KO,12684100
275,39.039311,40.959999,2015-05-29,41.18,40.77,41.18,KO,19628600
276,39.21087,41.139999,2015-05-28,41.299999,40.880001,41.200001,KO,9395200
277,39.191808,41.119999,2015-05-27,41.200001,40.830002,40.939999,KO,9863100
278,39.067906,40.990002,2015-05-26,41.18,40.740002,41.119999,KO,15194300
279,39.277588,41.209999,2015-05-22,41.240002,41.040001,41.119999,KO,11909500
280,39.29665,41.23,2015-05-21,41.32,41.07,41.259998,KO,9270900
281,39.411022,41.349998,2015-05-20,41.59,41.310001,41.369999,KO,10965200
282,39.372901,41.310001,2015-05-19,41.389999,41.130001,41.23,KO,9072000
283,39.38243,41.32,2015-05-18,41.490002,41.25,41.490002,KO,11511700
284,39.573053,41.52,2015-05-15,41.689999,41.43,41.450001,KO,8479000
285,39.55399,41.50,2015-05-14,41.599998,41.259998,41.299999,KO,9961000
286,39.125091,41.049999,2015-05-13,41.360001,40.720001,40.75,KO,13183700
287,38.781971,40.689999,2015-05-12,40.959999,40.52,40.77,KO,12384500
288,39.020248,40.939999,2015-05-11,41.389999,40.880001,40.98,KO,10113500
289,39.058373,40.98,2015-05-08,41.169998,40.849998,41.00,KO,11144400
290,38.791504,40.700001,2015-05-07,40.91,40.509998,40.529999,KO,13834700
291,38.753379,40.66,2015-05-06,41.09,40.389999,41.040001,KO,11906900
292,38.839159,40.75,2015-05-05,41.139999,40.68,41.139999,KO,11721300
293,39.039311,40.959999,2015-05-04,41.099998,40.77,40.880001,KO,10204800
294,38.991656,40.91,2015-05-01,40.93,40.50,40.580002,KO,10848300
295,38.65807,40.560001,2015-04-30,40.580002,40.279999,40.400002,KO,12700800
296,38.591352,40.490002,2015-04-29,40.75,40.400002,40.66,KO,11371400
297,38.858221,40.77,2015-04-28,40.970001,40.599998,40.950001,KO,12174800
298,38.915409,40.830002,2015-04-27,41.150002,40.779999,41.00,KO,10044600
299,38.972593,40.889999,2015-04-24,41.119999,40.810001,41.040001,KO,11623300
300,39.029781,40.950001,2015-04-23,41.41,40.919998,41.23,KO,17408800
301,39.372901,41.310001,2015-04-22,41.57,41.07,41.560001,KO,26887200
302,38.867751,40.779999,2015-04-21,40.990002,40.540001,40.669998,KO,19673100
303,38.753379,40.66,2015-04-20,40.900002,40.41,40.419998,KO,13023700
304,38.410259,40.299999,2015-04-17,40.66,40.099998,40.470001,KO,15330300
305,38.696191,40.599998,2015-04-16,40.860001,40.299999,40.41,KO,13121000
306,38.505572,40.400002,2015-04-15,40.810001,40.32,40.59,KO,11189100
307,38.610411,40.509998,2015-04-14,40.650002,40.32,40.59,KO,11209700
308,38.791504,40.700001,2015-04-13,40.970001,40.700001,40.970001,KO,9616300
309,38.963064,40.880001,2015-04-10,41.16,40.849998,41.09,KO,8720000
310,39.125091,41.049999,2015-04-09,41.080002,40.630001,40.799999,KO,12710900
311,38.972593,40.889999,2015-04-08,41.09,40.740002,40.98,KO,8954700
312,39.086965,41.009998,2015-04-07,41.369999,40.970001,41.049999,KO,9773400
313,39.239462,41.169998,2015-04-06,41.610001,40.59,40.77,KO,19843400
314,38.772442,40.68,2015-04-02,40.869999,40.48,40.73,KO,14343100
315,38.772442,40.68,2015-04-01,40.810001,40.23,40.790001,KO,14300700
316,38.648536,40.549999,2015-03-31,40.900002,40.349998,40.509998,KO,16604800
317,38.610411,40.509998,2015-03-30,40.610001,39.939999,40.110001,KO,12561400
318,38.200578,40.080002,2015-03-27,40.48,39.970001,40.48,KO,14384400
319,38.457914,40.349998,2015-03-26,40.560001,40.23,40.34,KO,17359600
320,38.553227,40.450001,2015-03-25,40.700001,40.240002,40.59,KO,22811300
321,38.57229,40.470001,2015-03-24,40.990002,40.470001,40.91,KO,13485700
322,38.715254,40.619999,2015-03-23,40.939999,40.50,40.639999,KO,17060500
323,38.743849,40.650002,2015-03-20,40.66,40.009998,40.07,KO,31608500
324,38.14339,40.02,2015-03-19,40.52,39.959999,40.48,KO,16057600
325,38.696191,40.599998,2015-03-18,40.790001,39.799999,40.48,KO,26247500
326,38.610411,40.509998,2015-03-17,40.73,40.32,40.669998,KO,21661800
327,38.40073,40.290001,2015-03-16,40.349998,39.990002,40.00,KO,15238800
328,38.038548,39.91,2015-03-13,40.57,39.610001,40.439999,KO,17438400
329,38.667599,40.57,2015-03-12,40.57,40.02,40.099998,KO,17728700
330,37.905111,40.099998,2015-03-11,40.73,40.080002,40.73,KO,18549700
331,38.462817,40.689999,2015-03-10,41.150002,40.68,41.099998,KO,14599100
332,39.124503,41.389999,2015-03-09,41.549999,41.32,41.529999,KO,10123300
333,39.247388,41.52,2015-03-06,42.200001,41.330002,42.119999,KO,18180500
334,40.079222,42.400002,2015-03-05,42.610001,42.25,42.560001,KO,9223000
335,40.173747,42.50,2015-03-04,42.98,42.470001,42.919998,KO,16263000
336,40.599117,42.950001,2015-03-03,43.16,42.84,43.110001,KO,10036300
337,40.835433,43.200001,2015-03-02,43.299999,43.080002,43.299999,KO,13514600
338,40.929958,43.299999,2015-02-27,43.66,42.470001,42.52,KO,28312800
339,40.135936,42.459999,2015-02-26,42.549999,41.970001,42.040001,KO,14346500
340,39.748377,42.049999,2015-02-25,42.240002,41.740002,42.169998,KO,10323300
341,39.824,42.130001,2015-02-24,42.330002,41.77,41.849998,KO,12782700
342,39.559324,41.849998,2015-02-23,42.169998,41.689999,41.709999,KO,11830300
343,39.672758,41.970001,2015-02-20,42.110001,41.639999,42.040001,KO,15982400
344,39.805094,42.110001,2015-02-19,42.240002,41.529999,41.68,KO,16578300
345,39.445893,41.73,2015-02-18,41.799999,41.470001,41.75,KO,9789800
346,39.521516,41.810001,2015-02-17,41.880001,41.639999,41.810001,KO,12804200
347,39.691664,41.990002,2015-02-13,42.23,41.759998,42.02,KO,10792100
348,39.861808,42.169998,2015-02-12,42.66,42.07,42.400002,KO,13818200
349,40.050862,42.369999,2015-02-11,42.490002,41.700001,42.099998,KO,20496300
350,40.079222,42.400002,2015-02-10,43.029999,42.200001,42.91,KO,32184200
351,38.973261,41.23,2015-02-09,41.450001,41.040001,41.380001,KO,13371100
352,39.18122,41.450001,2015-02-06,41.759998,41.32,41.630001,KO,12108900
353,39.50261,41.790001,2015-02-05,41.82,41.509998,41.799999,KO,11078500
354,39.39863,41.68,2015-02-04,42.09,41.619999,41.77,KO,16400000
355,39.351368,41.630001,2015-02-03,41.849998,41.369999,41.75,KO,13193100
356,39.313556,41.59,2015-02-02,41.630001,40.900002,41.209999,KO,15197500
357,38.916543,41.169998,2015-01-30,41.93,41.110001,41.830002,KO,19193700
358,39.79564,42.099998,2015-01-29,42.150002,41.470001,41.77,KO,13657900
359,39.625492,41.919998,2015-01-28,42.799999,41.900002,42.59,KO,14278500
360,40.069767,42.389999,2015-01-27,42.639999,42.150002,42.540001,KO,15274000
361,40.646379,43.00,2015-01-26,43.23,42.830002,43.18,KO,11151900
362,40.939413,43.310001,2015-01-23,43.75,43.18,43.599998,KO,12357700
363,41.383685,43.779999,2015-01-22,43.830002,43.07,43.369999,KO,14709100
364,40.986675,43.360001,2015-01-21,43.43,42.759998,42.889999,KO,10720600
365,40.797622,43.16,2015-01-20,43.330002,42.610001,42.700001,KO,17047300
366,40.202104,42.529999,2015-01-16,42.59,42.240002,42.360001,KO,15114900
367,40.060316,42.380001,2015-01-15,42.860001,42.169998,42.560001,KO,11193100
368,40.230464,42.560001,2015-01-14,42.599998,42.07,42.080002,KO,13447600
369,40.296633,42.630001,2015-01-13,43.240002,42.450001,42.830002,KO,12529500
370,40.306084,42.639999,2015-01-12,43.200001,42.459999,43.07,KO,11415800
371,40.674736,43.029999,2015-01-09,43.560001,42.950001,43.470001,KO,12733500
372,41.128463,43.509998,2015-01-08,43.57,43.099998,43.18,KO,21743600
373,40.636928,42.990002,2015-01-07,43.110001,42.580002,42.799999,KO,13412300
374,40.135936,42.459999,2015-01-06,42.939999,42.240002,42.41,KO,16897500
375,39.833451,42.139999,2015-01-05,42.970001,42.080002,42.689999,KO,26292600
376,39.833451,42.139999,2015-01-02,42.400002,41.799999,42.259998,KO,9921100
