,Adj_Close,Close,Date,High,Low,Open,Symbol,Volume
0,222.410004,222.410004,2014-12-31,225.679993,222.25,223.089996,TSLA,2297500
1,222.229996,222.229996,2014-12-30,225.649994,221.399994,223.990005,TSLA,2903200
2,225.710007,225.710007,2014-12-29,227.910004,224.020004,226.899994,TSLA,2802500
3,227.820007,227.820007,2014-12-26,228.50,221.50,221.509995,TSLA,3327000
4,222.259995,222.259995,2014-12-24,222.50,219.25,219.770004,TSLA,1332200
5,220.970001,220.970001,2014-12-23,224.320007,219.520004,223.809998,TSLA,4505700
6,222.600006,222.600006,2014-12-22,224.059998,218.259995,220.00,TSLA,4799400
7,219.289993,219.289993,2014-12-19,220.399994,214.50,220.190002,TSLA,6910500
8,218.259995,218.259995,2014-12-18,218.440002,211.800003,212.380005,TSLA,7483300
9,205.820007,205.820007,2014-12-17,206.649994,192.649994,193.059998,TSLA,7367800
10,197.809998,197.809998,2014-12-16,203.679993,195.369995,200.889999,TSLA,8426100
11,204.039993,204.039993,2014-12-15,209.800003,202.669998,209.289993,TSLA,5218300
12,207.00,207.00,2014-12-12,211.679993,204.50,204.820007,TSLA,7173800
13,208.880005,208.880005,2014-12-11,215.429993,208.229996,210.529999,TSLA,6694400
14,209.839996,209.839996,2014-12-10,216.770004,207.699997,214.130005,TSLA,7314100
15,216.889999,216.889999,2014-12-09,217.729996,204.270004,209.339996,TSLA,9431500
16,214.360001,214.360001,2014-12-08,224.860001,212.339996,221.539993,TSLA,9225600
17,223.710007,223.710007,2014-12-05,229.389999,222.259995,228.669998,TSLA,6063600
18,228.279999,228.279999,2014-12-04,230.899994,227.809998,228.600006,TSLA,3855600
19,229.300003,229.300003,2014-12-03,229.720001,225.50,226.25,TSLA,5307700
20,231.429993,231.429993,2014-12-02,234.880005,228.00,234.570007,TSLA,5887000
21,231.639999,231.639999,2014-12-01,242.470001,229.009995,241.160004,TSLA,8619400
22,244.520004,244.520004,2014-11-28,246.690002,242.520004,245.350006,TSLA,2119700
23,248.440002,248.440002,2014-11-26,249.00,246.600006,248.339996,TSLA,1981200
24,248.089996,248.089996,2014-11-25,249.720001,246.089996,247.350006,TSLA,3159800
25,246.720001,246.720001,2014-11-24,247.600006,240.639999,245.199997,TSLA,4789700
26,242.779999,242.779999,2014-11-21,252.779999,242.169998,252.210007,TSLA,7485100
27,248.710007,248.710007,2014-11-20,250.929993,246.00,247.949997,TSLA,3587200
28,247.740005,247.740005,2014-11-19,251.880005,245.600006,250.610001,TSLA,7918500
29,257.700012,257.700012,2014-11-18,259.98999,255.509995,255.860001,TSLA,4473000
30,253.979996,253.979996,2014-11-17,259.00,252.020004,257.48999,TSLA,4025700
31,258.679993,258.679993,2014-11-14,258.850006,248.50,250.00,TSLA,6101100
32,251.699997,251.699997,2014-11-13,255.75,250.25,250.619995,TSLA,6236000
33,249.100006,249.100006,2014-11-12,252.339996,245.580002,249.720001,TSLA,5870800
34,251.080002,251.080002,2014-11-11,251.820007,242.00,242.550003,TSLA,7948800
35,241.929993,241.929993,2014-11-10,242.880005,236.800003,239.110001,TSLA,4577200
36,240.199997,240.199997,2014-11-07,242.839996,237.199997,242.190002,TSLA,5161000
37,241.220001,241.220001,2014-11-06,246.690002,228.50,234.490005,TSLA,15354700
38,230.970001,230.970001,2014-11-05,241.360001,230.529999,241.00,TSLA,9045900
39,238.929993,238.929993,2014-11-04,242.350006,236.529999,240.490005,TSLA,3682600
40,242.589996,242.589996,2014-11-03,247.559998,241.320007,243.00,TSLA,4203800
41,241.699997,241.699997,2014-10-31,243.119995,238.75,242.509995,TSLA,3775300
42,238.660004,238.660004,2014-10-30,240.50,235.059998,238.139999,TSLA,3228400
43,238.100006,238.100006,2014-10-29,241.50,235.639999,241.130005,TSLA,4962500
44,242.770004,242.770004,2014-10-28,244.600006,228.25,229.600006,TSLA,10516300
45,221.669998,221.669998,2014-10-27,234.610001,220.309998,234.25,TSLA,9553300
46,235.240005,235.240005,2014-10-24,237.800003,231.199997,236.270004,TSLA,3463300
47,235.289993,235.289993,2014-10-23,236.279999,232.00,234.660004,TSLA,3492400
48,231.100006,231.100006,2014-10-22,237.389999,230.559998,233.190002,TSLA,4116600
49,235.339996,235.339996,2014-10-21,235.389999,230.800003,234.270004,TSLA,4130300
50,230.470001,230.470001,2014-10-20,232.399994,225.509995,226.720001,TSLA,3494400
51,227.479996,227.479996,2014-10-17,234.770004,226.550003,233.380005,TSLA,10549400
52,226.350006,226.350006,2014-10-16,229.919998,219.100006,219.720001,TSLA,5399300
53,229.699997,229.699997,2014-10-15,230.990005,217.320007,220.00,TSLA,9147300
54,227.059998,227.059998,2014-10-14,232.470001,223.00,228.25,TSLA,7105300
55,224.589996,224.589996,2014-10-13,238.960007,221.00,238.570007,TSLA,11268700
56,236.910004,236.910004,2014-10-10,245.889999,235.199997,244.639999,TSLA,12888300
57,257.01001,257.01001,2014-10-09,265.540009,254.399994,262.25,TSLA,7361300
58,259.279999,259.279999,2014-10-08,262.880005,252.639999,260.100006,TSLA,5055100
59,259.570007,259.570007,2014-10-07,261.459991,255.729996,258.529999,TSLA,4485500
60,260.619995,260.619995,2014-10-06,262.48999,257.799988,259.130005,TSLA,7713300
61,255.210007,255.210007,2014-10-03,256.50,251.029999,253.059998,TSLA,5406300
62,251.419998,251.419998,2014-10-02,252.789993,245.360001,250.199997,TSLA,8998200
63,240.240005,240.240005,2014-10-01,242.660004,235.649994,242.199997,TSLA,5941700
64,242.679993,242.679993,2014-09-30,247.649994,240.119995,246.919998,TSLA,4238300
65,245.259995,245.259995,2014-09-29,248.639999,241.380005,244.00,TSLA,4852700
66,246.600006,246.600006,2014-09-26,249.729996,246.070007,248.25,TSLA,3795400
67,246.949997,246.949997,2014-09-25,254.960007,246.100006,252.520004,TSLA,4834200
68,252.139999,252.139999,2014-09-24,252.839996,247.039993,251.119995,TSLA,3749500
69,250.410004,250.410004,2014-09-23,253.800003,245.00,245.220001,TSLA,5658700
70,250.029999,250.029999,2014-09-22,256.019989,244.710007,255.00,TSLA,8214100
71,259.320007,259.320007,2014-09-19,261.429993,255.270004,257.98999,TSLA,6810900
72,263.820007,263.820007,2014-09-18,265.600006,262.320007,263.359985,TSLA,3692600
73,261.380005,261.380005,2014-09-17,264.700012,259.50,262.410004,TSLA,5177700
74,260.73999,260.73999,2014-09-16,262.459991,252.419998,255.149994,TSLA,8300100
75,253.860001,253.860001,2014-09-15,274.399994,249.130005,274.369995,TSLA,16455400
76,279.200012,279.200012,2014-09-12,282.390015,277.00,280.50,TSLA,3324600
77,280.309998,280.309998,2014-09-11,284.790009,278.630005,280.459991,TSLA,3766100
78,281.100006,281.100006,2014-09-10,281.410004,273.660004,279.50,TSLA,3781300
79,278.480011,278.480011,2014-09-09,285.48999,277.00,282.98999,TSLA,4558800
80,282.109985,282.109985,2014-09-08,284.880005,277.519989,277.619995,TSLA,5501600
81,277.390015,277.390015,2014-09-05,282.899994,272.51001,282.549988,TSLA,11169900
82,286.040009,286.040009,2014-09-04,291.420013,280.399994,284.01001,TSLA,8341700
83,281.190002,281.190002,2014-09-03,288.00,280.100006,287.670013,TSLA,6772300
84,284.119995,284.119995,2014-09-02,284.890015,274.299988,275.50,TSLA,9852400
85,269.700012,269.700012,2014-08-29,272.00,267.51001,268.700012,TSLA,6447100
86,263.859985,263.859985,2014-08-28,264.480011,261.640015,261.890015,TSLA,2844900
87,263.25,263.25,2014-08-27,264.23999,260.290009,263.50,TSLA,2985100
88,261.73999,261.73999,2014-08-26,265.50,261.660004,264.980011,TSLA,3818000
89,262.549988,262.549988,2014-08-25,263.679993,258.190002,258.190002,TSLA,4318100
90,256.779999,256.779999,2014-08-22,256.950012,252.610001,254.539993,TSLA,2833400
91,254.339996,254.339996,2014-08-21,258.799988,253.259995,256.519989,TSLA,2915600
92,255.710007,255.710007,2014-08-20,258.73999,253.00,254.669998,TSLA,3027900
93,256.76001,256.76001,2014-08-19,259.329987,251.619995,258.869995,TSLA,5334800
94,259.940002,259.940002,2014-08-18,267.26001,259.75,263.25,TSLA,5849200
95,262.01001,262.01001,2014-08-15,262.089996,258.50,261.480011,TSLA,3867900
96,261.380005,261.380005,2014-08-14,263.00,256.50,262.48999,TSLA,4126600
97,260.309998,260.309998,2014-08-13,265.640015,259.609985,262.01001,TSLA,6932600
98,259.959991,259.959991,2014-08-12,260.299988,254.580002,258.079987,TSLA,6382300
99,259.320007,259.320007,2014-08-11,263.73999,255.00,255.479996,TSLA,8101300
100,248.130005,248.130005,2014-08-08,251.759995,246.50,251.160004,TSLA,5090100
101,252.389999,252.389999,2014-08-07,256.690002,249.119995,250.119995,TSLA,7478900
102,248.929993,248.929993,2014-08-06,251.419998,238.580002,238.899994,TSLA,9249300
103,238.490005,238.490005,2014-08-05,242.990005,235.690002,237.470001,TSLA,5388600
104,238.520004,238.520004,2014-08-04,240.50,233.270004,234.380005,TSLA,5959700
105,233.270004,233.270004,2014-08-01,237.50,226.00,226.089996,TSLA,11895800
106,223.300003,223.300003,2014-07-31,231.399994,221.50,229.259995,TSLA,7749100
107,228.919998,228.919998,2014-07-30,229.600006,221.039993,221.919998,TSLA,4927800
108,225.009995,225.009995,2014-07-29,228.300003,224.860001,226.610001,TSLA,3382400
109,224.820007,224.820007,2014-07-28,232.00,221.399994,224.25,TSLA,6514300
110,223.570007,223.570007,2014-07-25,226.970001,221.75,222.720001,TSLA,3087100
111,223.539993,223.539993,2014-07-24,225.100006,220.800003,223.25,TSLA,3245500
112,222.490005,222.490005,2014-07-23,224.75,219.429993,220.009995,TSLA,3083300
113,219.580002,219.580002,2014-07-22,223.300003,219.110001,222.190002,TSLA,2730000
114,220.539993,220.539993,2014-07-21,223.210007,216.720001,217.25,TSLA,3822200
115,220.020004,220.020004,2014-07-18,221.210007,215.929993,215.949997,TSLA,4253700
116,215.399994,215.399994,2014-07-17,220.550003,213.600006,216.160004,TSLA,4649400
117,217.160004,217.160004,2014-07-16,224.800003,216.820007,221.820007,TSLA,4044500
118,219.580002,219.580002,2014-07-15,227.649994,218.100006,226.729996,TSLA,5718500
119,226.699997,226.699997,2014-07-14,228.789993,215.449997,219.990005,TSLA,7203200
120,218.130005,218.130005,2014-07-11,221.600006,217.600006,220.610001,TSLA,3302300
121,219.460007,219.460007,2014-07-10,222.220001,216.039993,217.179993,TSLA,4863900
122,223.059998,223.059998,2014-07-09,224.220001,219.210007,221.270004,TSLA,4115400
123,219.070007,219.070007,2014-07-08,220.960007,214.270004,218.649994,TSLA,7836200
124,222.660004,222.660004,2014-07-07,229.779999,220.399994,227.50,TSLA,5893700
125,229.25,229.25,2014-07-03,231.899994,224.00,231.289993,TSLA,5166700
126,229.429993,229.429993,2014-07-02,242.330002,227.070007,240.660004,TSLA,8027400
127,239.720001,239.720001,2014-07-01,243.440002,238.699997,242.460007,TSLA,4336100
128,240.059998,240.059998,2014-06-30,244.490005,239.00,239.550003,TSLA,4828600
129,239.059998,239.059998,2014-06-27,240.00,234.50,234.690002,TSLA,5635000
130,235.600006,235.600006,2014-06-26,240.399994,234.210007,237.169998,TSLA,5121400
131,236.889999,236.889999,2014-06-25,237.550003,230.240005,233.050003,TSLA,5801600
132,232.50,232.50,2014-06-24,241.880005,231.630005,238.970001,TSLA,8075900
133,237.220001,237.220001,2014-06-23,238.990005,228.220001,229.509995,TSLA,7791100
134,229.589996,229.589996,2014-06-20,231.289993,226.199997,228.520004,TSLA,4903900
135,227.789993,227.789993,2014-06-19,235.309998,227.00,228.880005,TSLA,8793100
136,227.119995,227.119995,2014-06-18,231.710007,226.119995,231.50,TSLA,6940200
137,231.669998,231.669998,2014-06-17,235.539993,222.850006,224.110001,TSLA,13304900
138,224.610001,224.610001,2014-06-16,225.490005,206.259995,206.759995,TSLA,13246400
139,206.419998,206.419998,2014-06-13,206.789993,201.580002,204.779999,TSLA,3544300
140,203.520004,203.520004,2014-06-12,209.880005,202.710007,205.100006,TSLA,5993700
141,204.470001,204.470001,2014-06-11,205.00,199.25,201.50,TSLA,3977500
142,202.300003,202.300003,2014-06-10,206.970001,201.550003,204.429993,TSLA,3514700
143,205.309998,205.309998,2014-06-09,209.990005,204.199997,207.949997,TSLA,2805700
144,208.169998,208.169998,2014-06-06,210.809998,207.179993,209.75,TSLA,3073800
145,206.899994,206.899994,2014-06-05,209.199997,204.050003,204.470001,TSLA,4054600
146,203.990005,203.990005,2014-06-04,206.259995,200.399994,204.350006,TSLA,3427400
147,204.940002,204.940002,2014-06-03,208.00,202.589996,203.490005,TSLA,3860800
148,204.699997,204.699997,2014-06-02,209.350006,201.669998,207.330002,TSLA,4668100
149,207.770004,207.770004,2014-05-30,214.800003,207.020004,210.300003,TSLA,5581100
150,210.240005,210.240005,2014-05-29,212.490005,207.720001,210.570007,TSLA,3692500
151,210.240005,210.240005,2014-05-28,212.770004,205.259995,210.020004,TSLA,5495100
152,211.559998,211.559998,2014-05-27,213.869995,207.699997,208.520004,TSLA,5341100
153,207.300003,207.300003,2014-05-23,207.759995,202.50,204.529999,TSLA,4006800
154,204.880005,204.880005,2014-05-22,206.880005,199.559998,200.350006,TSLA,6214500
155,199.449997,199.449997,2014-05-21,199.869995,194.789993,196.179993,TSLA,5285400
156,195.300003,195.300003,2014-05-20,199.330002,193.070007,196.940002,TSLA,5546100
157,196.089996,196.089996,2014-05-19,196.889999,190.00,190.720001,TSLA,4571700
158,191.559998,191.559998,2014-05-16,192.039993,187.720001,188.949997,TSLA,4487700
159,188.589996,188.589996,2014-05-15,192.660004,185.300003,189.979996,TSLA,6040400
160,190.619995,190.619995,2014-05-14,193.479996,187.100006,188.949997,TSLA,5406700
161,190.160004,190.160004,2014-05-13,191.339996,183.00,183.759995,TSLA,7097200
162,184.669998,184.669998,2014-05-12,187.190002,179.880005,183.869995,TSLA,7002300
163,182.259995,182.259995,2014-05-09,183.399994,177.220001,179.860001,TSLA,8495200
164,178.589996,178.589996,2014-05-08,194.399994,178.00,182.00,TSLA,20056600
165,201.350006,201.350006,2014-05-07,210.199997,197.25,209.639999,TSLA,10179300
166,207.279999,207.279999,2014-05-06,218.660004,206.850006,216.600006,TSLA,5636700
167,216.610001,216.610001,2014-05-05,217.690002,208.520004,209.479996,TSLA,5147000
168,210.910004,210.910004,2014-05-02,211.360001,206.520004,208.600006,TSLA,4086800
169,207.729996,207.729996,2014-05-01,214.020004,205.690002,207.080002,TSLA,5439900
170,207.889999,207.889999,2014-04-30,208.160004,201.279999,203.600006,TSLA,4440600
171,206.919998,206.919998,2014-04-29,207.149994,195.529999,198.210007,TSLA,5779100
172,198.509995,198.509995,2014-04-28,203.789993,190.50,200.00,TSLA,7042000
173,199.850006,199.850006,2014-04-25,206.699997,197.649994,202.00,TSLA,6996700
174,207.860001,207.860001,2014-04-24,212.800003,203.199997,210.809998,TSLA,5495200
175,207.990005,207.990005,2014-04-23,216.740005,207.00,216.330002,TSLA,7295600
176,218.639999,218.639999,2014-04-22,219.330002,205.009995,206.360001,TSLA,9804700
177,204.380005,204.380005,2014-04-21,206.199997,194.00,197.080002,TSLA,5258200
178,198.119995,198.119995,2014-04-17,202.289993,194.080002,199.610001,TSLA,5926800
179,199.110001,199.110001,2014-04-16,199.990005,190.820007,197.00,TSLA,7202200
180,193.910004,193.910004,2014-04-15,199.289993,184.320007,199.089996,TSLA,13659300
181,198.089996,198.089996,2014-04-14,208.440002,194.410004,207.600006,TSLA,7703000
182,203.779999,203.779999,2014-04-11,207.00,198.600006,200.610001,TSLA,9067200
183,204.190002,204.190002,2014-04-10,217.50,203.789993,216.820007,TSLA,7211500
184,216.929993,216.929993,2014-04-09,218.449997,210.889999,216.759995,TSLA,5157900
185,215.460007,215.460007,2014-04-08,216.490005,206.419998,210.050003,TSLA,6889300
186,207.520004,207.520004,2014-04-07,216.199997,203.509995,205.809998,TSLA,9855500
187,212.229996,212.229996,2014-04-04,228.270004,211.25,226.009995,TSLA,11345600
188,225.399994,225.399994,2014-04-03,235.729996,222.00,230.300003,TSLA,10923700
189,230.289993,230.289993,2014-04-02,230.889999,218.050003,220.00,TSLA,10782300
190,216.970001,216.970001,2014-04-01,218.160004,208.580002,209.020004,TSLA,7371400
191,208.449997,208.449997,2014-03-31,216.75,206.389999,216.50,TSLA,8380000
192,212.369995,212.369995,2014-03-28,216.720001,210.270004,212.800003,TSLA,9684800
193,207.320007,207.320007,2014-03-27,213.600006,203.00,212.369995,TSLA,9495700
194,212.960007,212.960007,2014-03-26,222.600006,211.350006,221.949997,TSLA,6907300
195,220.440002,220.440002,2014-03-25,227.050003,217.899994,224.139999,TSLA,7865400
196,220.169998,220.169998,2014-03-24,229.899994,210.270004,229.75,TSLA,11328800
197,228.889999,228.889999,2014-03-21,236.199997,227.50,236.020004,TSLA,8216900
198,234.910004,234.910004,2014-03-20,239.25,233.360001,236.160004,TSLA,3817900
199,235.839996,235.839996,2014-03-19,241.550003,233.509995,241.389999,TSLA,5071300
200,240.039993,240.039993,2014-03-18,241.50,235.020004,236.949997,TSLA,6242300
201,233.979996,233.979996,2014-03-17,237.929993,230.50,234.949997,TSLA,5912600
202,230.970001,230.970001,2014-03-14,236.940002,228.320007,235.289993,TSLA,8289700
203,237.789993,237.789993,2014-03-13,244.190002,234.00,243.789993,TSLA,6236300
204,241.490005,241.490005,2014-03-12,247.50,231.110001,231.50,TSLA,9754400
205,234.410004,234.410004,2014-03-11,244.600006,232.429993,236.50,TSLA,8810100
206,238.839996,238.839996,2014-03-10,243.00,236.059998,242.699997,TSLA,7728100
207,246.210007,246.210007,2014-03-07,254.850006,244.410004,252.940002,TSLA,7812300
208,252.940002,252.940002,2014-03-06,257.50,249.449997,254.139999,TSLA,7361100
209,252.660004,252.660004,2014-03-05,256.98999,251.800003,256.720001,TSLA,5935700
210,254.839996,254.839996,2014-03-04,260.00,252.830002,258.480011,TSLA,8745600
211,250.559998,250.559998,2014-03-03,251.649994,234.990005,237.259995,TSLA,13089300
212,244.809998,244.809998,2014-02-28,252.679993,242.550003,249.649994,TSLA,14589800
213,252.539993,252.539993,2014-02-27,261.899994,248.330002,261.25,TSLA,17945800
214,253.00,253.00,2014-02-26,265.00,247.50,258.579987,TSLA,24604600
215,248.00,248.00,2014-02-25,259.200012,228.449997,230.00,TSLA,32681700
216,217.649994,217.649994,2014-02-24,218.360001,208.320007,208.759995,TSLA,8278400
217,209.600006,209.600006,2014-02-21,213.979996,209.190002,211.639999,TSLA,7818800
218,209.970001,209.970001,2014-02-20,215.210007,206.270004,215.009995,TSLA,18002300
219,193.639999,193.639999,2014-02-19,203.699997,193.410004,203.699997,TSLA,16169000
220,203.699997,203.699997,2014-02-18,206.00,201.360001,205.240005,TSLA,9332800
221,198.229996,198.229996,2014-02-14,201.880005,197.00,198.100006,TSLA,6158000
222,199.630005,199.630005,2014-02-13,202.720001,193.25,193.339996,TSLA,8029300
223,195.320007,195.320007,2014-02-12,198.270004,194.320007,195.779999,TSLA,5173700
224,196.619995,196.619995,2014-02-11,202.199997,192.699997,198.970001,TSLA,10709900
225,196.559998,196.559998,2014-02-10,199.300003,189.320007,189.339996,TSLA,12970700
226,186.529999,186.529999,2014-02-07,186.630005,179.600006,181.009995,TSLA,8928500
227,178.380005,178.380005,2014-02-06,180.110001,176.00,176.300003,TSLA,5841600
228,174.419998,174.419998,2014-02-05,180.589996,169.360001,178.300003,TSLA,7268000
229,178.729996,178.729996,2014-02-04,181.600006,176.199997,180.699997,TSLA,4686300
230,177.110001,177.110001,2014-02-03,184.880005,175.160004,182.889999,TSLA,6764900
231,181.410004,181.410004,2014-01-31,186.00,178.509995,178.850006,TSLA,6508800
232,182.839996,182.839996,2014-01-30,184.779999,177.009995,178.00,TSLA,8565000
233,175.229996,175.229996,2014-01-29,179.089996,173.130005,175.300003,TSLA,5935500
234,178.380005,178.380005,2014-01-28,178.979996,171.00,171.50,TSLA,6093400
235,169.619995,169.619995,2014-01-27,177.919998,164.710007,175.160004,TSLA,8716400
236,174.600006,174.600006,2014-01-24,180.479996,173.529999,177.850006,TSLA,7664300
237,181.50,181.50,2014-01-23,182.380005,173.419998,177.229996,TSLA,7867400
238,178.559998,178.559998,2014-01-22,180.320007,174.759995,177.809998,TSLA,7022600
239,176.679993,176.679993,2014-01-21,177.289993,170.809998,171.240005,TSLA,9734700
240,170.009995,170.009995,2014-01-17,173.199997,167.949997,170.190002,TSLA,9206200
241,170.970001,170.970001,2014-01-16,172.699997,162.399994,162.50,TSLA,11959400
242,164.130005,164.130005,2014-01-15,172.229996,162.100006,168.449997,TSLA,20465600
243,161.270004,161.270004,2014-01-14,162.00,136.669998,140.50,TSLA,27607000
244,139.339996,139.339996,2014-01-13,147.00,137.820007,145.779999,TSLA,6316100
245,145.720001,145.720001,2014-01-10,148.899994,142.25,148.460007,TSLA,7446100
246,147.529999,147.529999,2014-01-09,153.429993,146.850006,152.50,TSLA,5382000
247,151.279999,151.279999,2014-01-08,153.699997,148.759995,148.850006,TSLA,6163200
248,149.360001,149.360001,2014-01-07,150.399994,145.25,147.619995,TSLA,5034100
249,147.00,147.00,2014-01-06,150.399994,145.240005,150.00,TSLA,5361100
250,149.559998,149.559998,2014-01-03,152.190002,148.600006,150.00,TSLA,4695000
251,150.100006,150.100006,2014-01-02,152.479996,146.550003,149.800003,TSLA,6188400
252,150.429993,150.429993,2013-12-31,153.199997,148.660004,152.320007,TSLA,4262400
253,152.440002,152.440002,2013-12-30,154.809998,150.75,151.119995,TSLA,4467500
254,151.119995,151.119995,2013-12-27,155.50,150.800003,155.300003,TSLA,5460200
255,155.50,155.50,2013-12-26,158.00,154.289993,155.039993,TSLA,7129500
256,151.410004,151.410004,2013-12-24,154.970001,149.820007,150.00,TSLA,9941500
257,143.550003,143.550003,2013-12-23,146.240005,142.600006,144.850006,TSLA,5385500
258,143.240005,143.240005,2013-12-20,144.350006,141.580002,141.580002,TSLA,7412600
259,140.720001,140.720001,2013-12-19,147.00,139.100006,146.899994,TSLA,12740000
260,147.979996,147.979996,2013-12-18,154.899994,145.949997,152.240005,TSLA,11581900
261,152.460007,152.460007,2013-12-17,154.630005,146.320007,147.580002,TSLA,10495000
262,147.940002,147.940002,2013-12-16,150.429993,146.100006,148.479996,TSLA,6675300
263,147.649994,147.649994,2013-12-13,151.800003,147.320007,148.050003,TSLA,10591900
264,147.470001,147.470001,2013-12-12,148.240005,138.529999,139.699997,TSLA,10767800
265,139.649994,139.649994,2013-12-11,143.050003,139.490005,141.880005,TSLA,7137800
266,142.190002,142.190002,2013-12-10,145.869995,139.860001,140.050003,TSLA,10748200
267,141.600006,141.600006,2013-12-09,141.699997,134.210007,137.00,TSLA,9061500
268,137.360001,137.360001,2013-12-06,142.490005,136.300003,141.509995,TSLA,7909600
269,140.479996,140.479996,2013-12-05,143.350006,139.50,140.149994,TSLA,9288400
270,138.949997,138.949997,2013-12-04,144.429993,137.130005,144.320007,TSLA,13147700
271,144.699997,144.699997,2013-12-03,144.940002,131.589996,132.679993,TSLA,25682400
272,124.169998,124.169998,2013-12-02,128.550003,123.93,126.349998,TSLA,7751200
273,127.279999,127.279999,2013-11-29,130.589996,126.980003,129.770004,TSLA,9716200
274,126.940002,126.940002,2013-11-27,126.949997,119.519997,121.309998,TSLA,12367600
275,120.50,120.50,2013-11-26,122.720001,116.099998,119.379997,TSLA,13885500
276,120.839996,120.839996,2013-11-25,125.839996,120.300003,124.50,TSLA,10267300
277,121.379997,121.379997,2013-11-22,122.75,117.93,121.580002,TSLA,11096700
278,122.099998,122.099998,2013-11-21,124.790001,120.25,122.889999,TSLA,11903800
279,121.110001,121.110001,2013-11-20,127.449997,119.059998,126.080002,TSLA,13849600
280,126.089996,126.089996,2013-11-19,129.00,119.220001,119.43,TSLA,19816200
281,121.580002,121.580002,2013-11-18,135.449997,119.610001,135.270004,TSLA,23138200
282,135.449997,135.449997,2013-11-15,137.949997,134.350006,136.850006,TSLA,9900200
283,137.600006,137.600006,2013-11-14,140.399994,134.110001,138.919998,TSLA,12203700
284,138.699997,138.699997,2013-11-13,142.369995,136.339996,140.839996,TSLA,12658300
285,137.800003,137.800003,2013-11-12,144.699997,136.179993,144.690002,TSLA,14985200
286,144.699997,144.699997,2013-11-11,145.419998,137.100006,141.00,TSLA,13997600
287,137.949997,137.949997,2013-11-08,140.600006,132.320007,136.479996,TSLA,22477900
288,139.770004,139.770004,2013-11-07,145.649994,137.619995,144.190002,TSLA,22284700
289,151.160004,151.160004,2013-11-06,160.729996,146.350006,154.809998,TSLA,31071700
290,176.809998,176.809998,2013-11-05,181.429993,171.360001,180.00,TSLA,22467100
291,175.199997,175.199997,2013-11-04,175.389999,164.220001,165.00,TSLA,13120400
292,162.169998,162.169998,2013-11-01,165.899994,160.410004,163.00,TSLA,7180600
293,159.940002,159.940002,2013-10-31,162.440002,153.300003,155.669998,TSLA,9333800
294,159.220001,159.220001,2013-10-30,167.679993,158.169998,164.630005,TSLA,8401800
295,164.470001,164.470001,2013-10-29,165.449997,153.00,162.759995,TSLA,14111700
296,162.860001,162.860001,2013-10-28,170.50,162.199997,170.179993,TSLA,7841700
297,169.660004,169.660004,2013-10-25,174.50,166.800003,174.210007,TSLA,7595500
298,173.149994,173.149994,2013-10-24,174.50,162.830002,165.00,TSLA,10825700
299,164.50,164.50,2013-10-23,171.809998,160.149994,168.910004,TSLA,13320400
300,171.539993,171.539993,2013-10-22,177.779999,166.110001,170.50,TSLA,11386700
301,172.600006,172.600006,2013-10-21,183.389999,171.00,183.279999,TSLA,11532100
302,183.399994,183.399994,2013-10-18,185.960007,182.520004,184.149994,TSLA,5930800
303,182.800003,182.800003,2013-10-17,184.800003,180.990005,183.539993,TSLA,6705000
304,183.559998,183.559998,2013-10-16,187.300003,182.089996,184.899994,TSLA,8205400
305,183.940002,183.940002,2013-10-15,188.789993,183.179993,185.279999,TSLA,10978500
306,179.720001,179.720001,2013-10-14,182.50,174.149994,175.00,TSLA,7769600
307,178.699997,178.699997,2013-10-11,179.289993,171.199997,172.75,TSLA,8311100
308,172.929993,172.929993,2013-10-10,175.75,169.690002,173.089996,TSLA,8883900
309,168.779999,168.779999,2013-10-09,174.990005,161.50,174.729996,TSLA,15316500
310,174.729996,174.729996,2013-10-08,185.929993,173.210007,184.399994,TSLA,13757200
311,183.070007,183.070007,2013-10-07,186.729996,180.259995,182.460007,TSLA,11485600
312,180.979996,180.979996,2013-10-04,181.179993,172.649994,176.399994,TSLA,14414000
313,173.309998,173.309998,2013-10-03,179.690002,168.00,175.050003,TSLA,23816500
314,180.949997,180.949997,2013-10-02,191.830002,175.399994,188.589996,TSLA,20775400
315,193.00,193.00,2013-10-01,194.229996,188.369995,193.960007,TSLA,7755900
316,193.369995,193.369995,2013-09-30,194.50,188.00,189.00,TSLA,8924700
317,190.899994,190.899994,2013-09-27,191.279999,186.429993,187.520004,TSLA,5916400
318,188.639999,188.639999,2013-09-26,189.679993,185.610001,186.699997,TSLA,6614400
319,185.240005,185.240005,2013-09-25,186.300003,180.50,183.559998,TSLA,8252700
320,182.330002,182.330002,2013-09-24,184.960007,177.649994,179.139999,TSLA,6273400
321,181.110001,181.110001,2013-09-23,185.479996,177.110001,184.479996,TSLA,8173400
322,183.389999,183.389999,2013-09-20,185.830002,178.559998,178.899994,TSLA,13401700
323,177.919998,177.919998,2013-09-19,180.470001,169.080002,170.800003,TSLA,15594600
324,166.220001,166.220001,2013-09-18,167.449997,164.199997,167.070007,TSLA,5439700
325,166.229996,166.229996,2013-09-17,168.419998,163.360001,165.080002,TSLA,5496900
326,166.580002,166.580002,2013-09-16,170.850006,165.850006,168.00,TSLA,7574900
327,165.539993,165.539993,2013-09-13,166.369995,162.160004,162.770004,TSLA,5401200
328,164.929993,164.929993,2013-09-12,166.759995,160.509995,164.00,TSLA,6160000
329,163.520004,163.520004,2013-09-11,167.899994,162.130005,166.410004,TSLA,5832500
330,166.369995,166.369995,2013-09-10,167.50,160.630005,161.449997,TSLA,8967800
331,160.699997,160.699997,2013-09-09,164.50,158.509995,163.119995,TSLA,14344500
332,166.970001,166.970001,2013-09-06,169.699997,165.149994,168.570007,TSLA,8619700
333,169.929993,169.929993,2013-09-05,171.50,168.25,170.100006,TSLA,6685300
334,170.619995,170.619995,2013-09-04,171.619995,165.559998,169.770004,TSLA,11475700
335,168.940002,168.940002,2013-09-03,173.699997,166.399994,173.399994,TSLA,12061100
336,169.00,169.00,2013-08-30,169.210007,163.960007,166.369995,TSLA,11028400
337,166.059998,166.059998,2013-08-29,167.75,162.509995,164.220001,TSLA,9436000
338,166.449997,166.449997,2013-08-28,171.50,163.25,169.059998,TSLA,14740100
339,167.009995,167.009995,2013-08-27,168.800003,160.949997,162.300003,TSLA,17566900
340,164.220001,164.220001,2013-08-26,173.00,160.25,165.149994,TSLA,24171100
341,161.839996,161.839996,2013-08-23,162.300003,155.00,157.00,TSLA,12931900
342,157.100006,157.100006,2013-08-22,157.479996,148.139999,149.220001,TSLA,10592400
343,147.860001,147.860001,2013-08-21,150.309998,146.25,150.00,TSLA,6266300
344,149.580002,149.580002,2013-08-20,149.779999,147.00,148.649994,TSLA,6418200
345,144.899994,144.899994,2013-08-19,147.380005,142.830002,143.429993,TSLA,8037700
346,142.00,142.00,2013-08-16,143.910004,140.970001,141.630005,TSLA,7108100
347,139.669998,139.669998,2013-08-15,143.600006,135.00,136.429993,TSLA,10179200
348,139.360001,139.360001,2013-08-14,144.839996,138.050003,142.720001,TSLA,11693800
349,145.429993,145.429993,2013-08-13,149.839996,144.449997,149.50,TSLA,8748900
350,147.380005,147.380005,2013-08-12,150.50,142.050003,149.429993,TSLA,14912200
351,153.00,153.00,2013-08-09,155.949997,151.25,152.399994,TSLA,8927700
352,153.479996,153.479996,2013-08-08,158.880005,150.460007,154.350006,TSLA,27246800
353,134.229996,134.229996,2013-08-07,141.949997,132.360001,141.889999,TSLA,18212200
354,142.149994,142.149994,2013-08-06,145.729996,141.100006,144.75,TSLA,9254500
355,144.679993,144.679993,2013-08-05,144.889999,139.649994,140.009995,TSLA,10200700
356,138.00,138.00,2013-08-02,138.25,133.610001,134.589996,TSLA,6269900
357,135.550003,135.550003,2013-08-01,136.520004,132.630005,135.00,TSLA,5323600
358,134.279999,134.279999,2013-07-31,134.970001,131.449997,132.570007,TSLA,6351700
359,131.740005,131.740005,2013-07-30,137.490005,128.179993,134.800003,TSLA,13127000
360,134.619995,134.619995,2013-07-29,135.369995,128.25,129.320007,TSLA,9678900
361,129.389999,129.389999,2013-07-26,130.679993,126.610001,128.139999,TSLA,9633100
362,124.07,124.07,2013-07-25,124.75,120.190002,120.400002,TSLA,5284300
363,121.699997,121.699997,2013-07-24,124.50,119.559998,124.470001,TSLA,6869000
364,122.739998,122.739998,2013-07-23,125.559998,121.82,124.00,TSLA,7736400
365,122.43,122.43,2013-07-22,126.68,119.879997,119.889999,TSLA,9797800
366,119.68,119.68,2013-07-19,120.550003,116.510002,118.50,TSLA,5890300
367,119.029999,119.029999,2013-07-18,122.730003,116.18,120.970001,TSLA,11398100
368,120.25,120.25,2013-07-17,121.620003,104.50,106.519997,TSLA,26029000
369,109.050003,109.050003,2013-07-16,126.32,107.300003,126.279999,TSLA,32371900
370,127.260002,127.260002,2013-07-15,133.259995,126.82,133.029999,TSLA,9922400
371,129.899994,129.899994,2013-07-12,129.940002,124.510002,125.50,TSLA,11344000
372,125.610001,125.610001,2013-07-11,126.089996,122.349998,124.879997,TSLA,7483600
373,122.269997,122.269997,2013-07-10,123.25,120.790001,123.190002,TSLA,5600100
374,123.449997,123.449997,2013-07-09,125.32,121.910004,124.639999,TSLA,8603300
375,121.610001,121.610001,2013-07-08,122.18,118.82,121.370003,TSLA,7814200
376,120.089996,120.089996,2013-07-05,120.279999,115.699997,118.32,TSLA,6818700
377,115.239998,115.239998,2013-07-03,119.25,114.269997,118.00,TSLA,4806700
378,117.82,117.82,2013-07-02,121.889999,115.50,118.25,TSLA,12064100
379,117.18,117.18,2013-07-01,117.769997,109.150002,109.360001,TSLA,10903600
380,107.360001,107.360001,2013-06-28,109.440002,106.709999,108.57,TSLA,5748600
381,109.25,109.25,2013-06-27,110.25,106.129997,106.75,TSLA,8744900
382,105.720001,105.720001,2013-06-26,105.870003,102.660004,103.800003,TSLA,6602600
383,102.400002,102.400002,2013-06-25,104.199997,100.550003,103.099998,TSLA,5848700
384,101.489998,101.489998,2013-06-24,102.870003,95.300003,96.50,TSLA,7119800
385,99.550003,99.550003,2013-06-21,103.699997,97.50,103.699997,TSLA,11718600
386,100.650002,100.650002,2013-06-20,107.129997,99.449997,104.650002,TSLA,10106500
387,104.68,104.68,2013-06-19,106.669998,102.010002,102.059998,TSLA,8578900
388,103.389999,103.389999,2013-06-18,103.980003,99.199997,101.75,TSLA,8795300
389,102.199997,102.199997,2013-06-17,104.75,101.199997,103.599998,TSLA,7066200
390,100.300003,100.300003,2013-06-14,102.519997,99.330002,100.00,TSLA,6564700
391,98.18,98.18,2013-06-13,99.279999,95.120003,99.00,TSLA,5961600
392,97.730003,97.730003,2013-06-12,100.480003,95.75,96.800003,TSLA,9192700
393,94.470001,94.470001,2013-06-11,98.68,94.050003,98.18,TSLA,7394000
394,100.050003,100.050003,2013-06-10,102.519997,98.57,98.93,TSLA,9228600
395,102.040001,102.040001,2013-06-07,102.900002,96.699997,98.00,TSLA,10711600
396,97.349998,97.349998,2013-06-06,99.269997,95.110001,95.25,TSLA,9510900
397,95.370003,95.370003,2013-06-05,97.970001,89.110001,93.660004,TSLA,12224800
398,94.839996,94.839996,2013-06-04,96.419998,92.400002,92.75,TSLA,8856100
399,92.589996,92.589996,2013-06-03,97.620003,88.25,97.620003,TSLA,19139600
400,97.760002,97.760002,2013-05-31,106.440002,97.730003,106.260002,TSLA,15172000
401,104.949997,104.949997,2013-05-30,109.540001,101.199997,102.459999,TSLA,16133700
402,104.629997,104.629997,2013-05-29,114.900002,99.00,113.550003,TSLA,25099500
403,110.330002,110.330002,2013-05-28,110.75,100.300003,101.550003,TSLA,19691900
404,97.080002,97.080002,2013-05-24,97.949997,92.00,92.599998,TSLA,16124200
405,92.730003,92.730003,2013-05-23,93.010002,83.050003,84.809998,TSLA,12022200
406,87.239998,87.239998,2013-05-22,90.959999,85.50,86.370003,TSLA,8568000
407,87.589996,87.589996,2013-05-21,89.989998,85.279999,88.50,TSLA,8998200
408,89.940002,89.940002,2013-05-20,92.50,88.629997,91.120003,TSLA,8348400
409,91.50,91.50,2013-05-17,94.440002,87.50,92.50,TSLA,19002200
410,92.25,92.25,2013-05-16,95.00,88.660004,94.699997,TSLA,21614000
411,84.839996,84.839996,2013-05-15,86.879997,78.110001,81.800003,TSLA,16878700
412,83.239998,83.239998,2013-05-14,97.120003,81.150002,94.220001,TSLA,37163900
413,87.800003,87.800003,2013-05-13,88.00,79.150002,80.989998,TSLA,22416900
414,76.760002,76.760002,2013-05-10,81.00,69.25,69.650002,TSLA,25082600
415,69.400002,69.400002,2013-05-09,75.769997,63.689999,70.120003,TSLA,28605000
416,55.790001,55.790001,2013-05-08,58.200001,55.709999,57.50,TSLA,6769900
417,55.509998,55.509998,2013-05-07,62.369999,55.119999,62.00,TSLA,9991000
418,59.50,59.50,2013-05-06,59.66,55.50,56.389999,TSLA,4366700
419,54.549999,54.549999,2013-05-03,56.470001,54.50,56.470001,TSLA,3378700
420,54.110001,54.110001,2013-05-02,55.27,53.700001,53.849998,TSLA,3050400
421,53.279999,53.279999,2013-05-01,55.990002,53.00,55.990002,TSLA,2742800
422,53.990002,53.990002,2013-04-30,58.18,53.759998,56.00,TSLA,5522600
423,54.939999,54.939999,2013-04-29,54.990002,51.200001,51.759998,TSLA,3639700
424,51.200001,51.200001,2013-04-26,53.740002,50.619999,53.130001,TSLA,3622100
425,52.00,52.00,2013-04-25,52.400002,50.50,50.50,TSLA,2795900
426,50.43,50.43,2013-04-24,51.049999,48.98,50.900002,TSLA,2630000
427,51.009998,51.009998,2013-04-23,52.919998,50.66,51.00,TSLA,3733800
428,50.189999,50.189999,2013-04-22,50.200001,47.75,48.599998,TSLA,3939400
429,47.830002,47.830002,2013-04-19,49.880001,47.07,47.459999,TSLA,3011700
430,46.970001,46.970001,2013-04-18,47.599998,45.389999,45.98,TSLA,3367900
431,45.450001,45.450001,2013-04-17,45.950001,44.540001,45.50,TSLA,2118500
432,45.59,45.59,2013-04-16,46.139999,43.91,44.189999,TSLA,3180400
433,43.299999,43.299999,2013-04-15,43.799999,42.509998,43.50,TSLA,1681400
434,43.75,43.75,2013-04-12,45.139999,43.049999,43.25,TSLA,3149400
435,43.59,43.59,2013-04-11,44.549999,41.75,42.060001,TSLA,3447400
436,41.860001,41.860001,2013-04-10,42.009998,40.610001,40.700001,TSLA,2121100
437,40.50,40.50,2013-04-09,41.830002,40.330002,41.799999,TSLA,1696100
438,41.830002,41.830002,2013-04-08,42.549999,41.509998,41.970001,TSLA,1679000
439,41.369999,41.369999,2013-04-05,42.00,40.50,42.00,TSLA,1552400
440,42.009998,42.009998,2013-04-04,42.25,40.810001,41.110001,TSLA,2264800
441,41.099998,41.099998,2013-04-03,43.470001,40.209999,43.099998,TSLA,5643600
442,44.34,44.34,2013-04-02,45.50,43.509998,43.599998,TSLA,6652400
443,43.93,43.93,2013-04-01,46.68,41.700001,42.360001,TSLA,14098500
444,37.889999,37.889999,2013-03-28,38.240002,37.75,38.23,TSLA,1158700
445,38.16,38.16,2013-03-27,38.380001,37.310001,37.939999,TSLA,1296300
446,37.860001,37.860001,2013-03-26,38.220001,37.66,37.98,TSLA,1808200
447,37.529999,37.529999,2013-03-25,38.52,36.77,37.099998,TSLA,2378800
448,36.619999,36.619999,2013-03-22,36.799999,36.200001,36.200001,TSLA,440200
449,36.009998,36.009998,2013-03-21,37.060001,35.740002,35.950001,TSLA,1146300
450,35.950001,35.950001,2013-03-20,36.07,35.16,35.259998,TSLA,1423000
451,35.080002,35.080002,2013-03-19,35.599998,34.939999,35.25,TSLA,1098500
452,35.150002,35.150002,2013-03-18,36.060001,34.919998,35.299999,TSLA,1316100
453,35.290001,35.290001,2013-03-15,36.650002,35.209999,36.639999,TSLA,3279600
454,36.849998,36.849998,2013-03-14,38.91,36.77,38.900002,TSLA,2021000
455,38.98,38.98,2013-03-13,39.490002,38.810001,39.00,TSLA,822000
456,39.119999,39.119999,2013-03-12,39.380001,38.849998,38.900002,TSLA,1275100
457,39.099998,39.099998,2013-03-11,39.439999,38.650002,38.869999,TSLA,1579500
458,38.470001,38.470001,2013-03-08,39.439999,37.360001,38.060001,TSLA,912100
459,38.23,38.23,2013-03-07,38.650002,36.880001,37.73,TSLA,1158300
460,37.689999,37.689999,2013-03-06,37.880001,36.970001,37.009998,TSLA,1150000
461,36.650002,36.650002,2013-03-05,36.919998,35.790001,36.00,TSLA,2087000
462,35.580002,35.580002,2013-03-04,35.830002,34.700001,34.77,TSLA,1757700
463,34.650002,34.650002,2013-03-01,35.080002,34.25,35.00,TSLA,1546600
464,34.830002,34.830002,2013-02-28,36.099998,34.369999,35.889999,TSLA,1964900
465,35.099998,35.099998,2013-02-27,35.41,34.400002,34.41,TSLA,1959200
466,34.43,34.43,2013-02-26,34.959999,33.799999,34.459999,TSLA,2762900
467,34.380001,34.380001,2013-02-25,36.75,34.34,36.150002,TSLA,2889400
468,36.110001,36.110001,2013-02-22,36.389999,35.599998,35.720001,TSLA,2547300
469,35.16,35.16,2013-02-21,37.389999,34.540001,36.490002,TSLA,9037800
470,38.540001,38.540001,2013-02-20,39.650002,38.459999,39.299999,TSLA,3122000
471,39.279999,39.279999,2013-02-19,39.290001,37.310001,37.360001,TSLA,2701400
472,37.040001,37.040001,2013-02-15,38.509998,36.950001,38.50,TSLA,2017600
473,38.27,38.27,2013-02-14,38.75,38.209999,38.639999,TSLA,990700
474,38.450001,38.450001,2013-02-13,39.00,38.049999,38.299999,TSLA,966800
475,37.889999,37.889999,2013-02-12,38.869999,37.290001,38.450001,TSLA,2261300
476,38.419998,38.419998,2013-02-11,39.150002,37.50,37.98,TSLA,3266300
477,39.240002,39.240002,2013-02-08,40.00,39.139999,39.450001,TSLA,1139800
478,39.48,39.48,2013-02-07,39.68,38.950001,39.189999,TSLA,1196600
479,39.169998,39.169998,2013-02-06,39.389999,37.900002,38.18,TSLA,1893200
480,38.130001,38.130001,2013-02-05,38.650002,37.68,38.00,TSLA,1310200
481,37.740002,37.740002,2013-02-04,38.419998,37.59,38.400002,TSLA,1128000
482,38.299999,38.299999,2013-02-01,38.50,37.619999,38.169998,TSLA,1100600
483,37.509998,37.509998,2013-01-31,37.869999,36.93,37.869999,TSLA,901400
484,37.52,37.52,2013-01-30,38.00,37.43,37.849998,TSLA,968100
485,37.950001,37.950001,2013-01-29,38.439999,37.130001,38.099998,TSLA,1426600
486,38.029999,38.029999,2013-01-28,38.709999,36.860001,36.860001,TSLA,1986000
487,36.98,36.98,2013-01-25,37.540001,36.799999,37.00,TSLA,1287800
488,36.990002,36.990002,2013-01-24,37.720001,35.84,36.00,TSLA,1970400
489,36.00,36.00,2013-01-23,36.240002,34.959999,35.02,TSLA,1564300
490,35.189999,35.189999,2013-01-22,35.549999,34.259998,34.560001,TSLA,1920200
491,34.52,34.52,2013-01-18,34.779999,33.82,34.740002,TSLA,3555100
492,34.380001,34.380001,2013-01-17,34.849998,33.919998,34.16,TSLA,1436700
493,34.099998,34.099998,2013-01-16,34.23,33.73,33.849998,TSLA,1378200
494,33.900002,33.900002,2013-01-15,34.25,33.080002,33.110001,TSLA,1624200
495,33.259998,33.259998,2013-01-14,33.380001,32.849998,33.080002,TSLA,925100
496,32.91,32.91,2013-01-11,34.040001,32.110001,34.040001,TSLA,1563200
497,33.529999,33.529999,2013-01-10,33.990002,33.380001,33.869999,TSLA,922500
498,33.639999,33.639999,2013-01-09,34.189999,33.400002,34.009998,TSLA,698000
499,33.68,33.68,2013-01-08,34.50,33.110001,34.50,TSLA,1284000
500,34.34,34.34,2013-01-07,34.799999,33.900002,34.799999,TSLA,442000
501,34.400002,34.400002,2013-01-04,34.799999,33.919998,34.799999,TSLA,674000
502,34.77,34.77,2013-01-03,35.450001,34.75,35.18,TSLA,742000
503,35.360001,35.360001,2013-01-02,35.450001,34.709999,35.00,TSLA,1194800
