,Adj_Close,Close,Date,High,Low,Open,Symbol,Volume
0,212.279999,212.279999,2016-06-30,213.50,209.020004,212.970001,TSLA,4843100
1,210.190002,210.190002,2016-06-29,211.779999,203.00,205.130005,TSLA,5994900
2,201.789993,201.789993,2016-06-28,204.050003,199.410004,201.889999,TSLA,6212400
3,198.550003,198.550003,2016-06-27,198.809998,187.869995,190.860001,TSLA,7205400
4,193.149994,193.149994,2016-06-24,195.119995,189.729996,190.050003,TSLA,7026500
5,196.399994,196.399994,2016-06-23,197.550003,192.130005,195.690002,TSLA,10130700
6,196.660004,196.660004,2016-06-22,205.949997,195.75,199.470001,TSLA,23742400
7,219.610001,219.610001,2016-06-21,222.570007,218.809998,220.679993,TSLA,4529000
8,219.699997,219.699997,2016-06-20,223.75,218.229996,219.50,TSLA,3555500
9,215.470001,215.470001,2016-06-17,219.990005,214.50,217.809998,TSLA,3112600
10,217.929993,217.929993,2016-06-16,218.039993,213.50,217.419998,TSLA,2440300
11,217.699997,217.699997,2016-06-15,221.899994,215.130005,216.949997,TSLA,2908500
12,214.960007,214.960007,2016-06-14,222.199997,212.529999,218.880005,TSLA,3580200
13,217.869995,217.869995,2016-06-13,225.770004,217.660004,219.50,TSLA,4193000
14,218.789993,218.789993,2016-06-10,227.970001,218.419998,227.389999,TSLA,6026600
15,229.360001,229.360001,2016-06-09,235.330002,227.059998,234.979996,TSLA,4492100
16,235.520004,235.520004,2016-06-08,240.850006,232.610001,233.800003,TSLA,5972000
17,232.339996,232.339996,2016-06-07,234.440002,221.520004,222.240005,TSLA,6213600
18,220.679993,220.679993,2016-06-06,220.899994,215.449997,218.00,TSLA,2249500
19,218.990005,218.990005,2016-06-03,221.940002,218.009995,220.00,TSLA,2229000
20,218.960007,218.960007,2016-06-02,219.910004,217.110001,219.589996,TSLA,2032800
21,219.559998,219.559998,2016-06-01,222.399994,216.889999,221.479996,TSLA,2982700
22,223.229996,223.229996,2016-05-31,224.75,221.50,223.039993,TSLA,2789000
23,223.039993,223.039993,2016-05-27,225.929993,220.75,224.990005,TSLA,3650300
24,225.119995,225.119995,2016-05-26,225.259995,219.050003,220.50,TSLA,4072400
25,219.580002,219.580002,2016-05-25,221.360001,216.509995,217.910004,TSLA,3126800
26,217.910004,217.910004,2016-05-24,218.740005,215.179993,216.600006,TSLA,3013800
27,216.220001,216.220001,2016-05-23,222.600006,215.860001,219.869995,TSLA,5102500
28,220.279999,220.279999,2016-05-20,220.550003,216.350006,216.990005,TSLA,9007100
29,215.210007,215.210007,2016-05-19,216.789993,207.300003,213.619995,TSLA,6866300
30,211.169998,211.169998,2016-05-18,215.309998,207.75,209.149994,TSLA,5617500
31,204.660004,204.660004,2016-05-17,209.820007,204.020004,209.050003,TSLA,2843600
32,208.289993,208.289993,2016-05-16,213.149994,207.919998,208.149994,TSLA,2949400
33,207.610001,207.610001,2016-05-13,211.199997,206.699997,207.779999,TSLA,2822800
34,207.279999,207.279999,2016-05-12,211.669998,203.660004,211.440002,TSLA,3650500
35,208.960007,208.960007,2016-05-11,215.479996,206.050003,207.589996,TSLA,5161900
36,208.690002,208.690002,2016-05-10,209.470001,205.00,207.550003,TSLA,4070600
37,208.919998,208.919998,2016-05-09,216.149994,206.800003,215.720001,TSLA,4776400
38,214.929993,214.929993,2016-05-06,216.369995,208.110001,210.869995,TSLA,5685200
39,211.529999,211.529999,2016-05-05,228.639999,209.789993,228.460007,TSLA,11254800
40,222.559998,222.559998,2016-05-04,234.460007,220.399994,230.289993,TSLA,8262500
41,232.320007,232.320007,2016-05-03,238.910004,231.619995,237.360001,TSLA,4302200
42,241.800003,241.800003,2016-05-02,243.190002,234.820007,241.50,TSLA,3843900
43,240.759995,240.759995,2016-04-29,248.429993,237.809998,248.139999,TSLA,5413800
44,247.710007,247.710007,2016-04-28,253.429993,247.440002,249.850006,TSLA,2519000
45,251.470001,251.470001,2016-04-27,255.00,249.399994,252.75,TSLA,3205800
46,253.740005,253.740005,2016-04-26,255.729996,249.389999,252.050003,TSLA,3223800
47,251.820007,251.820007,2016-04-25,257.380005,250.759995,253.009995,TSLA,3670300
48,253.75,253.75,2016-04-22,254.00,245.710007,248.889999,TSLA,3786300
49,248.289993,248.289993,2016-04-21,250.899994,246.910004,248.990005,TSLA,2783100
50,249.970001,249.970001,2016-04-20,253.660004,241.50,246.259995,TSLA,5194100
51,247.369995,247.369995,2016-04-19,254.369995,241.25,253.119995,TSLA,6357500
52,253.880005,253.880005,2016-04-18,258.309998,251.660004,252.229996,TSLA,4271400
53,254.509995,254.509995,2016-04-15,254.600006,249.119995,251.309998,TSLA,3752400
54,251.860001,251.860001,2016-04-14,256.839996,251.050003,253.00,TSLA,4132200
55,254.529999,254.529999,2016-04-13,255.50,247.330002,248.509995,TSLA,4925600
56,247.820007,247.820007,2016-04-12,251.800003,243.630005,249.50,TSLA,5763200
57,249.919998,249.919998,2016-04-11,258.98999,245.300003,251.00,TSLA,9161700
58,250.070007,250.070007,2016-04-08,260.820007,248.020004,260.50,TSLA,7363900
59,257.200012,257.200012,2016-04-07,269.339996,254.509995,266.450012,TSLA,8856200
60,265.420013,265.420013,2016-04-06,267.73999,253.449997,253.970001,TSLA,11705500
61,255.470001,255.470001,2016-04-05,256.559998,240.00,240.50,TSLA,9948700
62,246.990005,246.990005,2016-04-04,252.119995,243.639999,249.119995,TSLA,13475300
63,237.589996,237.589996,2016-04-01,247.899994,233.25,244.830002,TSLA,15997500
64,229.770004,229.770004,2016-03-31,237.419998,225.009995,229.339996,TSLA,8012900
65,226.889999,226.889999,2016-03-30,235.50,226.50,235.089996,TSLA,4033000
66,230.130005,230.130005,2016-03-29,232.380005,225.330002,229.889999,TSLA,4014300
67,230.259995,230.259995,2016-03-28,234.809998,225.00,231.610001,TSLA,3925700
68,227.75,227.75,2016-03-24,228.889999,215.00,215.779999,TSLA,4960900
69,222.580002,222.580002,2016-03-23,234.729996,222.029999,232.369995,TSLA,4948800
70,234.240005,234.240005,2016-03-22,238.990005,232.559998,237.210007,TSLA,4316000
71,238.320007,238.320007,2016-03-21,239.880005,235.00,235.339996,TSLA,5307800
72,232.740005,232.740005,2016-03-18,234.479996,228.059998,229.100006,TSLA,4711800
73,226.380005,226.380005,2016-03-17,228.50,220.00,221.470001,TSLA,3782900
74,221.929993,221.929993,2016-03-16,222.580002,217.020004,218.00,TSLA,3516700
75,218.339996,218.339996,2016-03-15,218.970001,211.50,214.270004,TSLA,3180500
76,215.149994,215.149994,2016-03-14,216.720001,210.639999,212.649994,TSLA,4065700
77,207.50,207.50,2016-03-11,209.419998,205.330002,207.929993,TSLA,3343100
78,205.179993,205.179993,2016-03-10,213.289993,200.669998,210.00,TSLA,5192500
79,208.720001,208.720001,2016-03-09,209.369995,202.789993,204.520004,TSLA,3208600
80,202.600006,202.600006,2016-03-08,207.50,202.199997,203.50,TSLA,4178700
81,205.289993,205.289993,2016-03-07,209.699997,197.399994,197.679993,TSLA,5329400
82,201.039993,201.039993,2016-03-04,204.029999,197.50,198.00,TSLA,6489100
83,195.740005,195.740005,2016-03-03,197.419998,184.220001,188.279999,TSLA,4829000
84,188.339996,188.339996,2016-03-02,188.520004,181.50,183.729996,TSLA,4862400
85,186.350006,186.350006,2016-03-01,195.949997,182.699997,194.25,TSLA,6712200
86,191.929993,191.929993,2016-02-29,196.350006,189.220001,192.399994,TSLA,4499000
87,190.339996,190.339996,2016-02-26,192.00,185.00,188.699997,TSLA,6065100
88,187.429993,187.429993,2016-02-25,188.520004,175.199997,178.649994,TSLA,5750700
89,179.00,179.00,2016-02-24,179.50,167.839996,172.75,TSLA,5395600
90,177.210007,177.210007,2016-02-23,181.729996,173.679993,176.160004,TSLA,5984400
91,177.740005,177.740005,2016-02-22,178.910004,169.850006,170.119995,TSLA,5060100
92,166.580002,166.580002,2016-02-19,167.490005,162.50,163.660004,TSLA,2959400
93,166.770004,166.770004,2016-02-18,172.949997,164.770004,172.419998,TSLA,3887600
94,168.679993,168.679993,2016-02-17,169.339996,156.679993,159.00,TSLA,5825200
95,155.169998,155.169998,2016-02-16,162.949997,154.110001,158.699997,TSLA,5593800
96,151.039993,151.039993,2016-02-12,157.009995,143.699997,155.00,TSLA,7235800
97,150.470001,150.470001,2016-02-11,163.259995,147.00,152.00,TSLA,14252400
98,143.669998,143.669998,2016-02-10,154.970001,141.740005,150.50,TSLA,10406500
99,148.25,148.25,2016-02-09,159.789993,141.050003,142.320007,TSLA,8651600
100,147.990005,147.990005,2016-02-08,157.149994,146.00,157.100006,TSLA,9313000
101,162.600006,162.600006,2016-02-05,173.00,157.740005,171.300003,TSLA,9437600
102,175.330002,175.330002,2016-02-04,175.979996,166.990005,170.699997,TSLA,4385400
103,173.479996,173.479996,2016-02-03,183.940002,170.179993,183.589996,TSLA,7931400
104,182.779999,182.779999,2016-02-02,193.119995,180.229996,192.419998,TSLA,5773600
105,196.940002,196.940002,2016-02-01,199.520004,182.75,188.759995,TSLA,5297600
106,191.199997,191.199997,2016-01-29,193.740005,188.080002,189.949997,TSLA,2852300
107,189.699997,189.699997,2016-01-28,191.279999,182.410004,190.789993,TSLA,4592800
108,188.070007,188.070007,2016-01-27,193.259995,185.770004,192.380005,TSLA,3617200
109,193.559998,193.559998,2016-01-26,197.820007,188.880005,196.699997,TSLA,4964200
110,196.380005,196.380005,2016-01-25,203.570007,195.880005,200.059998,TSLA,2698700
111,202.550003,202.550003,2016-01-22,205.50,199.029999,204.800003,TSLA,3124100
112,199.970001,199.970001,2016-01-21,203.229996,195.020004,201.550003,TSLA,3166200
113,198.699997,198.699997,2016-01-20,201.279999,191.25,199.399994,TSLA,5838600
114,204.720001,204.720001,2016-01-19,210.470001,200.779999,208.710007,TSLA,4038700
115,204.990005,204.990005,2016-01-15,205.070007,197.25,198.970001,TSLA,5322200
116,206.179993,206.179993,2016-01-14,210.00,193.380005,202.210007,TSLA,6490700
117,200.309998,200.309998,2016-01-13,212.649994,200.00,212.009995,TSLA,4126400
118,209.970001,209.970001,2016-01-12,213.740005,205.309998,211.600006,TSLA,3091900
119,207.850006,207.850006,2016-01-11,214.449997,203.00,214.009995,TSLA,4091400
120,211.00,211.00,2016-01-08,220.440002,210.770004,217.860001,TSLA,3628100
121,215.649994,215.649994,2016-01-07,218.440002,213.669998,214.190002,TSLA,3554300
122,219.039993,219.039993,2016-01-06,220.050003,215.979996,220.00,TSLA,3779100
123,223.429993,223.429993,2016-01-05,226.889999,220.00,226.360001,TSLA,3186800
124,223.410004,223.410004,2016-01-04,231.380005,219.00,230.720001,TSLA,6827100
125,240.009995,240.009995,2015-12-31,243.449997,238.369995,238.509995,TSLA,2683200
126,238.089996,238.089996,2015-12-30,243.630005,235.669998,236.600006,TSLA,3697900
127,237.190002,237.190002,2015-12-29,237.720001,229.550003,230.059998,TSLA,2406300
128,228.949997,228.949997,2015-12-28,231.979996,225.539993,231.490005,TSLA,1901300
129,230.570007,230.570007,2015-12-24,231.880005,228.279999,230.559998,TSLA,708000
130,229.699997,229.699997,2015-12-23,233.449997,228.130005,232.179993,TSLA,1555000
131,229.949997,229.949997,2015-12-22,236.550003,229.630005,234.990005,TSLA,1961500
132,232.559998,232.559998,2015-12-21,235.830002,231.080002,231.690002,TSLA,1953200
133,230.460007,230.460007,2015-12-18,235.899994,229.289993,232.889999,TSLA,3014200
134,233.389999,233.389999,2015-12-17,237.759995,229.809998,233.940002,TSLA,3298600
135,234.509995,234.509995,2015-12-16,234.880005,220.729996,222.100006,TSLA,5104300
136,221.089996,221.089996,2015-12-15,222.220001,218.00,221.820007,TSLA,2244400
137,218.580002,218.580002,2015-12-14,220.919998,214.869995,217.509995,TSLA,2827100
138,217.020004,217.020004,2015-12-11,225.75,216.639999,225.240005,TSLA,3268700
139,227.070007,227.070007,2015-12-10,228.490005,223.639999,224.710007,TSLA,2067000
140,224.520004,224.520004,2015-12-09,227.50,220.720001,226.699997,TSLA,3057800
141,226.720001,226.720001,2015-12-08,228.800003,224.199997,227.520004,TSLA,2687600
142,231.130005,231.130005,2015-12-07,235.630005,226.149994,227.699997,TSLA,3144200
143,230.380005,230.380005,2015-12-04,233.270004,227.660004,232.460007,TSLA,2573600
144,232.710007,232.710007,2015-12-03,237.449997,230.00,235.479996,TSLA,2939600
145,231.990005,231.990005,2015-12-02,238.600006,231.229996,237.00,TSLA,2981500
146,237.190002,237.190002,2015-12-01,238.00,231.050003,231.059998,TSLA,3734000
147,230.259995,230.259995,2015-11-30,234.279999,229.080002,231.789993,TSLA,2659800
148,231.610001,231.610001,2015-11-27,232.25,227.009995,231.059998,TSLA,1949400
149,229.639999,229.639999,2015-11-25,230.830002,220.380005,221.339996,TSLA,3990800
150,218.25,218.25,2015-11-24,221.00,215.00,215.369995,TSLA,2480300
151,217.75,217.75,2015-11-23,219.179993,214.679993,217.350006,TSLA,2526200
152,220.009995,220.009995,2015-11-20,225.00,213.580002,223.490005,TSLA,4400700
153,221.800003,221.800003,2015-11-19,226.190002,220.300003,220.539993,TSLA,2504400
154,221.070007,221.070007,2015-11-18,221.380005,212.520004,214.50,TSLA,2811900
155,214.00,214.00,2015-11-17,216.00,211.399994,215.199997,TSLA,2148700
156,214.309998,214.309998,2015-11-16,214.979996,205.800003,206.089996,TSLA,2925400
157,207.190002,207.190002,2015-11-13,212.990005,206.520004,212.949997,TSLA,3430300
158,212.940002,212.940002,2015-11-12,219.00,212.660004,217.850006,TSLA,2915900
159,219.080002,219.080002,2015-11-11,219.479996,213.630005,217.770004,TSLA,3347800
160,216.50,216.50,2015-11-10,223.699997,216.080002,223.479996,TSLA,4617000
161,225.330002,225.330002,2015-11-09,232.990005,224.309998,232.990005,TSLA,3850900
162,232.360001,232.360001,2015-11-06,233.360001,229.50,230.699997,TSLA,2445300
163,231.770004,231.770004,2015-11-05,234.580002,229.190002,230.580002,TSLA,4496800
164,231.630005,231.630005,2015-11-04,232.740005,225.199997,227.00,TSLA,12726400
165,208.350006,208.350006,2015-11-03,214.440002,207.75,213.850006,TSLA,8332500
166,213.789993,213.789993,2015-11-02,215.800003,207.220001,208.919998,TSLA,3927900
167,206.929993,206.929993,2015-10-30,211.630005,203.889999,210.399994,TSLA,4438900
168,211.630005,211.630005,2015-10-29,213.75,210.639999,211.75,TSLA,1805000
169,212.960007,212.960007,2015-10-28,213.449997,208.300003,211.309998,TSLA,2728600
170,210.350006,210.350006,2015-10-27,217.100006,207.509995,214.839996,TSLA,3519400
171,215.259995,215.259995,2015-10-26,215.880005,210.00,211.380005,TSLA,3391400
172,209.089996,209.089996,2015-10-23,215.350006,207.690002,215.00,TSLA,4235500
173,211.720001,211.720001,2015-10-22,215.75,209.399994,211.559998,TSLA,2825200
174,210.089996,210.089996,2015-10-21,214.809998,208.800003,211.990005,TSLA,4151500
175,213.029999,213.029999,2015-10-20,228.600006,202.00,227.720001,TSLA,14863300
176,228.100006,228.100006,2015-10-19,231.149994,224.940002,226.50,TSLA,2507900
177,227.009995,227.009995,2015-10-16,230.479996,222.869995,223.039993,TSLA,4334500
178,221.309998,221.309998,2015-10-15,221.729996,213.699997,216.429993,TSLA,2844200
179,216.880005,216.880005,2015-10-14,220.949997,215.429993,220.669998,TSLA,3104400
180,219.25,219.25,2015-10-13,222.520004,211.130005,213.279999,TSLA,5171500
181,215.580002,215.580002,2015-10-12,223.00,215.270004,222.990005,TSLA,3836300
182,220.690002,220.690002,2015-10-09,224.369995,218.360001,220.929993,TSLA,6158400
183,226.720001,226.720001,2015-10-08,230.720001,221.309998,230.080002,TSLA,6133200
184,231.960007,231.960007,2015-10-07,237.699997,229.119995,236.630005,TSLA,6814000
185,241.460007,241.460007,2015-10-06,243.029999,235.580002,240.00,TSLA,5225200
186,246.149994,246.149994,2015-10-05,249.839996,244.130005,248.839996,TSLA,3689900
187,247.570007,247.570007,2015-10-02,247.699997,234.929993,235.600006,TSLA,4424000
188,239.880005,239.880005,2015-10-01,248.50,237.130005,247.509995,TSLA,4573000
189,248.399994,248.399994,2015-09-30,252.399994,242.339996,252.00,TSLA,4929600
190,246.649994,246.649994,2015-09-29,254.729996,245.460007,250.460007,TSLA,3703200
191,248.429993,248.429993,2015-09-28,259.790009,246.610001,257.350006,TSLA,4901100
192,256.910004,256.910004,2015-09-25,266.910004,256.149994,266.609985,TSLA,3773400
193,263.119995,263.119995,2015-09-24,263.450012,256.209991,259.529999,TSLA,3448200
194,261.059998,261.059998,2015-09-23,262.079987,257.579987,261.950012,TSLA,2600800
195,260.940002,260.940002,2015-09-22,262.649994,255.869995,259.029999,TSLA,3664400
196,264.200012,264.200012,2015-09-21,271.570007,255.800003,263.980011,TSLA,6120200
197,260.619995,260.619995,2015-09-18,263.820007,257.50,257.959991,TSLA,3763100
198,262.070007,262.070007,2015-09-17,265.50,260.690002,263.959991,TSLA,3585800
199,262.25,262.25,2015-09-16,262.880005,252.880005,253.039993,TSLA,4417100
200,253.570007,253.570007,2015-09-15,254.600006,249.50,252.75,TSLA,2933500
201,253.190002,253.190002,2015-09-14,254.25,249.669998,251.100006,TSLA,2890900
202,250.240005,250.240005,2015-09-11,250.240005,244.729996,247.639999,TSLA,2350800
203,248.479996,248.479996,2015-09-10,250.720001,245.330002,247.229996,TSLA,2709000
204,248.910004,248.910004,2015-09-09,254.25,248.300003,252.050003,TSLA,3390800
205,248.169998,248.169998,2015-09-08,249.160004,244.050003,245.050003,TSLA,3138200
206,241.929993,241.929993,2015-09-04,244.089996,238.199997,240.889999,TSLA,3689200
207,245.570007,245.570007,2015-09-03,252.080002,245.00,252.059998,TSLA,4194800
208,247.690002,247.690002,2015-09-02,247.880005,239.779999,245.300003,TSLA,4629200
209,238.630005,238.630005,2015-09-01,246.00,236.970001,240.339996,TSLA,5454800
210,249.059998,249.059998,2015-08-31,254.949997,245.509995,245.619995,TSLA,4700200
211,248.479996,248.479996,2015-08-28,251.449997,241.570007,241.860001,TSLA,5513700
212,242.990005,242.990005,2015-08-27,244.75,230.809998,231.00,TSLA,7656000
213,224.839996,224.839996,2015-08-26,228.00,215.509995,227.929993,TSLA,4963000
214,220.029999,220.029999,2015-08-25,230.899994,219.119995,230.520004,TSLA,4327300
215,218.869995,218.869995,2015-08-24,231.399994,195.00,202.789993,TSLA,9581600
216,230.770004,230.770004,2015-08-21,243.800003,230.509995,236.00,TSLA,6590200
217,242.179993,242.179993,2015-08-20,254.559998,241.899994,252.059998,TSLA,4905800
218,255.25,255.25,2015-08-19,260.649994,255.020004,260.329987,TSLA,3596200
219,260.720001,260.720001,2015-08-18,260.950012,253.559998,255.380005,TSLA,4195000
220,254.990005,254.990005,2015-08-17,256.589996,250.509995,255.559998,TSLA,7176700
221,243.149994,243.149994,2015-08-14,247.929993,241.770004,247.240005,TSLA,4364800
222,242.509995,242.509995,2015-08-13,246.479996,239.119995,239.860001,TSLA,4689200
223,238.169998,238.169998,2015-08-12,239.770004,232.740005,235.00,TSLA,3728000
224,237.369995,237.369995,2015-08-11,239.300003,234.440002,237.149994,TSLA,4264900
225,241.139999,241.139999,2015-08-10,242.970001,236.050003,238.149994,TSLA,4185900
226,242.509995,242.509995,2015-08-07,243.729996,238.389999,243.580002,TSLA,5073400
227,246.130005,246.130005,2015-08-06,255.00,236.119995,249.539993,TSLA,14623800
228,270.130005,270.130005,2015-08-05,271.00,260.399994,263.579987,TSLA,6214300
229,266.279999,266.279999,2015-08-04,266.720001,258.339996,260.01001,TSLA,2352500
230,259.98999,259.98999,2015-08-03,266.709991,257.070007,266.290009,TSLA,2553500
231,266.149994,266.149994,2015-07-31,269.359985,265.119995,267.600006,TSLA,2222600
232,266.790009,266.790009,2015-07-30,266.940002,262.109985,262.690002,TSLA,2034600
233,263.820007,263.820007,2015-07-29,267.890015,262.00,264.269989,TSLA,2790100
234,264.820007,264.820007,2015-07-28,265.399994,251.839996,255.75,TSLA,3895800
235,253.009995,253.009995,2015-07-27,264.429993,250.789993,262.429993,TSLA,4694200
236,265.410004,265.410004,2015-07-24,271.089996,263.920013,267.380005,TSLA,2836500
237,267.200012,267.200012,2015-07-23,269.899994,265.269989,269.649994,TSLA,2227200
238,267.869995,267.869995,2015-07-22,269.440002,260.859985,261.269989,TSLA,3105000
239,266.769989,266.769989,2015-07-21,273.50,266.549988,270.049988,TSLA,6108700
240,282.26001,282.26001,2015-07-20,286.649994,272.540009,275.00,TSLA,4978500
241,274.660004,274.660004,2015-07-17,275.540009,268.25,272.50,TSLA,5004100
242,266.679993,266.679993,2015-07-16,267.200012,263.160004,264.220001,TSLA,1616000
243,263.140015,263.140015,2015-07-15,267.48999,262.079987,266.73999,TSLA,2021600
244,265.649994,265.649994,2015-07-14,265.98999,260.51001,262.100006,TSLA,1907600
245,262.160004,262.160004,2015-07-13,262.549988,256.049988,262.25,TSLA,2960300
246,259.149994,259.149994,2015-07-10,263.00,257.820007,262.220001,TSLA,2610900
247,257.920013,257.920013,2015-07-09,262.950012,256.790009,259.079987,TSLA,3325100
248,254.960007,254.960007,2015-07-08,260.799988,254.309998,259.320007,TSLA,6221100
249,267.880005,267.880005,2015-07-07,275.200012,260.769989,275.00,TSLA,6105100
250,279.720001,279.720001,2015-07-06,281.690002,276.299988,278.880005,TSLA,4121900
251,280.019989,280.019989,2015-07-02,282.450012,273.309998,280.200012,TSLA,7163900
252,269.149994,269.149994,2015-07-01,272.619995,267.850006,271.109985,TSLA,2101200
253,268.26001,268.26001,2015-06-30,270.920013,264.00,264.799988,TSLA,3086900
254,262.019989,262.019989,2015-06-29,265.950012,260.700012,261.950012,TSLA,3478900
255,267.089996,267.089996,2015-06-26,269.109985,266.00,268.890015,TSLA,3838400
256,268.790009,268.790009,2015-06-25,271.410004,265.25,266.450012,TSLA,2849200
257,265.170013,265.170013,2015-06-24,267.350006,263.720001,266.980011,TSLA,2412300
258,267.670013,267.670013,2015-06-23,268.00,258.570007,260.320007,TSLA,3870800
259,259.790009,259.790009,2015-06-22,264.399994,255.690002,262.149994,TSLA,4561100
260,262.51001,262.51001,2015-06-19,263.799988,260.100006,262.399994,TSLA,2463000
261,261.890015,261.890015,2015-06-18,263.459991,260.019989,262.00,TSLA,2782700
262,260.410004,260.410004,2015-06-17,264.359985,252.020004,252.169998,TSLA,5512900
263,253.119995,253.119995,2015-06-16,253.440002,249.100006,250.130005,TSLA,1984700
264,250.380005,250.380005,2015-06-15,251.279999,246.009995,249.699997,TSLA,2186200
265,250.690002,250.690002,2015-06-12,253.460007,250.210007,250.210007,TSLA,1422300
266,251.410004,251.410004,2015-06-11,254.369995,250.429993,253.259995,TSLA,2044100
267,250.699997,250.699997,2015-06-10,254.00,248.50,251.899994,TSLA,3454500
268,256.00,256.00,2015-06-09,257.73999,254.139999,255.399994,TSLA,2611100
269,256.290009,256.290009,2015-06-08,258.75,250.309998,250.850006,TSLA,5017000
270,249.139999,249.139999,2015-06-05,249.699997,245.679993,246.00,TSLA,3022000
271,245.919998,245.919998,2015-06-04,249.300003,245.710007,247.50,TSLA,2453600
272,248.990005,248.990005,2015-06-03,250.720001,247.009995,248.199997,TSLA,1775500
273,248.350006,248.350006,2015-06-02,249.399994,246.300003,248.919998,TSLA,2134800
274,249.449997,249.449997,2015-06-01,251.600006,247.470001,251.410004,TSLA,2505100
275,250.800003,250.800003,2015-05-29,252.869995,249.429993,251.00,TSLA,3789300
276,251.449997,251.449997,2015-05-28,251.800003,245.050003,247.029999,TSLA,3647300
277,247.429993,247.429993,2015-05-27,249.50,245.550003,248.509995,TSLA,3408200
278,247.460007,247.460007,2015-05-26,252.00,246.50,247.679993,TSLA,3498700
279,247.729996,247.729996,2015-05-22,248.600006,245.009995,245.380005,TSLA,2223100
280,245.619995,245.619995,2015-05-21,246.619995,242.360001,243.029999,TSLA,1970600
281,244.350006,244.350006,2015-05-20,247.740005,241.369995,247.130005,TSLA,3755600
282,247.139999,247.139999,2015-05-19,251.00,246.149994,248.429993,TSLA,3674200
283,248.75,248.75,2015-05-18,249.899994,246.00,247.00,TSLA,3353200
284,248.839996,248.839996,2015-05-15,249.399994,242.50,243.929993,TSLA,4527600
285,244.100006,244.100006,2015-05-14,244.889999,241.25,244.820007,TSLA,2895900
286,243.179993,243.179993,2015-05-13,248.300003,242.25,247.610001,TSLA,5440200
287,244.740005,244.740005,2015-05-12,246.350006,238.190002,240.110001,TSLA,6363400
288,239.490005,239.490005,2015-05-11,242.880005,235.309998,236.289993,TSLA,5672300
289,236.610001,236.610001,2015-05-08,238.410004,233.699997,235.990005,TSLA,4668200
290,236.800003,236.800003,2015-05-07,237.479996,220.25,221.00,TSLA,9455900
291,230.429993,230.429993,2015-05-06,234.470001,228.199997,234.100006,TSLA,5270900
292,232.949997,232.949997,2015-05-05,239.50,229.130005,237.759995,TSLA,5796900
293,230.509995,230.509995,2015-05-04,234.729996,227.110001,228.179993,TSLA,4434600
294,226.029999,226.029999,2015-05-01,231.770004,220.410004,229.940002,TSLA,5281700
295,226.050003,226.050003,2015-04-30,232.889999,225.169998,230.389999,TSLA,3911900
296,232.449997,232.449997,2015-04-29,234.970001,227.630005,230.050003,TSLA,3936100
297,230.479996,230.479996,2015-04-28,235.50,228.029999,234.75,TSLA,6085400
298,231.550003,231.550003,2015-04-27,238.75,222.00,222.559998,TSLA,11672600
299,218.429993,218.429993,2015-04-24,220.800003,218.009995,220.50,TSLA,2427800
300,218.600006,218.600006,2015-04-23,221.479996,217.149994,218.270004,TSLA,4411200
301,219.440002,219.440002,2015-04-22,221.880005,211.690002,212.50,TSLA,7863000
302,209.410004,209.410004,2015-04-21,210.75,204.309998,205.800003,TSLA,3432500
303,205.270004,205.270004,2015-04-20,207.850006,203.850006,206.779999,TSLA,2559300
304,206.789993,206.789993,2015-04-17,206.880005,203.50,204.990005,TSLA,2469900
305,206.699997,206.699997,2015-04-16,209.169998,206.289993,207.699997,TSLA,1659100
306,207.830002,207.830002,2015-04-15,209.589996,206.600006,207.460007,TSLA,1952400
307,207.460007,207.460007,2015-04-14,209.490005,205.50,208.570007,TSLA,3026000
308,209.779999,209.779999,2015-04-13,213.00,209.050003,210.440002,TSLA,3758200
309,210.899994,210.899994,2015-04-10,211.649994,209.00,209.850006,TSLA,4067700
310,210.089996,210.089996,2015-04-09,210.369995,206.119995,208.429993,TSLA,3800200
311,207.669998,207.669998,2015-04-08,210.899994,205.869995,208.199997,TSLA,6303100
312,203.25,203.25,2015-04-07,205.059998,201.139999,202.509995,TSLA,4347900
313,203.100006,203.100006,2015-04-06,207.75,197.50,198.00,TSLA,12455800
314,191.00,191.00,2015-04-02,193.229996,190.00,190.229996,TSLA,5010400
315,187.589996,187.589996,2015-04-01,192.300003,186.050003,188.699997,TSLA,3794600
316,188.770004,188.770004,2015-03-31,193.759995,188.410004,193.529999,TSLA,5026600
317,190.570007,190.570007,2015-03-30,192.25,181.800003,185.850006,TSLA,10089500
318,185.00,185.00,2015-03-27,189.289993,181.399994,189.070007,TSLA,8604900
319,190.410004,190.410004,2015-03-26,194.789993,189.699997,193.919998,TSLA,4128000
320,194.300003,194.300003,2015-03-25,198.589996,192.699997,198.270004,TSLA,5730400
321,201.720001,201.720001,2015-03-24,203.789993,199.75,201.580002,TSLA,3649900
322,199.630005,199.630005,2015-03-23,200.50,197.470001,198.50,TSLA,2631600
323,198.080002,198.080002,2015-03-20,198.990005,195.619995,197.449997,TSLA,4269500
324,195.649994,195.649994,2015-03-19,204.589996,194.529999,202.00,TSLA,8475200
325,200.710007,200.710007,2015-03-18,200.880005,193.110001,194.960007,TSLA,4820900
326,194.729996,194.729996,2015-03-17,198.710007,193.940002,195.429993,TSLA,4894100
327,195.699997,195.699997,2015-03-16,195.910004,189.800003,192.00,TSLA,5628800
328,188.679993,188.679993,2015-03-13,191.75,187.320007,188.949997,TSLA,5434300
329,191.070007,191.070007,2015-03-12,194.449997,189.75,193.75,TSLA,4149300
330,193.740005,193.740005,2015-03-11,196.179993,191.009995,191.149994,TSLA,4974900
331,190.320007,190.320007,2015-03-10,193.50,187.600006,188.460007,TSLA,5579700
332,190.880005,190.880005,2015-03-09,194.490005,188.25,194.389999,TSLA,6736700
333,193.880005,193.880005,2015-03-06,200.75,192.149994,199.210007,TSLA,6712400
334,200.630005,200.630005,2015-03-05,206.190002,200.149994,202.850006,TSLA,4877000
335,202.440002,202.440002,2015-03-04,202.520004,197.210007,199.25,TSLA,4222000
336,199.559998,199.559998,2015-03-03,200.240005,195.320007,196.809998,TSLA,4432300
337,197.330002,197.330002,2015-03-02,203.339996,195.830002,202.699997,TSLA,7922100
338,203.339996,203.339996,2015-02-27,208.550003,202.800003,206.899994,TSLA,3882100
339,207.190002,207.190002,2015-02-26,211.089996,202.220001,204.00,TSLA,6472900
340,203.759995,203.759995,2015-02-25,207.139999,202.580002,204.940002,TSLA,3909500
341,204.110001,204.110001,2015-02-24,207.289993,201.699997,207.289993,TSLA,6603600
342,207.339996,207.339996,2015-02-23,218.199997,206.330002,215.660004,TSLA,8499800
343,217.110001,217.110001,2015-02-20,217.600006,209.809998,210.779999,TSLA,5982100
344,211.710007,211.710007,2015-02-19,212.440002,203.75,205.00,TSLA,5154100
345,204.460007,204.460007,2015-02-18,206.169998,202.600006,204.169998,TSLA,2713600
346,204.350006,204.350006,2015-02-17,205.699997,201.50,205.699997,TSLA,3979600
347,203.770004,203.770004,2015-02-13,205.990005,200.910004,202.899994,TSLA,6191000
348,202.880005,202.880005,2015-02-12,203.089996,193.279999,193.570007,TSLA,15649600
349,212.800003,212.800003,2015-02-11,214.740005,207.279999,212.210007,TSLA,9769100
350,216.289993,216.289993,2015-02-10,220.50,215.00,217.550003,TSLA,5390500
351,217.479996,217.479996,2015-02-09,217.929993,211.990005,215.380005,TSLA,3472400
352,217.360001,217.360001,2015-02-06,223.399994,216.50,222.00,TSLA,3243900
353,220.990005,220.990005,2015-02-05,225.479996,219.639999,219.880005,TSLA,3522900
354,218.550003,218.550003,2015-02-04,221.479996,216.800003,218.289993,TSLA,3305400
355,218.360001,218.360001,2015-02-03,220.369995,211.270004,213.220001,TSLA,4826200
356,210.940002,210.940002,2015-02-02,211.949997,203.300003,203.970001,TSLA,4149200
357,203.600006,203.600006,2015-01-30,207.470001,203.00,203.960007,TSLA,3007000
358,205.199997,205.199997,2015-01-29,205.979996,196.50,201.070007,TSLA,3548100
359,199.369995,199.369995,2015-01-28,206.369995,198.419998,206.110001,TSLA,3149600
360,205.979996,205.979996,2015-01-27,208.029999,203.300003,204.419998,TSLA,2781000
361,206.550003,206.550003,2015-01-26,208.619995,201.050003,201.830002,TSLA,3234500
362,201.289993,201.289993,2015-01-23,203.50,198.330002,200.289993,TSLA,3438600
363,201.619995,201.619995,2015-01-22,203.240005,195.199997,197.00,TSLA,4116900
364,196.570007,196.570007,2015-01-21,198.679993,189.509995,189.550003,TSLA,4153000
365,191.929993,191.929993,2015-01-20,194.119995,187.039993,193.869995,TSLA,4503200
366,193.070007,193.070007,2015-01-16,194.490005,189.649994,190.699997,TSLA,3603200
367,191.869995,191.869995,2015-01-15,195.75,190.00,194.490005,TSLA,5216500
368,192.690002,192.690002,2015-01-14,195.199997,185.00,185.830002,TSLA,11513900
369,204.25,204.25,2015-01-13,207.610001,200.910004,203.320007,TSLA,4477300
370,202.210007,202.210007,2015-01-12,204.470001,199.25,203.050003,TSLA,5950300
371,206.660004,206.660004,2015-01-09,209.979996,204.960007,208.919998,TSLA,4668300
372,210.619995,210.619995,2015-01-08,213.800003,210.009995,212.809998,TSLA,3442500
373,210.949997,210.949997,2015-01-07,214.779999,209.779999,213.350006,TSLA,2968400
374,211.279999,211.279999,2015-01-06,214.199997,204.210007,210.059998,TSLA,6261900
375,210.089996,210.089996,2015-01-05,216.50,207.160004,214.550003,TSLA,5368500
376,219.309998,219.309998,2015-01-02,223.25,213.259995,222.869995,TSLA,4764400
