,Adj_Close,Close,Date,High,Low,Open,Symbol,Volume
0,32.553241,32.799999,2016-06-30,32.880001,31.969999,32.00,INTC,34528900
1,31.689787,31.93,2016-06-29,31.98,31.309999,31.35,INTC,22771100
2,30.955354,31.190001,2016-06-28,31.200001,30.809999,30.969999,INTC,23693900
3,30.488889,30.719999,2016-06-27,31.41,30.440001,31.41,INTC,34965100
4,31.312645,31.549999,2016-06-24,32.32,31.40,31.799999,INTC,38094300
5,32.741814,32.990002,2016-06-23,33.00,32.50,32.580002,INTC,22048800
6,32.047079,32.290001,2016-06-22,32.630001,32.25,32.299999,INTC,18304800
7,32.076852,32.32,2016-06-21,32.380001,32.09,32.259998,INTC,15476500
8,31.927979,32.169998,2016-06-20,32.439999,32.009998,32.07,INTC,21961600
9,31.521066,31.76,2016-06-17,31.809999,31.469999,31.73,INTC,27047900
10,31.451593,31.690001,2016-06-16,31.77,31.219999,31.440001,INTC,18547900
11,31.372195,31.610001,2016-06-15,32.259998,31.59,32.25,INTC,23783300
12,31.898206,32.139999,2016-06-14,32.240002,31.790001,32.009998,INTC,18754300
13,31.927979,32.169998,2016-06-13,32.50,32.040001,32.049999,INTC,23004800
14,31.79896,32.040001,2016-06-10,32.240002,31.65,31.700001,INTC,35749100
15,31.699712,31.940001,2016-06-09,32.00,31.68,31.68,INTC,11276800
16,31.650087,31.889999,2016-06-08,32.00,31.790001,31.799999,INTC,12732100
17,31.640162,31.879999,2016-06-07,32.02,31.700001,31.75,INTC,19339100
18,31.441668,31.68,2016-06-06,31.82,31.58,31.639999,INTC,15139600
19,31.38212,31.620001,2016-06-03,31.74,31.40,31.74,INTC,15777500
20,31.521066,31.76,2016-06-02,31.76,31.450001,31.559999,INTC,14140100
21,31.421818,31.66,2016-06-01,31.719999,31.469999,31.620001,INTC,17753500
22,31.352345,31.59,2016-05-31,31.65,31.309999,31.51,INTC,23040200
23,31.332495,31.57,2016-05-27,31.65,31.450001,31.60,INTC,13341300
24,31.253097,31.49,2016-05-26,31.629999,31.40,31.49,INTC,12692300
25,31.153849,31.389999,2016-05-25,31.57,31.15,31.200001,INTC,18359600
26,30.826331,31.059999,2016-05-24,31.120001,30.450001,30.50,INTC,23699200
27,30.002576,30.23,2016-05-23,30.48,30.129999,30.23,INTC,20881900
28,29.923178,30.15,2016-05-20,30.379999,29.700001,29.73,INTC,22777300
29,29.407089,29.629999,2016-05-19,29.93,29.50,29.77,INTC,21740900
30,29.764381,29.99,2016-05-18,30.25,29.780001,30.030001,INTC,22469900
31,29.754456,29.98,2016-05-17,30.57,29.860001,30.57,INTC,25709900
32,30.161372,30.389999,2016-05-16,30.559999,29.879999,29.90,INTC,21826100
33,29.684983,29.91,2016-05-13,30.200001,29.84,29.860001,INTC,19999600
34,29.536112,29.76,2016-05-12,30.24,29.57,30.110001,INTC,20826700
35,29.833854,30.059999,2016-05-11,30.25,29.969999,30.16,INTC,15754200
36,29.913253,30.139999,2016-05-10,30.18,29.82,30.00,INTC,17013800
37,29.57581,29.799999,2016-05-09,30.17,29.76,30.08,INTC,16888300
38,29.814006,30.040001,2016-05-06,30.110001,29.52,29.610001,INTC,19632200
39,29.675058,29.90,2016-05-05,30.02,29.75,29.870001,INTC,23393300
40,29.625435,29.85,2016-05-04,30.209999,29.700001,30.17,INTC,23278800
41,29.873554,30.360001,2016-05-03,30.559999,30.09,30.41,INTC,27111100
42,30.119548,30.610001,2016-05-02,30.690001,30.360001,30.450001,INTC,21086600
43,29.794836,30.280001,2016-04-29,30.870001,30.10,30.860001,INTC,36443700
44,30.611537,31.110001,2016-04-28,31.709999,31.030001,31.450001,INTC,25146400
45,31.241282,31.75,2016-04-27,31.799999,31.190001,31.25,INTC,20006200
46,30.896889,31.40,2016-04-26,31.700001,31.17,31.389999,INTC,20976400
47,30.887049,31.389999,2016-04-25,31.50,31.200001,31.360001,INTC,19315700
48,31.133044,31.639999,2016-04-22,31.860001,31.219999,31.74,INTC,29625600
49,31.457756,31.969999,2016-04-21,32.060001,31.809999,31.940001,INTC,28431400
50,31.487276,32.00,2016-04-20,32.259998,31.25,31.32,INTC,57629800
51,31.093686,31.60,2016-04-19,31.809999,31.40,31.700001,INTC,33619300
52,31.142884,31.65,2016-04-18,31.719999,31.379999,31.43,INTC,21566600
53,30.955927,31.459999,2016-04-15,31.889999,31.379999,31.790001,INTC,28782800
54,31.29048,31.799999,2016-04-14,31.889999,31.549999,31.780001,INTC,21620900
55,31.615194,32.130001,2016-04-13,32.18,31.950001,31.969999,INTC,19968100
56,31.34952,31.860001,2016-04-12,31.940001,31.379999,31.879999,INTC,16774200
57,31.162564,31.67,2016-04-11,32.34,31.66,31.90,INTC,19707700
58,31.123204,31.629999,2016-04-08,32.02,31.48,31.76,INTC,17031900
59,31.044486,31.549999,2016-04-07,31.90,31.35,31.889999,INTC,23738200
60,31.565996,32.080002,2016-04-06,32.23,31.77,31.969999,INTC,15740600
61,31.388878,31.90,2016-04-05,32.119999,31.719999,31.889999,INTC,20080000
62,31.487276,32.00,2016-04-04,32.380001,31.74,32.200001,INTC,21581600
63,31.930067,32.450001,2016-04-01,32.470001,32.099998,32.27,INTC,18049700
64,31.831667,32.349998,2016-03-31,32.66,32.32,32.529999,INTC,17880000
65,32.185899,32.709999,2016-03-30,32.75,32.290001,32.450001,INTC,16598000
66,31.861189,32.380001,2016-03-29,32.439999,31.73,31.93,INTC,15313200
67,31.388878,31.90,2016-03-28,32.00,31.620001,31.870001,INTC,11433000
68,31.369198,31.879999,2016-03-24,31.950001,31.700001,31.870001,INTC,14211900
69,31.487276,32.00,2016-03-23,32.470001,31.98,32.470001,INTC,18765300
70,31.802149,32.32,2016-03-22,32.459999,31.950001,32.16,INTC,22200400
71,31.821829,32.34,2016-03-21,32.419998,31.950001,32.23,INTC,21760900
72,32.156381,32.68,2016-03-18,32.689999,32.060001,32.16,INTC,49934200
73,31.467596,31.98,2016-03-17,32.169998,31.700001,31.76,INTC,22865300
74,31.182244,31.690001,2016-03-16,31.799999,31.17,31.49,INTC,26298400
75,31.142884,31.65,2016-03-15,31.65,31.059999,31.34,INTC,16927700
76,30.926409,31.43,2016-03-14,31.690001,31.299999,31.66,INTC,17438600
77,31.251122,31.76,2016-03-11,31.790001,31.530001,31.67,INTC,22811200
78,30.749293,31.25,2016-03-10,31.40,30.379999,31.139999,INTC,29584800
79,30.375382,30.870001,2016-03-09,31.040001,30.67,30.83,INTC,14707800
80,30.070348,30.559999,2016-03-08,30.879999,30.379999,30.83,INTC,19104900
81,30.444261,30.940001,2016-03-07,31.120001,30.50,30.59,INTC,18858200
82,30.139226,30.629999,2016-03-04,30.860001,30.049999,30.50,INTC,20356800
83,30.090028,30.58,2016-03-03,31.35,30.540001,31.129999,INTC,25625200
84,30.05067,30.540001,2016-03-02,30.870001,30.120001,30.299999,INTC,23779800
85,29.883394,30.370001,2016-03-01,30.530001,29.75,29.93,INTC,25502600
86,29.115891,29.59,2016-02-29,30.139999,29.58,29.719999,INTC,22903100
87,29.322525,29.799999,2016-02-26,30.08,29.700001,29.879999,INTC,19902200
88,29.145411,29.620001,2016-02-25,29.620001,28.950001,29.32,INTC,17571400
89,28.7223,29.190001,2016-02-24,29.299999,28.379999,28.52,INTC,21593600
90,28.338548,28.799999,2016-02-23,29.35,28.60,29.299999,INTC,26638200
91,28.879736,29.35,2016-02-22,29.540001,29.00,29.110001,INTC,23893100
92,28.24999,28.709999,2016-02-19,29.33,28.709999,29.200001,INTC,42056700
93,28.948615,29.42,2016-02-18,29.76,29.379999,29.530001,INTC,20623300
94,28.997813,29.469999,2016-02-17,29.620001,28.73,28.860001,INTC,27691700
95,28.31887,28.780001,2016-02-16,28.950001,28.360001,28.75,INTC,30705200
96,28.181111,28.639999,2016-02-12,28.700001,28.139999,28.57,INTC,19699000
97,27.767841,28.219999,2016-02-11,28.41,27.68,27.83,INTC,28450200
98,27.777681,28.23,2016-02-10,29.00,28.190001,28.879999,INTC,27267800
99,28.348388,28.809999,2016-02-09,29.15,28.41,28.49,INTC,22902600
100,28.358228,28.82,2016-02-08,28.98,28.299999,28.74,INTC,28725900
101,28.574704,29.040001,2016-02-05,29.76,28.91,29.58,INTC,27957500
102,29.293007,29.77,2016-02-04,29.879999,29.110001,29.139999,INTC,29257800
103,28.869896,29.34,2016-02-03,29.719999,28.52,29.719999,INTC,44660100
104,29.066691,29.799999,2016-02-02,30.49,29.629999,30.450001,INTC,24994300
105,30.061592,30.82,2016-02-01,31.120001,30.639999,30.719999,INTC,19015100
106,30.256671,31.02,2016-01-29,31.030001,30.10,30.209999,INTC,38311400
107,29.232508,29.969999,2016-01-28,30.18,29.75,30.02,INTC,22028100
108,29.076445,29.809999,2016-01-27,30.219999,29.639999,29.879999,INTC,26384100
109,29.203247,29.940001,2016-01-26,30.049999,29.610001,29.610001,INTC,24754900
110,28.871614,29.60,2016-01-25,30.219999,29.57,29.99,INTC,26441000
111,29.193493,29.93,2016-01-22,30.24,29.51,30.120001,INTC,25326500
112,28.930137,29.66,2016-01-21,30.030001,29.24,29.65,INTC,30157400
113,28.86186,29.59,2016-01-20,29.870001,29.209999,29.35,INTC,39598200
114,29.066691,29.799999,2016-01-19,30.059999,29.48,29.98,INTC,28878100
115,29.027676,29.76,2016-01-15,30.50,29.450001,29.73,INTC,76373900
116,31.934347,32.740002,2016-01-14,32.869999,31.799999,31.969999,INTC,48728200
117,31.124769,31.91,2016-01-13,32.93,31.83,32.759998,INTC,34445700
118,31.875822,32.68,2016-01-12,32.889999,32.27,32.759998,INTC,28587700
119,31.27108,32.060001,2016-01-11,32.220001,31.68,31.809999,INTC,27732400
120,30.734613,31.51,2016-01-08,32.220001,31.43,32.09,INTC,29953800
121,31.056492,31.84,2016-01-07,33.009998,31.84,32.279999,INTC,37680500
122,32.26598,33.080002,2016-01-06,33.52,32.799999,33.25,INTC,25491300
123,32.997525,33.830002,2016-01-05,34.00,33.529999,33.959999,INTC,16709500
124,33.153587,33.990002,2016-01-04,34.009998,33.459999,33.880001,INTC,27882200
125,33.602267,34.450001,2015-12-31,34.959999,34.439999,34.82,INTC,14736700
126,34.12898,34.990002,2015-12-30,35.450001,34.950001,35.380001,INTC,11566800
127,34.567903,35.439999,2015-12-29,35.59,35.009998,35.009998,INTC,14188600
128,34.070455,34.93,2015-12-28,35.00,34.57,34.950001,INTC,9449400
129,34.119224,34.98,2015-12-24,35.259998,34.959999,35.07,INTC,5893800
130,34.138732,35.00,2015-12-23,35.049999,34.779999,34.950001,INTC,12526500
131,33.875376,34.73,2015-12-22,34.779999,34.27,34.360001,INTC,18422000
132,33.397435,34.240002,2015-12-21,34.299999,33.82,34.110001,INTC,18006800
133,33.036538,33.869999,2015-12-18,34.75,33.860001,34.73,INTC,41336600
134,34.050946,34.91,2015-12-17,35.369999,34.759998,35.32,INTC,24963600
135,34.431349,35.299999,2015-12-16,35.470001,34.77,35.360001,INTC,23257900
136,34.314303,35.18,2015-12-15,35.349998,34.639999,34.650002,INTC,24051300
137,33.621775,34.470001,2015-12-14,34.48,33.880001,34.380001,INTC,19357100
138,33.426696,34.27,2015-12-11,34.650002,34.200001,34.310001,INTC,21251400
139,33.914392,34.77,2015-12-10,35.07,34.66,34.849998,INTC,17400700
140,33.953409,34.810001,2015-12-09,35.220001,34.509998,34.880001,INTC,22548300
141,33.894884,34.75,2015-12-08,34.950001,34.419998,34.669998,INTC,13380200
142,34.12898,34.990002,2015-12-07,35.169998,34.75,34.790001,INTC,17731900
143,34.080207,34.939999,2015-12-04,35.029999,34.00,34.110001,INTC,24901000
144,33.202356,34.040001,2015-12-03,34.990002,34.00,34.970001,INTC,30131100
145,33.972917,34.830002,2015-12-02,35.41,34.810001,35.09,INTC,18688200
146,34.226517,35.09,2015-12-01,35.200001,34.709999,35.00,INTC,23560200
147,33.914392,34.77,2015-11-30,34.900002,34.43,34.549999,INTC,21785800
148,33.612019,34.459999,2015-11-27,34.68,34.400002,34.540001,INTC,6620900
149,33.602267,34.450001,2015-11-25,34.740002,34.139999,34.259998,INTC,17939400
150,33.514481,34.360001,2015-11-24,34.439999,33.900002,34.330002,INTC,21413500
151,33.631527,34.48,2015-11-23,34.849998,34.41,34.66,INTC,20152900
152,33.807098,34.66,2015-11-20,35.290001,34.48,34.48,INTC,41137700
153,33.455957,34.299999,2015-11-19,34.73,33.130001,33.220001,INTC,45381600
154,32.34401,33.16,2015-11-18,33.240002,32.619999,32.73,INTC,18619800
155,31.836805,32.639999,2015-11-17,32.880001,32.009998,32.150002,INTC,22636400
156,31.310093,32.099998,2015-11-16,32.259998,31.93,32.09,INTC,29899700
157,31.319849,32.110001,2015-11-13,32.380001,31.959999,32.27,INTC,23673200
158,31.602713,32.400002,2015-11-12,32.919998,32.389999,32.709999,INTC,23265400
159,32.051393,32.860001,2015-11-11,33.380001,32.799999,33.16,INTC,19864700
160,32.392779,33.209999,2015-11-10,33.27,32.810001,33.169998,INTC,22451700
161,32.529333,33.349998,2015-11-09,33.830002,33.080002,33.599998,INTC,24168700
162,33.007277,33.84,2015-11-06,33.970001,33.41,33.93,INTC,23701700
163,33.16334,34.00,2015-11-05,34.200001,33.73,34.099998,INTC,16486100
164,33.30965,34.150002,2015-11-04,34.27,33.900002,34.27,INTC,20762100
165,33.231619,34.310001,2015-11-03,34.41,33.98,34.00,INTC,18167000
166,33.037905,34.110001,2015-11-02,34.279999,33.639999,33.73,INTC,21743100
167,32.795762,33.860001,2015-10-30,34.290001,33.860001,34.099998,INTC,24693900
168,32.960417,34.029999,2015-10-29,34.290001,33.77,34.200001,INTC,21325200
169,33.619045,34.709999,2015-10-28,34.709999,34.119999,34.470001,INTC,21908400
170,33.38659,34.470001,2015-10-27,34.549999,34.310001,34.41,INTC,22630100
171,33.502818,34.59,2015-10-26,34.959999,34.549999,34.77,INTC,22646900
172,33.803076,34.900002,2015-10-23,35.029999,34.400002,34.540001,INTC,42796600
173,33.318791,34.400002,2015-10-22,34.50,33.59,33.700001,INTC,39572600
174,32.321162,33.369999,2015-10-21,34.049999,33.32,33.669998,INTC,31928800
175,32.388961,33.439999,2015-10-20,33.700001,33.310001,33.400002,INTC,24416100
176,32.534248,33.59,2015-10-19,33.619999,32.869999,32.880001,INTC,37624000
177,32.001536,33.040001,2015-10-16,33.200001,32.48,32.75,INTC,28659200
178,31.72065,32.75,2015-10-15,33.060001,32.459999,32.84,INTC,37634800
179,31.769077,32.799999,2015-10-14,32.93,30.85,31.389999,INTC,75954800
180,31.032966,32.040001,2015-10-13,32.48,31.98,32.029999,INTC,35588600
181,31.197621,32.209999,2015-10-12,32.32,32.00,32.16,INTC,18795000
182,31.129822,32.139999,2015-10-09,32.549999,31.940001,32.369999,INTC,24209900
183,31.497879,32.52,2015-10-08,32.599998,31.98,32.23,INTC,27794600
184,31.304165,32.32,2015-10-07,32.419998,31.719999,32.00,INTC,36930100
185,30.742394,31.74,2015-10-06,31.85,31.110001,31.16,INTC,35530200
186,30.229052,31.209999,2015-10-05,31.379999,30.559999,30.73,INTC,34842500
187,29.551054,30.51,2015-10-02,30.530001,29.530001,29.67,INTC,27901500
188,29.057084,30.00,2015-10-01,30.280001,29.459999,30.209999,INTC,29832800
189,29.192683,30.139999,2015-09-30,30.32,29.540001,29.559999,INTC,41051700
190,28.320971,29.24,2015-09-29,29.35,28.76,28.83,INTC,34169600
191,27.856058,28.76,2015-09-28,29.360001,28.639999,28.68,INTC,42291000
192,27.904486,28.809999,2015-09-25,29.120001,28.629999,28.940001,INTC,29192300
193,27.584858,28.48,2015-09-24,28.67,27.870001,28.379999,INTC,32754700
194,27.836686,28.74,2015-09-23,29.09,28.59,29.02,INTC,25984000
195,27.768886,28.67,2015-09-22,28.90,28.48,28.67,INTC,28576200
196,28.243485,29.16,2015-09-21,29.34,28.940001,29.09,INTC,24417100
197,28.107886,29.02,2015-09-18,29.42,28.809999,29.219999,INTC,60693400
198,28.776198,29.709999,2015-09-17,30.200001,29.549999,29.620001,INTC,29805200
199,28.834313,29.77,2015-09-16,29.790001,29.40,29.620001,INTC,25957800
200,28.79557,29.73,2015-09-15,29.940001,29.48,29.559999,INTC,29819000
201,28.466256,29.389999,2015-09-14,29.530001,29.09,29.469999,INTC,24065100
202,28.543741,29.469999,2015-09-11,29.52,29.040001,29.08,INTC,21786900
203,28.350028,29.27,2015-09-10,29.66,28.90,29.18,INTC,25195800
204,28.320971,29.24,2015-09-09,30.120001,29.17,29.719999,INTC,30774100
205,28.572799,29.50,2015-09-08,29.50,28.950001,28.98,INTC,27805000
206,27.623601,28.52,2015-09-04,28.90,28.41,28.57,INTC,29116500
207,28.166,29.08,2015-09-03,29.42,28.690001,28.799999,INTC,38665900
208,27.701087,28.60,2015-09-02,28.60,28.139999,28.35,INTC,34618800
209,26.945602,27.82,2015-09-01,28.17,27.66,27.91,INTC,44144000
210,27.642973,28.540001,2015-08-31,29.129999,28.16,28.33,INTC,42401800
211,27.526744,28.42,2015-08-28,28.610001,27.450001,27.67,INTC,43452400
212,26.848745,27.719999,2015-08-27,27.91,27.01,27.719999,INTC,38649400
213,26.441945,27.299999,2015-08-26,27.34,26.08,26.51,INTC,47386700
214,25.056893,25.870001,2015-08-25,27.15,25.870001,27.040001,INTC,59371900
215,25.424948,26.25,2015-08-24,27.629999,24.870001,25.200001,INTC,83234200
216,25.725204,26.559999,2015-08-21,27.629999,26.559999,27.33,INTC,52288400
217,26.664718,27.530001,2015-08-20,28.24,27.530001,28.030001,INTC,31936600
218,27.46863,28.360001,2015-08-19,28.799999,28.280001,28.65,INTC,30530100
219,28.001343,28.91,2015-08-18,29.049999,28.799999,28.950001,INTC,19182600
220,28.166,29.08,2015-08-17,29.200001,28.709999,28.83,INTC,15548300
221,28.107886,29.02,2015-08-14,29.040001,28.82,28.92,INTC,14302700
222,27.962601,28.870001,2015-08-13,29.450001,28.870001,29.40,INTC,18821900
223,28.534055,29.459999,2015-08-12,29.57,28.66,28.66,INTC,33589100
224,28.059457,28.969999,2015-08-11,29.48,28.959999,29.469999,INTC,23758900
225,28.708398,29.639999,2015-08-10,29.68,29.059999,29.07,INTC,22807400
226,27.972285,28.879999,2015-08-07,28.959999,28.690001,28.799999,INTC,25606100
227,28.0982,29.01,2015-08-06,29.23,28.85,29.16,INTC,27958200
228,28.204743,29.120001,2015-08-05,29.389999,29.02,29.190001,INTC,23622700
229,27.98197,29.129999,2015-08-04,29.15,28.860001,28.98,INTC,25741700
230,27.905123,29.049999,2015-08-03,29.35,28.90,29.00,INTC,26213600
231,27.809066,28.950001,2015-07-31,29.120001,28.77,29.120001,INTC,27158800
232,27.770641,28.91,2015-07-30,29.450001,28.85,29.10,INTC,26582400
233,27.866701,29.01,2015-07-29,29.129999,28.790001,28.950001,INTC,26470200
234,27.81867,28.959999,2015-07-28,29.18,28.440001,28.51,INTC,33182400
235,27.232712,28.35,2015-07-27,28.42,27.620001,28.07,INTC,42161100
236,26.95414,28.059999,2015-07-24,28.639999,28.059999,28.530001,INTC,31621000
237,27.472859,28.60,2015-07-23,28.969999,28.43,28.66,INTC,33775200
238,27.482465,28.610001,2015-07-22,28.85,28.43,28.57,INTC,36387200
239,27.588129,28.719999,2015-07-21,29.26,28.67,28.959999,INTC,45191000
240,27.953154,29.10,2015-07-20,29.620001,29.07,29.620001,INTC,33812900
241,28.308571,29.469999,2015-07-17,29.799999,29.10,29.66,INTC,43697600
242,28.721625,29.90,2015-07-16,30.48,29.10,30.469999,INTC,81166700
243,28.519902,29.690001,2015-07-15,29.99,29.469999,29.65,INTC,47852500
244,28.481477,29.65,2015-07-14,30.110001,29.440001,29.66,INTC,39778300
245,28.558324,29.73,2015-07-13,29.82,29.190001,29.27,INTC,26452400
246,28.020395,29.17,2015-07-10,29.35,28.940001,29.200001,INTC,31423800
247,27.789854,28.93,2015-07-09,29.889999,28.82,29.719999,INTC,47167800
248,28.337389,29.50,2015-07-08,29.67,29.15,29.40,INTC,45223800
249,28.721625,29.90,2015-07-07,29.93,29.09,29.870001,INTC,43833700
250,28.856109,30.040001,2015-07-06,30.450001,29.84,30.24,INTC,32468100
251,29.355614,30.559999,2015-07-02,30.92,30.10,30.18,INTC,27105200
252,28.99059,30.18,2015-07-01,30.549999,30.01,30.49,INTC,27178900
253,29.221132,30.42,2015-06-30,30.690001,30.15,30.629999,INTC,34412200
254,29.192313,30.389999,2015-06-29,30.98,30.309999,30.700001,INTC,35194500
255,29.797486,31.02,2015-06-26,31.530001,30.76,31.51,INTC,62157200
256,30.729257,31.99,2015-06-25,32.32,31.99,32.02,INTC,22743300
257,30.65241,31.91,2015-06-24,32.150002,31.879999,32.150002,INTC,23313900
258,30.825316,32.09,2015-06-23,32.34,31.93,32.310001,INTC,17995900
259,30.988615,32.259998,2015-06-22,32.389999,32.080002,32.259998,INTC,23608400
260,30.806104,32.07,2015-06-19,32.57,31.959999,32.400002,INTC,39008400
261,31.103888,32.380001,2015-06-18,32.50,32.00,32.080002,INTC,27722400
262,30.690834,31.950001,2015-06-17,32.09,31.690001,31.75,INTC,28194200
263,30.39305,31.639999,2015-06-16,31.76,31.129999,31.26,INTC,20254500
264,30.152903,31.389999,2015-06-15,31.51,30.940001,31.120001,INTC,23175000
265,30.085662,31.32,2015-06-12,32.099998,31.200001,31.719999,INTC,31629800
266,30.594775,31.85,2015-06-11,32.099998,31.84,31.950001,INTC,24293600
267,30.565957,31.82,2015-06-10,32.16,31.370001,31.459999,INTC,33336800
268,30.018421,31.25,2015-06-09,31.66,31.15,31.33,INTC,33976700
269,30.06645,31.299999,2015-06-08,31.950001,31.209999,31.809999,INTC,38171600
270,30.585169,31.84,2015-06-05,32.299999,31.83,32.279999,INTC,27778500
271,31.036647,32.310001,2015-06-04,32.720001,32.200001,32.509998,INTC,33761800
272,31.440093,32.73,2015-06-03,33.240002,32.59,33.169998,INTC,38138700
273,31.958812,33.27,2015-06-02,33.75,33.139999,33.639999,INTC,36351100
274,32.573589,33.91,2015-06-01,34.59,33.68,34.369999,INTC,46734500
275,33.101912,34.459999,2015-05-29,34.75,34.209999,34.240002,INTC,43545500
276,32.669646,34.009998,2015-05-28,34.150002,33.68,33.740002,INTC,27065700
277,32.38147,33.709999,2015-05-27,33.849998,33.130001,33.200001,INTC,30172700
278,31.79551,33.099998,2015-05-26,33.290001,32.84,33.27,INTC,28594500
279,32.131718,33.450001,2015-05-22,33.509998,33.32,33.470001,INTC,20845000
280,32.227776,33.549999,2015-05-21,33.560001,33.07,33.209999,INTC,21269800
281,32.05487,33.369999,2015-05-20,33.50,33.009998,33.060001,INTC,21359800
282,31.843542,33.150002,2015-05-19,33.380001,32.990002,33.360001,INTC,21867100
283,32.093294,33.41,2015-05-18,33.41,32.849998,32.98,INTC,23689500
284,31.689848,32.990002,2015-05-15,33.119999,32.75,33.09,INTC,17149700
285,31.670636,32.970001,2015-05-14,33.130001,32.77,32.860001,INTC,21098900
286,31.35364,32.639999,2015-05-13,32.900002,32.27,32.27,INTC,20470800
287,30.97901,32.25,2015-05-12,32.50,32.00,32.439999,INTC,24530200
288,31.401668,32.689999,2015-05-11,32.709999,32.43,32.68,INTC,18358600
289,31.507334,32.799999,2015-05-08,32.880001,32.34,32.509998,INTC,26926500
290,30.969406,32.240002,2015-05-07,32.630001,32.18,32.27,INTC,21475300
291,30.950194,32.220001,2015-05-06,32.790001,31.93,32.50,INTC,31985400
292,31.35364,32.639999,2015-05-05,33.099998,32.57,33.00,INTC,29779200
293,31.881964,33.43,2015-05-04,33.50,33.220001,33.27,INTC,21397300
294,31.872425,33.419998,2015-05-01,33.490002,32.619999,32.630001,INTC,27091200
295,31.042713,32.549999,2015-04-30,32.849998,32.299999,32.709999,INTC,22013300
296,31.366969,32.889999,2015-04-29,33.00,32.549999,32.560001,INTC,21819000
297,31.49095,33.02,2015-04-28,33.040001,32.23,32.299999,INTC,29572800
298,30.995029,32.50,2015-04-27,32.689999,32.080002,32.080002,INTC,25869600
299,30.59448,32.080002,2015-04-24,32.48,32.02,32.41,INTC,22759900
300,30.851974,32.349998,2015-04-23,32.41,32.009998,32.040001,INTC,23775300
301,31.185769,32.700001,2015-04-22,32.720001,32.029999,32.41,INTC,21144200
302,30.928271,32.43,2015-04-21,32.970001,32.279999,32.93,INTC,19023800
303,31.214378,32.73,2015-04-20,32.790001,32.529999,32.610001,INTC,20649300
304,30.96642,32.470001,2015-04-17,32.700001,32.220001,32.509998,INTC,30593600
305,31.347895,32.869999,2015-04-16,32.990002,32.700001,32.849998,INTC,28903200
306,31.30975,32.830002,2015-04-15,32.990002,32.07,32.259998,INTC,61083500
307,30.031799,31.49,2015-04-14,31.940001,31.27,31.68,INTC,39754000
308,30.260685,31.73,2015-04-13,32.049999,31.709999,31.809999,INTC,23489000
309,30.451425,31.93,2015-04-10,31.940001,31.33,31.33,INTC,28084900
310,29.793376,31.24,2015-04-09,31.620001,30.57,30.68,INTC,34167600
311,29.860134,31.309999,2015-04-08,31.559999,31.059999,31.23,INTC,18250300
312,29.81245,31.26,2015-04-07,31.59,31.00,31.07,INTC,23258300
313,29.602638,31.040001,2015-04-06,31.25,30.450001,30.809999,INTC,21490900
314,29.383287,30.809999,2015-04-02,31.23,30.67,30.799999,INTC,20909600
315,29.383287,30.809999,2015-04-01,31.32,30.65,31.129999,INTC,31532100
316,29.821987,31.27,2015-03-31,31.93,31.200001,31.43,INTC,32098500
317,30.003188,31.459999,2015-03-30,32.099998,31.299999,31.66,INTC,51391500
318,30.518183,32.00,2015-03-27,33.00,29.85,30.01,INTC,73857200
319,28.687092,30.08,2015-03-26,30.40,29.309999,29.50,INTC,45450100
320,28.505889,29.889999,2015-03-25,30.889999,29.860001,30.809999,INTC,37691000
321,29.364215,30.790001,2015-03-24,31.32,30.74,31.16,INTC,28471400
322,29.755229,31.200001,2015-03-23,31.790001,31.200001,31.290001,INTC,29694000
323,29.860134,31.309999,2015-03-20,31.620001,30.93,30.99,INTC,64777100
324,29.316529,30.74,2015-03-19,31.10,30.690001,30.780001,INTC,27414200
325,29.459583,30.889999,2015-03-18,31.200001,30.299999,30.41,INTC,39834100
326,29.173475,30.59,2015-03-17,30.73,30.41,30.58,INTC,29215600
327,29.402362,30.83,2015-03-16,31.110001,30.65,30.93,INTC,33074600
328,29.497731,30.93,2015-03-13,30.98,30.360001,30.629999,INTC,47954700
329,29.37375,30.799999,2015-03-12,31.60,30.58,31.01,INTC,107402400
330,30.832903,32.330002,2015-03-11,32.959999,31.950001,31.969999,INTC,49683600
331,30.232076,31.700001,2015-03-10,32.41,31.50,32.240002,INTC,50278900
332,31.204843,32.720001,2015-03-09,33.27,32.48,33.200001,INTC,33058800
333,31.653076,33.189999,2015-03-06,33.68,33.080002,33.540001,INTC,32373100
334,32.168072,33.73,2015-03-05,34.50,33.59,34.259998,INTC,21225800
335,32.540011,34.119999,2015-03-04,34.41,33.720001,33.860001,INTC,23005800
336,32.520937,34.099998,2015-03-03,34.380001,33.91,33.950001,INTC,27332000
337,32.482792,34.060001,2015-03-02,34.130001,33.119999,33.290001,INTC,25406400
338,31.710299,33.25,2015-02-27,33.639999,33.209999,33.630001,INTC,24427300
339,32.091778,33.650002,2015-02-26,33.880001,33.43,33.619999,INTC,25928400
340,32.377885,33.950001,2015-02-25,34.150002,33.73,34.029999,INTC,24686300
341,32.816583,34.41,2015-02-24,34.490002,33.509998,33.610001,INTC,29607500
342,32.196681,33.759998,2015-02-23,34.50,33.580002,34.400002,INTC,25565500
343,32.816583,34.41,2015-02-20,34.57,33.91,34.150002,INTC,20955600
344,32.625844,34.209999,2015-02-19,34.419998,34.049999,34.25,INTC,11017500
345,32.683067,34.27,2015-02-18,34.709999,34.189999,34.650002,INTC,19992900
346,33.131304,34.740002,2015-02-17,34.75,34.259998,34.400002,INTC,19374100
347,32.768899,34.360001,2015-02-13,34.369999,33.950001,34.25,INTC,18037900
348,32.54955,34.130001,2015-02-12,34.130001,33.759998,33.98,INTC,20056700
349,31.996407,33.549999,2015-02-11,33.759998,33.32,33.669998,INTC,18364200
350,32.139462,33.700001,2015-02-10,33.73,33.049999,33.200001,INTC,20200000
351,31.405118,32.93,2015-02-09,33.240002,32.669998,33.00,INTC,28705500
352,31.757983,33.299999,2015-02-06,34.00,33.139999,33.919998,INTC,29124600
353,32.368346,33.939999,2015-02-05,33.990002,33.450001,33.68,INTC,20491400
354,32.04409,33.599998,2015-02-04,33.84,33.299999,33.669998,INTC,25052800
355,31.910575,33.700001,2015-02-03,34.049999,32.610001,33.779999,INTC,36038300
356,31.863231,33.650002,2015-02-02,33.75,32.650002,33.060001,INTC,38733800
357,31.285621,33.040001,2015-01-30,33.990002,33.00,33.700001,INTC,38719700
358,32.393493,34.209999,2015-01-29,34.279999,33.459999,33.84,INTC,29569400
359,31.986325,33.779999,2015-01-28,34.700001,33.720001,34.470001,INTC,34929100
360,32.374555,34.189999,2015-01-27,34.720001,33.549999,34.400002,INTC,58456200
361,33.908538,35.810001,2015-01-26,36.299999,35.57,36.189999,INTC,30906800
362,34.514554,36.450001,2015-01-23,37.029999,36.380001,36.959999,INTC,27427100
363,34.950128,36.91,2015-01-22,37.00,36.139999,36.560001,INTC,31809900
364,34.54296,36.48,2015-01-21,36.68,35.77,35.849998,INTC,27442600
365,34.173669,36.09,2015-01-20,36.459999,35.57,36.099998,INTC,35929400
366,34.514554,36.450001,2015-01-16,36.66,35.509998,36.119999,INTC,62812200
367,34.268358,36.189999,2015-01-15,36.880001,36.029999,36.529999,INTC,47181800
368,34.419862,36.349998,2015-01-14,36.91,35.91,36.330002,INTC,34250300
369,34.561898,36.50,2015-01-13,37.490002,36.290001,36.869999,INTC,31478000
370,34.656587,36.599998,2015-01-12,37.00,36.23,36.900002,INTC,29400800
371,34.808091,36.759998,2015-01-09,37.110001,36.400002,36.77,INTC,22846000
372,34.741808,36.689999,2015-01-08,37.00,36.259998,36.369999,INTC,31765400
373,34.107386,36.02,2015-01-07,36.07,35.27,35.639999,INTC,27725200
374,33.406677,35.279999,2015-01-06,36.23,35.259998,36.080002,INTC,30847600
375,34.041103,35.950001,2015-01-05,36.450001,35.939999,36.200001,INTC,32785000
376,34.429333,36.360001,2015-01-02,37.16,36.110001,36.669998,INTC,23605600
