,Adj_Close,Close,Date,High,Low,Open,Symbol,Volume
0,44.308616,46.450001,2014-12-31,47.439999,46.450001,46.73,MSFT,21552500
1,44.852338,47.02,2014-12-30,47.619999,46.84,47.439999,MSFT,16384700
2,45.262515,47.450001,2014-12-29,47.779999,47.259998,47.700001,MSFT,14439500
3,45.672692,47.880001,2014-12-26,48.41,47.82,48.41,MSFT,13197800
4,45.920704,48.139999,2014-12-24,48.639999,48.080002,48.639999,MSFT,11437800
5,46.216414,48.450001,2014-12-23,48.799999,48.130001,48.369999,MSFT,23648100
6,45.768081,47.98,2014-12-22,48.119999,47.709999,47.779999,MSFT,26566000
7,45.462833,47.66,2014-12-19,48.099998,47.169998,47.630001,MSFT,64551200
8,45.329288,47.52,2014-12-18,47.52,46.34,46.580002,MSFT,40105600
9,43.631348,45.740002,2014-12-17,45.950001,44.900002,45.049999,MSFT,34970900
10,43.078085,45.16,2014-12-16,46.34,45.130001,45.900002,MSFT,47801400
11,44.518471,46.669998,2014-12-15,47.669998,46.549999,47.200001,MSFT,29247800
12,44.785566,46.950001,2014-12-12,47.73,46.669998,46.779999,MSFT,34248400
13,44.995421,47.169998,2014-12-11,47.740002,46.68,47.080002,MSFT,29060400
14,44.737871,46.900002,2014-12-10,47.66,46.700001,47.580002,MSFT,30431800
15,45.39606,47.59,2014-12-09,47.919998,47.049999,47.110001,MSFT,24330500
16,45.50099,47.700001,2014-12-08,48.349998,47.450001,48.259998,MSFT,26663100
17,46.187795,48.419998,2014-12-05,48.970001,48.380001,48.82,MSFT,27313400
18,46.588434,48.84,2014-12-04,49.060001,48.200001,48.389999,MSFT,30320400
19,45.863473,48.080002,2014-12-03,48.50,47.810001,48.439999,MSFT,23534800
20,46.225952,48.459999,2014-12-02,49.049999,48.200001,48.84,MSFT,25743000
21,46.378575,48.619999,2014-12-01,48.779999,47.709999,47.880001,MSFT,31191600
22,45.605919,47.810001,2014-11-28,48.200001,47.610001,47.950001,MSFT,21534400
23,45.548684,47.75,2014-11-26,47.990002,47.279999,47.490002,MSFT,27163600
24,45.281594,47.470001,2014-11-25,47.970001,47.450001,47.66,MSFT,28007900
25,45.39606,47.59,2014-11-24,48.00,47.389999,47.990002,MSFT,35434200
26,45.768081,47.98,2014-11-21,49.049999,47.57,49.02,MSFT,42883100
27,46.454889,48.700001,2014-11-20,48.700001,47.869999,48.00,MSFT,21500700
28,45.997018,48.220001,2014-11-19,48.75,47.93,48.66,MSFT,26176800
29,46.493046,48.740002,2014-11-18,49.330002,48.700001,49.130001,MSFT,23995500
30,46.884141,49.459999,2014-11-17,49.709999,49.139999,49.41,MSFT,30315500
31,46.997894,49.580002,2014-11-14,50.049999,49.389999,49.740002,MSFT,29081700
32,47.026331,49.610001,2014-11-13,49.650002,48.709999,48.810001,MSFT,26208800
33,46.239555,48.779999,2014-11-12,48.919998,48.52,48.560001,MSFT,22722000
34,46.324868,48.869999,2014-11-11,48.950001,48.650002,48.849998,MSFT,23445200
35,46.343827,48.889999,2014-11-10,49.150002,48.549999,48.650002,MSFT,36370100
36,46.144764,48.68,2014-11-07,48.919998,48.290001,48.919998,MSFT,28000600
37,46.163723,48.700001,2014-11-06,48.860001,47.790001,47.860001,MSFT,33037800
38,45.36747,47.860001,2014-11-05,47.900002,47.259998,47.799999,MSFT,22449600
39,45.092572,47.57,2014-11-04,47.73,47.25,47.299999,MSFT,21530800
40,44.969342,47.439999,2014-11-03,47.459999,46.73,46.889999,MSFT,23130400
41,44.504863,46.950001,2014-10-31,46.970001,46.48,46.939999,MSFT,35849700
42,43.651733,46.049999,2014-10-30,46.32,45.77,46.32,MSFT,30073900
43,44.192047,46.619999,2014-10-29,46.700001,46.34,46.439999,MSFT,30276100
44,44.06882,46.490002,2014-10-28,46.50,45.77,45.860001,MSFT,29024600
45,43.519025,45.91,2014-10-27,46.099998,45.709999,45.709999,MSFT,30371300
46,43.727568,46.130001,2014-10-24,46.900002,45.18,46.830002,MSFT,61076700
47,42.675376,45.02,2014-10-23,45.450001,44.529999,44.619999,MSFT,45451900
48,42.068708,44.380001,2014-10-22,45.07,44.23,45.00,MSFT,33570900
49,42.542668,44.880001,2014-10-21,44.98,44.189999,44.360001,MSFT,36433800
50,41.784332,44.080002,2014-10-20,44.139999,42.810001,43.060001,MSFT,34527900
51,41.357767,43.630001,2014-10-17,43.939999,42.790001,43.200001,MSFT,40683300
52,40.514119,42.740002,2014-10-16,43.080002,42.220001,42.529999,MSFT,49040400
53,40.96912,43.220001,2014-10-15,43.389999,42.099998,43.00,MSFT,60218700
54,41.452558,43.73,2014-10-14,44.380001,43.560001,43.869999,MSFT,38115700
55,41.376726,43.650002,2014-10-13,44.560001,43.490002,43.82,MSFT,37100200
56,41.736933,44.029999,2014-10-10,46.119999,43.950001,45.599998,MSFT,51978100
57,43.462148,45.849998,2014-10-09,46.799999,45.740002,46.50,MSFT,34422800
58,44.343714,46.779999,2014-10-08,46.889999,45.34,45.48,MSFT,33031000
59,43.158814,45.529999,2014-10-07,45.93,45.419998,45.860001,MSFT,25723700
60,43.689651,46.09,2014-10-06,46.299999,45.919998,46.119999,MSFT,20604000
61,43.689651,46.09,2014-10-03,46.299999,45.610001,45.98,MSFT,32453200
62,43.376835,45.759998,2014-10-02,46.099998,45.639999,45.830002,MSFT,25119400
63,43.509547,45.900002,2014-10-01,46.529999,45.849998,46.27,MSFT,38088400
64,43.945589,46.360001,2014-09-30,46.48,46.009998,46.369999,MSFT,33033100
65,44.021421,46.439999,2014-09-29,46.560001,45.759998,45.98,MSFT,26091000
66,43.992985,46.41,2014-09-26,46.619999,45.759998,45.93,MSFT,27078800
67,43.642255,46.040001,2014-09-25,47.09,46.029999,46.880001,MSFT,33077400
68,44.628093,47.080002,2014-09-24,47.110001,46.34,46.630001,MSFT,26582700
69,44.135174,46.560001,2014-09-23,46.98,46.470001,46.849998,MSFT,33430300
70,44.609134,47.060001,2014-09-22,47.380001,46.98,47.299999,MSFT,38686100
71,45.045177,47.52,2014-09-19,47.57,46.599998,46.810001,MSFT,202522400
72,44.248924,46.68,2014-09-18,46.830002,46.459999,46.59,MSFT,35556600
73,44.097257,46.52,2014-09-17,46.689999,46.23,46.259998,MSFT,38311900
74,44.324755,46.759998,2014-09-16,46.849998,46.290001,46.389999,MSFT,27910600
75,43.83184,46.240002,2014-09-15,46.709999,46.099998,46.540001,MSFT,37667600
76,44.267883,46.700001,2014-09-12,47.02,46.599998,46.91,MSFT,38244700
77,44.552258,47.00,2014-09-11,47.00,46.470001,46.740002,MSFT,29216400
78,44.400591,46.84,2014-09-10,46.939999,46.279999,46.82,MSFT,27302400
79,44.324755,46.759998,2014-09-09,46.970001,46.419998,46.470001,MSFT,40302400
80,44.049861,46.470001,2014-09-08,46.799999,45.990002,46.02,MSFT,45736700
81,43.519025,45.91,2014-09-05,45.93,45.110001,45.110001,MSFT,36939400
82,42.902875,45.259998,2014-09-04,45.27,44.720001,44.740002,MSFT,26475500
83,42.6185,44.959999,2014-09-03,45.110001,44.529999,44.529999,MSFT,33684500
84,42.74173,45.09,2014-09-02,45.459999,44.849998,45.43,MSFT,22976800
85,43.064023,45.43,2014-08-29,45.439999,44.860001,45.09,MSFT,21607600
86,42.542668,44.880001,2014-08-28,44.98,44.610001,44.75,MSFT,17657600
87,42.533187,44.869999,2014-08-27,45.00,44.759998,44.900002,MSFT,21287900
88,42.665895,45.009998,2014-08-26,45.400002,44.939999,45.310001,MSFT,14873100
89,42.817562,45.169998,2014-08-25,45.439999,45.040001,45.400002,MSFT,16910000
90,42.798607,45.150002,2014-08-22,45.470001,45.07,45.349998,MSFT,18294500
91,42.864961,45.220001,2014-08-21,45.25,44.830002,44.84,MSFT,22285500
92,42.609022,44.950001,2014-08-20,45.400002,44.900002,45.34,MSFT,24770500
93,42.969233,45.330002,2014-08-19,45.34,44.830002,44.970001,MSFT,28139500
94,42.495273,45.110001,2014-08-18,45.110001,44.68,44.939999,MSFT,26891100
95,42.193821,44.790001,2014-08-15,44.900002,44.400002,44.580002,MSFT,41611300
96,41.703962,44.27,2014-08-14,44.419998,44.009998,44.080002,MSFT,19313200
97,41.524976,44.080002,2014-08-13,44.18,43.52,43.68,MSFT,22889500
98,40.997435,43.52,2014-08-12,43.59,43.00,43.040001,MSFT,21431100
99,40.695983,43.200001,2014-08-11,43.450001,43.02,43.259998,MSFT,20351600
100,40.695983,43.200001,2014-08-08,43.32,42.91,43.23,MSFT,28942700
101,40.724243,43.23,2014-08-07,43.450001,42.650002,42.84,MSFT,30314900
102,40.262647,42.740002,2014-08-06,43.169998,42.209999,42.740002,MSFT,24634000
103,40.58294,43.080002,2014-08-05,43.459999,42.830002,43.310001,MSFT,26266400
104,40.856128,43.369999,2014-08-04,43.470001,42.810001,42.970001,MSFT,34277400
105,40.37569,42.860001,2014-08-01,43.25,42.599998,43.209999,MSFT,31170300
106,40.658301,43.16,2014-07-31,43.689999,43.080002,43.380001,MSFT,31537500
107,41.053958,43.580002,2014-07-30,44.099998,43.290001,44.07,MSFT,31921400
108,41.345987,43.889999,2014-07-29,44.09,43.639999,43.91,MSFT,27763100
109,41.421352,43.970001,2014-07-28,44.509998,43.93,44.360001,MSFT,29684200
110,41.92063,44.50,2014-07-25,44.66,44.299999,44.299999,MSFT,26737700
111,41.826428,44.400002,2014-07-24,45.00,44.32,44.93,MSFT,30725300
112,42.269183,44.869999,2014-07-23,45.450001,44.619999,45.450001,MSFT,52362900
113,42.231504,44.830002,2014-07-22,45.150002,44.59,45.00,MSFT,43095800
114,42.240923,44.84,2014-07-21,45.16,44.220001,44.560001,MSFT,37604400
115,42.099616,44.689999,2014-07-18,44.84,44.25,44.650002,MSFT,43407500
116,41.94889,44.529999,2014-07-17,45.709999,44.25,45.450001,MSFT,82180300
117,41.524976,44.080002,2014-07-16,44.310001,42.48,42.509998,MSFT,63318000
118,39.989456,42.450001,2014-07-15,42.470001,42.029999,42.330002,MSFT,28748700
119,39.697423,42.139999,2014-07-14,42.450001,42.040001,42.220001,MSFT,21881100
120,39.650322,42.09,2014-07-11,42.09,41.48,41.700001,MSFT,24083000
121,39.273506,41.689999,2014-07-10,42.00,41.049999,41.369999,MSFT,21854700
122,39.254665,41.669998,2014-07-09,41.990002,41.529999,41.98,MSFT,18445900
123,39.358289,41.779999,2014-07-08,42.00,41.610001,41.869999,MSFT,31218200
124,39.55612,41.990002,2014-07-07,42.119999,41.709999,41.75,MSFT,21952400
125,39.37713,41.799999,2014-07-03,41.990002,41.560001,41.91,MSFT,15969300
126,39.471336,41.900002,2014-07-02,41.900002,41.529999,41.73,MSFT,20208100
127,39.443073,41.869999,2014-07-01,42.150002,41.689999,41.860001,MSFT,26917000
128,39.282928,41.700001,2014-06-30,42.209999,41.700001,42.169998,MSFT,30805500
129,39.801048,42.25,2014-06-27,42.290001,41.509998,41.610001,MSFT,74640000
130,39.301769,41.720001,2014-06-26,41.939999,41.43,41.93,MSFT,23604400
131,39.593798,42.029999,2014-06-25,42.049999,41.459999,41.700001,MSFT,20049100
132,39.330029,41.75,2014-06-24,41.939999,41.560001,41.830002,MSFT,26509100
133,39.55612,41.990002,2014-06-23,42.00,41.689999,41.73,MSFT,18743900
134,39.264087,41.68,2014-06-20,41.830002,41.380001,41.450001,MSFT,47764900
135,39.103939,41.509998,2014-06-19,41.77,41.330002,41.57,MSFT,19828200
136,39.235827,41.650002,2014-06-18,41.740002,41.18,41.610001,MSFT,27097000
137,39.264087,41.68,2014-06-17,41.91,40.34,41.290001,MSFT,22518600
138,39.09452,41.50,2014-06-16,41.610001,41.040001,41.040001,MSFT,24205300
139,38.84017,41.23,2014-06-13,41.57,40.860001,41.099998,MSFT,26310000
140,38.227848,40.580002,2014-06-12,40.880001,40.290001,40.810001,MSFT,29818900
141,38.491617,40.860001,2014-06-11,41.07,40.77,40.93,MSFT,18040000
142,38.727126,41.110001,2014-06-10,41.16,40.860001,41.029999,MSFT,15117700
143,38.877852,41.27,2014-06-09,41.48,41.02,41.389999,MSFT,15019200
144,39.075679,41.48,2014-06-06,41.66,41.240002,41.48,MSFT,24060500
145,38.821329,41.209999,2014-06-05,41.25,40.400002,40.59,MSFT,31865200
146,37.982917,40.32,2014-06-04,40.369999,39.860001,40.209999,MSFT,23209000
147,37.954657,40.290001,2014-06-03,40.68,40.25,40.599998,MSFT,18068900
148,38.425675,40.790001,2014-06-02,41.09,40.68,40.950001,MSFT,18504300
149,38.566978,40.939999,2014-05-30,40.970001,40.25,40.450001,MSFT,34567600
150,38.001758,40.34,2014-05-29,40.349998,39.91,40.150002,MSFT,19888200
151,37.690884,40.009998,2014-05-28,40.189999,39.82,40.139999,MSFT,25711500
152,37.860451,40.189999,2014-05-27,40.259998,39.810001,40.259998,MSFT,26160600
153,37.794509,40.119999,2014-05-23,40.369999,40.00,40.369999,MSFT,18020000
154,37.775667,40.099998,2014-05-22,40.349998,39.849998,40.290001,MSFT,20201800
155,38.011177,40.349998,2014-05-21,40.349998,39.740002,39.799999,MSFT,22398700
156,37.380014,39.68,2014-05-20,39.939999,39.459999,39.68,MSFT,21320900
157,37.445956,39.75,2014-05-19,39.82,39.459999,39.610001,MSFT,24537400
158,37.521321,39.830002,2014-05-16,39.84,39.27,39.669998,MSFT,29867100
159,37.304649,39.599998,2014-05-15,40.400002,39.509998,40.09,MSFT,37793200
160,37.907556,40.240002,2014-05-14,40.450001,40.049999,40.299999,MSFT,18818700
161,38.077119,40.419998,2014-05-13,40.50,39.849998,39.919998,MSFT,27004800
162,37.389433,39.970001,2014-05-12,40.02,39.650002,39.740002,MSFT,22782600
163,36.987195,39.540001,2014-05-09,39.849998,39.369999,39.540001,MSFT,29647600
164,37.080737,39.639999,2014-05-08,39.900002,38.970001,39.34,MSFT,32120400
165,36.87494,39.419998,2014-05-07,39.509998,38.509998,39.220001,MSFT,41744500
166,36.538185,39.060001,2014-05-06,39.349998,38.950001,39.290001,MSFT,27112400
167,36.884296,39.43,2014-05-05,39.639999,39.299999,39.52,MSFT,22460900
168,37.127508,39.689999,2014-05-02,40.34,39.66,40.310001,MSFT,43416600
169,37.417495,40.00,2014-05-01,40.360001,39.950001,40.240002,MSFT,28787400
170,37.791672,40.400002,2014-04-30,40.50,40.169998,40.400002,MSFT,35458700
171,37.894567,40.509998,2014-04-29,41.189999,40.389999,41.099998,MSFT,29636200
172,38.231325,40.869999,2014-04-28,41.290001,40.09,40.139999,MSFT,50610200
173,37.333306,39.91,2014-04-25,40.68,39.75,40.290001,MSFT,56876800
174,37.286535,39.860001,2014-04-24,39.970001,39.299999,39.740002,MSFT,42381600
175,37.127508,39.689999,2014-04-23,39.990002,39.470001,39.990002,MSFT,24602800
176,37.408142,39.990002,2014-04-22,40.139999,39.830002,39.959999,MSFT,27056700
177,37.361368,39.939999,2014-04-21,40.150002,39.790001,40.130001,MSFT,22221200
178,37.426848,40.009998,2014-04-17,40.200001,39.509998,40.009998,MSFT,36689400
179,37.791672,40.400002,2014-04-16,40.419998,39.91,40.060001,MSFT,30615800
180,37.183636,39.75,2014-04-15,39.959999,39.049999,39.34,MSFT,33968700
181,36.650437,39.18,2014-04-14,39.41,38.900002,39.110001,MSFT,32006600
182,36.678499,39.209999,2014-04-11,39.790001,39.00,39.00,MSFT,34330200
183,36.818816,39.360001,2014-04-10,40.689999,39.09,40.439999,MSFT,45960800
184,37.857152,40.470001,2014-04-09,40.549999,39.880001,39.93,MSFT,27398700
185,37.249116,39.82,2014-04-08,39.93,39.200001,39.75,MSFT,35918600
186,37.230407,39.799999,2014-04-07,40.27,39.740002,39.959999,MSFT,37559600
187,37.295887,39.869999,2014-04-04,41.389999,39.639999,41.25,MSFT,51409600
188,38.362285,41.009998,2014-04-03,41.290001,40.709999,41.290001,MSFT,30139600
189,38.680334,41.349998,2014-04-02,41.66,41.169998,41.439999,MSFT,28666700
190,38.745815,41.419998,2014-04-01,41.59,41.07,41.150002,MSFT,32605000
191,38.34358,40.990002,2014-03-31,41.50,40.400002,40.43,MSFT,46886300
192,37.698126,40.299999,2014-03-28,40.639999,39.68,39.790001,MSFT,43472700
193,36.818816,39.360001,2014-03-27,39.970001,39.34,39.740002,MSFT,35369200
194,37.221054,39.790001,2014-03-26,40.709999,39.599998,40.48,MSFT,41977500
195,37.735544,40.34,2014-03-25,40.990002,39.959999,40.66,MSFT,43193100
196,37.885214,40.50,2014-03-24,40.639999,39.860001,40.34,MSFT,46098400
197,37.567165,40.16,2014-03-21,40.939999,40.009998,40.720001,MSFT,80721800
198,37.726191,40.330002,2014-03-20,40.650002,39.240002,39.25,MSFT,59269800
199,36.734626,39.27,2014-03-19,39.549999,38.91,39.470001,MSFT,35597200
200,36.996548,39.549999,2014-03-18,39.900002,38.220001,38.259998,MSFT,64063900
201,35.593392,38.049999,2014-03-17,38.41,37.790001,37.900002,MSFT,20479600
202,35.26599,37.700001,2014-03-14,38.139999,37.509998,37.650002,MSFT,27195600
203,35.443722,37.889999,2014-03-13,38.450001,37.639999,38.419998,MSFT,32169700
204,35.799189,38.27,2014-03-12,38.43,37.790001,37.799999,MSFT,30494100
205,35.56533,38.02,2014-03-11,38.23,37.720001,37.869999,MSFT,25216400
206,35.378241,37.82,2014-03-10,38.009998,37.720001,37.990002,MSFT,19006600
207,35.453078,37.900002,2014-03-07,38.360001,37.689999,38.279999,MSFT,26591600
208,35.686938,38.150002,2014-03-06,38.240002,37.889999,38.139999,MSFT,23582200
209,35.649519,38.110001,2014-03-05,38.27,37.93,38.25,MSFT,20520100
210,35.93015,38.41,2014-03-04,38.48,38.07,38.200001,MSFT,26802400
211,35.340823,37.779999,2014-03-03,38.130001,37.490002,37.919998,MSFT,29717500
212,35.836607,38.310001,2014-02-28,38.459999,37.82,37.98,MSFT,41215000
213,35.41566,37.860001,2014-02-27,37.889999,37.23,37.450001,MSFT,33903400
214,35.05084,37.470001,2014-02-26,37.740002,37.189999,37.580002,MSFT,41041800
215,35.11632,37.540001,2014-02-25,37.849998,37.349998,37.610001,MSFT,30736500
216,35.256634,37.689999,2014-02-24,37.98,37.540001,37.689999,MSFT,32085100
217,35.527911,37.98,2014-02-21,38.349998,37.860001,37.939999,MSFT,38021300
218,35.312761,37.75,2014-02-20,37.869999,37.400002,37.57,MSFT,27526100
219,35.088255,37.509998,2014-02-19,37.75,37.209999,37.220001,MSFT,29750400
220,35.004065,37.419998,2014-02-18,37.779999,37.41,37.630001,MSFT,32834000
221,34.929232,37.619999,2014-02-14,37.779999,37.330002,37.389999,MSFT,31407500
222,34.919948,37.610001,2014-02-13,37.860001,37.330002,37.330002,MSFT,37635500
223,34.789962,37.470001,2014-02-12,37.599998,37.299999,37.349998,MSFT,27051800
224,34.511417,37.169998,2014-02-11,37.259998,36.860001,36.880001,MSFT,32141400
225,34.167882,36.799999,2014-02-10,36.799999,36.290001,36.630001,MSFT,26767000
226,33.94505,36.560001,2014-02-07,36.59,36.009998,36.32,MSFT,33260500
227,33.592229,36.18,2014-02-06,36.25,35.689999,35.799999,MSFT,35351800
228,33.257977,35.82,2014-02-05,36.470001,35.799999,36.290001,MSFT,55814400
229,33.750068,36.349998,2014-02-04,37.189999,36.25,36.970001,MSFT,54697900
230,33.870771,36.48,2014-02-03,37.990002,36.43,37.740002,MSFT,64063100
231,35.133497,37.84,2014-01-31,37.889999,36.560001,36.950001,MSFT,93162300
232,34.223592,36.860001,2014-01-30,36.880001,36.23,36.790001,MSFT,35036300
233,34.037896,36.66,2014-01-29,36.880001,35.900002,35.98,MSFT,52745900
234,33.675792,36.27,2014-01-28,36.389999,35.75,36.119999,MSFT,36205500
235,33.452956,36.029999,2014-01-27,36.889999,35.98,36.869999,MSFT,44420800
236,34.177169,36.810001,2014-01-24,37.549999,36.529999,37.450001,MSFT,76395500
237,33.480813,36.060001,2014-01-23,36.130001,35.52,36.09,MSFT,43954000
238,33.36011,35.93,2014-01-22,36.32,35.75,36.259998,MSFT,21904300
239,33.582942,36.169998,2014-01-21,36.82,36.060001,36.82,MSFT,31567300
240,33.777924,36.380001,2014-01-17,36.830002,36.150002,36.830002,MSFT,46267500
241,34.251445,36.889999,2014-01-16,37.00,36.310001,36.689999,MSFT,38018700
242,34.130742,36.759998,2014-01-15,36.790001,35.849998,35.900002,MSFT,44812600
243,33.220837,35.779999,2014-01-14,35.880001,34.630001,34.73,MSFT,41623300
244,32.478058,34.98,2014-01-13,36.02,34.830002,35.990002,MSFT,45901900
245,33.462243,36.040001,2014-01-10,36.150002,35.75,35.900002,MSFT,40548800
246,32.988719,35.529999,2014-01-09,35.91,35.400002,35.880001,MSFT,36516300
247,33.202267,35.759998,2014-01-08,36.139999,35.580002,36.00,MSFT,59971700
248,33.805778,36.41,2014-01-07,36.490002,36.209999,36.330002,MSFT,35802800
249,33.545806,36.130001,2014-01-06,36.889999,36.110001,36.849998,MSFT,43603700
250,34.270015,36.91,2014-01-03,37.220001,36.599998,37.200001,MSFT,31134800
251,34.502134,37.16,2014-01-02,37.400002,37.099998,37.349998,MSFT,30632200
252,34.734253,37.41,2013-12-31,37.580002,37.220001,37.400002,MSFT,17503500
253,34.622837,37.290001,2013-12-30,37.380001,36.900002,37.220001,MSFT,16290500
254,34.622837,37.290001,2013-12-27,37.619999,37.169998,37.580002,MSFT,14563000
255,34.762106,37.439999,2013-12-26,37.490002,37.169998,37.200001,MSFT,17612800
256,34.427858,37.080002,2013-12-24,37.169998,36.639999,36.720001,MSFT,14243000
257,34.000757,36.619999,2013-12-23,36.889999,36.549999,36.810001,MSFT,25128700
258,34.167882,36.799999,2013-12-20,36.93,36.189999,36.200001,MSFT,62649100
259,33.657222,36.25,2013-12-19,36.549999,36.080002,36.509998,MSFT,34160100
260,33.96362,36.580002,2013-12-18,36.599998,35.529999,36.360001,MSFT,63192100
261,33.90791,36.52,2013-12-17,37.110001,36.330002,36.939999,MSFT,45687700
262,34.251445,36.889999,2013-12-16,37.00,36.540001,36.73,MSFT,31734200
263,34.065749,36.689999,2013-12-13,37.450001,36.619999,37.419998,MSFT,40066100
264,34.557844,37.220001,2013-12-12,37.639999,37.18,37.639999,MSFT,36012800
265,34.919948,37.610001,2013-12-11,38.299999,37.389999,38.060001,MSFT,39853400
266,35.384186,38.110001,2013-12-10,38.900002,38.02,38.610001,MSFT,37828600
267,35.94127,38.709999,2013-12-09,38.869999,38.369999,38.560001,MSFT,30286000
268,35.616305,38.360001,2013-12-06,38.549999,37.990002,38.419998,MSFT,36457300
269,35.282053,38.00,2013-12-05,38.880001,37.18,38.849998,MSFT,116305000
270,36.154818,38.939999,2013-12-04,38.98,38.119999,38.209999,MSFT,51983600
271,35.569882,38.310001,2013-12-03,38.490002,38.080002,38.139999,MSFT,52109800
272,35.699868,38.450001,2013-12-02,38.779999,38.060001,38.09,MSFT,42950400
273,35.402756,38.130001,2013-11-29,38.290001,37.82,37.82,MSFT,22090400
274,34.910662,37.599998,2013-11-27,37.759998,37.490002,37.57,MSFT,26002100
275,34.678543,37.349998,2013-11-26,37.650002,37.349998,37.57,MSFT,34465300
276,34.947802,37.639999,2013-11-25,37.950001,37.57,37.93,MSFT,30646800
277,34.882809,37.57,2013-11-22,37.68,37.330002,37.529999,MSFT,27982000
278,34.724969,37.400002,2013-11-21,37.529999,37.259998,37.27,MSFT,23064700
279,34.427858,37.080002,2013-11-20,37.41,36.860001,36.919998,MSFT,32229900
280,34.112176,36.740002,2013-11-19,37.23,36.669998,36.849998,MSFT,44275000
281,34.279301,37.200001,2013-11-18,37.580002,37.07,37.349998,MSFT,53277500
282,34.869051,37.84,2013-11-15,38.02,37.720001,37.950001,MSFT,50601300
283,35.034919,38.02,2013-11-14,38.130001,37.720001,37.869999,MSFT,46183700
284,35.163927,38.16,2013-11-13,38.16,36.900002,36.98,MSFT,44957600
285,34.426738,37.360001,2013-11-12,37.599998,37.200001,37.380001,MSFT,31651600
286,34.63868,37.59,2013-11-11,37.779999,37.349998,37.689999,MSFT,26872500
287,34.813761,37.779999,2013-11-08,37.779999,37.34,37.669998,MSFT,36737800
288,34.555746,37.50,2013-11-07,38.009998,37.43,37.959999,MSFT,60437400
289,35.182357,38.18,2013-11-06,38.220001,37.060001,37.240002,MSFT,88948800
290,33.763267,36.639999,2013-11-05,36.709999,35.77,35.790001,MSFT,51681900
291,33.118226,35.939999,2013-11-04,35.98,35.549999,35.59,MSFT,28060700
292,32.740416,35.529999,2013-11-01,35.689999,35.389999,35.669998,MSFT,40264600
293,32.629839,35.41,2013-10-31,35.689999,35.34,35.66,MSFT,41682300
294,32.749633,35.540001,2013-10-30,35.790001,35.43,35.529999,MSFT,36997700
295,32.731203,35.52,2013-10-29,35.720001,35.259998,35.630001,MSFT,31702200
296,32.777277,35.57,2013-10-28,35.73,35.27,35.610001,MSFT,38383600
297,32.924714,35.73,2013-10-25,36.290001,35.470001,35.880001,MSFT,113494000
298,31.072528,33.720001,2013-10-24,34.099998,33.57,33.82,MSFT,53209700
299,31.109385,33.759998,2013-10-23,34.490002,33.669998,34.349998,MSFT,58600500
300,31.865007,34.580002,2013-10-22,35.099998,34.52,35.02,MSFT,40438500
301,32.242816,34.990002,2013-10-21,35.200001,34.91,34.98,MSFT,27433500
302,32.215169,34.959999,2013-10-18,34.990002,34.330002,34.82,MSFT,41811700
303,32.178309,34.919998,2013-10-17,34.990002,34.369999,34.450001,MSFT,31359200
304,31.920294,34.639999,2013-10-16,34.900002,34.560001,34.599998,MSFT,35111600
305,31.782073,34.490002,2013-10-15,34.990002,34.470001,34.669998,MSFT,47097800
306,31.745213,34.450001,2013-10-14,34.50,33.779999,33.900002,MSFT,27757900
307,31.450337,34.130001,2013-10-11,34.139999,33.68,33.68,MSFT,30033300
308,31.109385,33.759998,2013-10-10,33.889999,33.259998,33.310001,MSFT,42875100
309,30.47356,33.07,2013-10-09,33.349998,32.959999,33.07,MSFT,35878600
310,30.41827,33.009998,2013-10-08,33.330002,32.799999,33.310001,MSFT,41017600
311,30.685502,33.299999,2013-10-07,33.709999,33.200001,33.599998,MSFT,35069300
312,31.219966,33.880001,2013-10-04,33.990002,33.619999,33.689999,MSFT,33008100
313,31.201535,33.860001,2013-10-03,34.00,33.419998,33.880001,MSFT,38703800
314,31.256822,33.919998,2013-10-02,34.029999,33.290001,33.360001,MSFT,46946800
315,30.94352,33.580002,2013-10-01,33.610001,33.299999,33.349998,MSFT,36718700
316,30.667071,33.279999,2013-09-30,33.310001,32.700001,33.00,MSFT,39839500
317,30.657858,33.27,2013-09-27,33.75,32.869999,32.880001,MSFT,55348000
318,30.197115,32.77,2013-09-26,33.00,32.59,32.639999,MSFT,28504000
319,29.957526,32.509998,2013-09-25,32.799999,32.400002,32.490002,MSFT,28907500
320,29.902239,32.450001,2013-09-24,32.869999,32.150002,32.869999,MSFT,40685000
321,30.169471,32.740002,2013-09-23,32.970001,32.50,32.540001,MSFT,39826100
322,30.215545,32.790001,2013-09-20,33.48,32.689999,33.41,MSFT,102904900
323,30.998807,33.639999,2013-09-19,33.68,33.32,33.48,MSFT,42026600
324,30.703932,33.32,2013-09-18,33.400002,32.830002,32.990002,MSFT,64099900
325,30.344553,32.93,2013-09-17,33.470001,32.900002,33.419998,MSFT,84716500
326,30.224758,32.799999,2013-09-16,33.50,32.73,33.380001,MSFT,52839700
327,30.4367,33.029999,2013-09-13,33.07,32.509998,32.77,MSFT,40899000
328,30.123394,32.689999,2013-09-12,32.779999,32.59,32.720001,MSFT,32860200
329,30.169471,32.740002,2013-09-11,32.93,32.529999,32.57,MSFT,39087500
330,29.846949,32.389999,2013-09-10,32.400002,31.790001,31.90,MSFT,56881200
331,29.174264,31.66,2013-09-09,31.790001,31.200001,31.219999,MSFT,49628500
332,28.704306,31.15,2013-09-06,31.389999,31.129999,31.309999,MSFT,75434900
333,28.778025,31.23,2013-09-05,31.440001,30.950001,31.10,MSFT,71644900
334,28.750381,31.200001,2013-09-04,31.469999,31.110001,31.389999,MSFT,142320600
335,29.376991,31.879999,2013-09-03,32.07,31.290001,31.75,MSFT,154507000
336,30.777652,33.400002,2013-08-30,33.48,33.09,33.369999,MSFT,42790200
337,30.915873,33.549999,2013-08-29,33.599998,32.799999,32.93,MSFT,45284700
338,30.427487,33.02,2013-08-28,33.599998,33.00,33.389999,MSFT,44257400
339,30.648641,33.259998,2013-08-27,34.099998,33.150002,33.52,MSFT,58522300
340,31.468767,34.150002,2013-08-26,34.669998,34.029999,34.400002,MSFT,72786800
341,32.021658,34.75,2013-08-23,35.200001,34.00,35.169998,MSFT,225493800
342,29.846949,32.389999,2013-08-22,32.490002,32.099998,32.189999,MSFT,31169900
343,29.128191,31.610001,2013-08-21,32.009998,31.540001,31.610001,MSFT,37409100
344,29.137406,31.620001,2013-08-20,31.90,31.370001,31.440001,MSFT,22979600
345,28.925462,31.389999,2013-08-19,31.969999,31.379999,31.76,MSFT,27902500
346,29.303272,31.799999,2013-08-16,31.99,31.66,31.790001,MSFT,32866300
347,29.294058,31.790001,2013-08-15,32.18,30.84,32.00,MSFT,33338000
348,29.810089,32.349998,2013-08-14,33.360001,31.700001,32.139999,MSFT,48519600
349,29.699511,32.23,2013-08-13,32.549999,32.209999,32.509998,MSFT,39464100
350,30.077319,32.869999,2013-08-12,32.970001,32.459999,32.459999,MSFT,25493700
351,29.921764,32.700001,2013-08-09,32.900002,32.470001,32.77,MSFT,26800700
352,30.09562,32.889999,2013-08-08,33.07,32.049999,32.240002,MSFT,59034400
353,29.33614,32.060001,2013-08-07,32.099998,31.25,31.540001,MSFT,38078600
354,28.89692,31.58,2013-08-06,31.67,31.379999,31.549999,MSFT,36331500
355,29.006726,31.700001,2013-08-05,32.00,31.639999,31.90,MSFT,30984000
356,29.180582,31.889999,2013-08-02,31.90,31.57,31.690001,MSFT,29199900
357,28.979274,31.67,2013-08-01,32.09,31.60,32.060001,MSFT,42557900
358,29.134831,31.84,2013-07-31,32.049999,31.709999,31.969999,MSFT,43898400
359,29.143981,31.85,2013-07-30,32.119999,31.549999,31.780001,MSFT,45799500
360,28.86032,31.540001,2013-07-29,31.60,31.40,31.469999,MSFT,28870700
361,28.933523,31.620001,2013-07-26,31.620001,31.209999,31.26,MSFT,38633600
362,28.723063,31.389999,2013-07-25,31.65,31.25,31.620001,MSFT,63213000
363,29.244634,31.959999,2013-07-24,32.189999,31.889999,32.040001,MSFT,52803100
364,29.116529,31.82,2013-07-23,32.040001,31.709999,31.91,MSFT,65810400
365,29.290385,32.009998,2013-07-22,32.009998,31.60,31.700001,MSFT,79040700
366,28.732213,31.40,2013-07-19,32.669998,31.02,32.400002,MSFT,248428500
367,32.428968,35.439999,2013-07-18,35.889999,35.220001,35.720001,MSFT,49547100
368,32.703483,35.740002,2013-07-17,36.389999,35.490002,36.34,MSFT,37285100
369,33.188452,36.27,2013-07-16,36.43,35.959999,36.009998,MSFT,36378500
370,33.096946,36.169998,2013-07-15,36.220001,35.580002,35.66,MSFT,34142600
371,32.639427,35.669998,2013-07-12,35.73,35.279999,35.580002,MSFT,35501200
372,32.657728,35.689999,2013-07-11,35.77,34.900002,35.00,MSFT,53638300
373,31.751842,34.700001,2013-07-10,34.810001,34.32,34.34,MSFT,29658800
374,31.431576,34.349998,2013-07-09,34.599998,34.139999,34.580002,MSFT,25318500
375,31.413278,34.330002,2013-07-08,34.59,33.98,34.349998,MSFT,32396900
376,31.303471,34.209999,2013-07-05,34.240002,33.580002,34.09,MSFT,26085900
377,31.120463,34.009998,2013-07-03,34.369999,33.599998,33.66,MSFT,15994400
378,31.05641,33.939999,2013-07-02,34.439999,33.630001,34.41,MSFT,37630000
379,31.440728,34.360001,2013-07-01,34.990002,34.330002,34.75,MSFT,31055400
380,31.605436,34.540001,2013-06-28,34.790001,34.34,34.380001,MSFT,65545500
381,31.678637,34.619999,2013-06-27,34.779999,34.50,34.52,MSFT,28993100
382,31.431576,34.349998,2013-06-26,34.48,33.889999,34.119999,MSFT,48665900
383,30.80935,33.669998,2013-06-25,34.380001,33.459999,34.080002,MSFT,44073400
384,30.855104,33.720001,2013-06-24,34.200001,32.57,32.939999,MSFT,56109000
385,30.443336,33.27,2013-06-21,33.73,33.049999,33.66,MSFT,85338500
386,30.644646,33.490002,2013-06-20,34.330002,33.369999,34.259998,MSFT,54493700
387,31.651187,34.59,2013-06-19,35.09,34.59,34.959999,MSFT,30816200
388,32.008051,34.98,2013-06-18,35.169998,34.900002,34.970001,MSFT,28616500
389,32.026353,35.00,2013-06-17,35.16,34.630001,34.689999,MSFT,49670100
390,31.477331,34.400002,2013-06-14,34.689999,34.25,34.549999,MSFT,53192600
391,31.770143,34.720001,2013-06-13,35.02,34.59,34.990002,MSFT,45654900
392,32.026353,35.00,2013-06-12,35.27,34.849998,35.139999,MSFT,37372700
393,31.879947,34.84,2013-06-11,35.18,34.68,35.049999,MSFT,39435900
394,32.456422,35.470001,2013-06-10,35.650002,35.139999,35.509998,MSFT,35994500
395,32.639427,35.669998,2013-06-07,35.779999,35.060001,35.25,MSFT,40757300
396,31.98975,34.959999,2013-06-06,35.110001,34.490002,34.84,MSFT,37618500
397,31.825043,34.779999,2013-06-05,34.889999,34.43,34.599998,MSFT,46025100
398,32.017204,34.990002,2013-06-04,35.740002,34.77,35.619999,MSFT,65529500
399,32.566226,35.59,2013-06-03,35.630001,34.830002,34.919998,MSFT,51252600
400,31.93485,34.900002,2013-05-31,35.279999,34.790001,34.82,MSFT,56165700
401,32.053803,35.029999,2013-05-30,35.25,34.810001,34.849998,MSFT,51131000
402,31.916549,34.880001,2013-05-29,35.02,34.57,34.740002,MSFT,38412200
403,32.044654,35.02,2013-05-28,35.18,34.41,34.419998,MSFT,48212100
404,31.358375,34.27,2013-05-24,34.279999,33.900002,33.919998,MSFT,33174400
405,31.248571,34.150002,2013-05-23,34.549999,33.900002,34.23,MSFT,51102700
406,31.669488,34.610001,2013-05-22,34.84,34.360001,34.790001,MSFT,66047500
407,31.889095,34.849998,2013-05-21,35.27,34.720001,35.099998,MSFT,48702400
408,32.099557,35.080002,2013-05-20,35.099998,34.68,34.73,MSFT,54020800
409,31.907397,34.869999,2013-05-17,34.869999,34.099998,34.130001,MSFT,60666700
410,31.184519,34.080002,2013-05-16,34.150002,33.549999,33.639999,MSFT,59382900
411,30.974057,33.849998,2013-05-15,33.900002,33.43,33.450001,MSFT,46303900
412,30.681245,33.529999,2013-05-14,33.529999,32.799999,32.860001,MSFT,56870100
413,30.013267,33.029999,2013-05-13,33.07,32.549999,32.610001,MSFT,36027600
414,29.70432,32.689999,2013-05-10,32.720001,32.32,32.669998,MSFT,36394900
415,29.677061,32.66,2013-05-09,33.00,32.59,32.849998,MSFT,46417800
416,29.976923,32.990002,2013-05-08,33.240002,32.650002,33.07,MSFT,51595700
417,30.267696,33.310001,2013-05-07,33.790001,33.240002,33.650002,MSFT,43078300
418,30.667508,33.75,2013-05-06,33.91,33.25,33.419998,MSFT,40978300
419,30.431256,33.490002,2013-05-03,33.52,33.080002,33.23,MSFT,46784600
420,30.131395,33.16,2013-05-02,33.169998,32.389999,32.630001,MSFT,46059500
421,29.731582,32.720001,2013-05-01,33.080002,32.599998,32.93,MSFT,54330900
422,30.076873,33.099998,2013-04-30,33.110001,32.279999,32.560001,MSFT,75165200
423,29.631628,32.610001,2013-04-29,32.68,31.77,31.799999,MSFT,59116400
424,28.886522,31.790001,2013-04-26,31.98,31.450001,31.90,MSFT,47799300
425,29.022822,31.940001,2013-04-25,32.84,31.540001,31.709999,MSFT,110700200
426,28.859261,31.76,2013-04-24,31.92,30.60,30.620001,MSFT,90946600
427,27.805208,30.60,2013-04-23,30.90,30.379999,30.700001,MSFT,59126900
428,28.014201,30.83,2013-04-22,31.18,30.27,30.299999,MSFT,137904000
429,27.051014,29.77,2013-04-19,30.24,29.610001,29.620001,MSFT,99790700
430,26.160521,28.790001,2013-04-18,28.98,28.50,28.950001,MSFT,56906600
431,26.196867,28.83,2013-04-17,29.040001,28.60,28.85,MSFT,52840700
432,26.32408,28.969999,2013-04-16,29.139999,28.700001,28.90,MSFT,52797300
433,26.069654,28.690001,2013-04-15,28.98,28.51,28.65,MSFT,56332900
434,26.160521,28.790001,2013-04-12,29.02,28.66,28.85,MSFT,62886300
435,26.296821,28.940001,2013-04-11,29.200001,28.73,29.10,MSFT,130923200
436,27.514435,30.280001,2013-04-10,30.32,29.52,29.57,MSFT,71116700
437,26.905628,29.610001,2013-04-09,29.82,28.68,28.73,MSFT,77733800
438,25.978787,28.59,2013-04-08,28.73,28.469999,28.73,MSFT,34759500
439,26.078741,28.700001,2013-04-05,28.780001,28.110001,28.219999,MSFT,50927300
440,25.987874,28.60,2013-04-04,28.610001,28.27,28.389999,MSFT,45263200
441,25.951526,28.559999,2013-04-03,28.950001,28.540001,28.75,MSFT,35062800
442,26.169606,28.799999,2013-04-02,28.85,28.52,28.59,MSFT,28456500
443,25.996961,28.610001,2013-04-01,28.66,28.360001,28.639999,MSFT,29201100
444,25.996961,28.610001,2013-03-28,28.66,28.26,28.32,MSFT,55453800
445,25.778881,28.370001,2013-03-27,28.450001,28.08,28.139999,MSFT,36047400
446,25.58806,28.16,2013-03-26,28.34,28.110001,28.24,MSFT,27824300
447,25.58806,28.16,2013-03-25,28.35,27.959999,28.299999,MSFT,44154000
448,25.66984,28.25,2013-03-22,28.34,28.10,28.190001,MSFT,28720900
449,25.542627,28.110001,2013-03-21,28.360001,28.049999,28.110001,MSFT,34233200
450,25.733447,28.32,2013-03-20,28.49,28.18,28.34,MSFT,35447800
451,25.606234,28.18,2013-03-19,28.219999,28.030001,28.120001,MSFT,51901600
452,25.53354,28.10,2013-03-18,28.280001,27.809999,27.879999,MSFT,44809400
453,25.479021,28.040001,2013-03-15,28.16,27.98,28.030001,MSFT,92710300
454,25.569886,28.139999,2013-03-14,28.16,27.93,28.00,MSFT,55914800
455,25.36998,27.92,2013-03-13,28.02,27.75,27.870001,MSFT,29093400
456,25.360893,27.91,2013-03-12,27.950001,27.639999,27.84,MSFT,39255200
457,25.324548,27.870001,2013-03-11,27.969999,27.67,27.940001,MSFT,36627500
458,25.442673,28.00,2013-03-08,28.33,27.959999,28.25,MSFT,37667800
459,25.569886,28.139999,2013-03-07,28.280001,28.01,28.110001,MSFT,29196700
460,25.524454,28.09,2013-03-06,28.23,27.780001,28.209999,MSFT,51448500
461,25.760707,28.35,2013-03-05,28.540001,28.16,28.290001,MSFT,41432200
462,25.578973,28.15,2013-03-04,28.15,27.700001,27.85,MSFT,38157500
463,25.397241,27.950001,2013-03-01,27.98,27.52,27.719999,MSFT,34849700
464,25.260939,27.799999,2013-02-28,27.969999,27.74,27.879999,MSFT,35840200
465,25.270026,27.809999,2013-02-27,28.00,27.33,27.42,MSFT,36394700
466,24.870214,27.370001,2013-02-26,27.60,27.34,27.379999,MSFT,49923300
467,24.870214,27.370001,2013-02-25,28.049999,27.370001,27.969999,MSFT,48011800
468,25.224594,27.76,2013-02-22,27.76,27.48,27.68,MSFT,31425900
469,24.979253,27.49,2013-02-21,27.74,27.23,27.74,MSFT,49078500
470,25.324548,27.870001,2013-02-20,28.200001,27.83,28.129999,MSFT,44110200
471,25.488106,28.049999,2013-02-19,28.09,27.799999,27.879999,MSFT,38781400
472,25.242767,28.01,2013-02-15,28.16,27.879999,28.040001,MSFT,49650900
473,25.269804,28.040001,2013-02-14,28.059999,27.870001,27.92,MSFT,32663200
474,25.260792,28.030001,2013-02-13,28.110001,27.879999,27.93,MSFT,41715600
475,25.12561,27.879999,2013-02-12,28.00,27.75,27.879999,MSFT,35990900
476,25.107587,27.860001,2013-02-11,27.92,27.50,27.65,MSFT,32247700
477,24.828212,27.549999,2013-02-08,27.709999,27.309999,27.35,MSFT,33318500
478,24.584888,27.280001,2013-02-07,27.389999,27.10,27.35,MSFT,38028300
479,24.63896,27.34,2013-02-06,27.540001,27.25,27.379999,MSFT,41889600
480,24.783152,27.50,2013-02-05,27.66,27.360001,27.620001,MSFT,35410400
481,24.72908,27.440001,2013-02-04,28.02,27.42,27.870001,MSFT,50540000
482,25.170671,27.93,2013-02-01,28.049999,27.549999,27.67,MSFT,55565900
483,24.738093,27.450001,2013-01-31,27.969999,27.40,27.790001,MSFT,50530000
484,25.098575,27.85,2013-01-30,28.190001,27.76,28.01,MSFT,43580500
485,25.242767,28.01,2013-01-29,28.129999,27.60,27.82,MSFT,49242600
486,25.152646,27.91,2013-01-28,28.23,27.76,28.01,MSFT,56056500
487,25.12561,27.879999,2013-01-25,28.23,27.389999,27.58,MSFT,81847700
488,24.900308,27.629999,2013-01-24,28.07,27.469999,27.700001,MSFT,101739300
489,24.882286,27.610001,2013-01-23,27.639999,27.200001,27.200001,MSFT,50387700
490,24.46773,27.15,2013-01-22,27.450001,27.00,27.299999,MSFT,58650600
491,24.557851,27.25,2013-01-18,27.290001,27.040001,27.10,MSFT,52167700
492,24.557851,27.25,2013-01-17,27.469999,27.059999,27.190001,MSFT,51685900
493,24.368599,27.040001,2013-01-16,27.23,27.01,27.15,MSFT,41077400
494,24.521802,27.209999,2013-01-15,27.290001,26.83,26.83,MSFT,48244500
495,24.233416,26.889999,2013-01-14,27.08,26.76,26.90,MSFT,48324400
496,24.179345,26.83,2013-01-11,26.93,26.280001,26.49,MSFT,55512100
497,23.845898,26.459999,2013-01-10,26.98,26.290001,26.65,MSFT,71431300
498,24.062189,26.700001,2013-01-09,26.75,26.559999,26.719999,MSFT,49047900
499,23.927006,26.549999,2013-01-08,26.790001,26.459999,26.75,MSFT,44703100
500,24.053176,26.690001,2013-01-07,26.879999,26.639999,26.77,MSFT,37110400
501,24.098236,26.74,2013-01-04,27.34,26.73,27.27,MSFT,52521100
502,24.557851,27.25,2013-01-03,27.65,27.16,27.629999,MSFT,48294400
503,24.891298,27.620001,2013-01-02,27.73,27.15,27.25,MSFT,52899300
