,Adj_Close,Close,Date,High,Low,Open,Symbol,Volume
0,50.853048,51.169998,2016-06-30,51.299999,50.50,50.720001,MSFT,28527800
1,50.226953,50.540001,2016-06-29,50.720001,49.799999,49.91,MSFT,31304000
2,49.133765,49.439999,2016-06-28,49.470001,48.669998,48.919998,MSFT,38140700
3,48.130022,48.43,2016-06-27,49.150002,48.040001,49.099998,MSFT,50216300
4,49.521352,49.830002,2016-06-24,50.939999,49.52,49.810001,MSFT,133503000
5,51.588466,51.91,2016-06-23,52.060001,51.150002,51.279999,MSFT,29028800
6,50.674167,50.990002,2016-06-22,51.459999,50.950001,51.080002,MSFT,28816800
7,50.872925,51.189999,2016-06-21,51.43,50.16,50.200001,MSFT,34097800
8,49.759863,50.07,2016-06-20,50.830002,50.029999,50.639999,MSFT,35607900
9,49.819493,50.130001,2016-06-17,50.43,49.82,50.41,MSFT,45710500
10,50.077881,50.389999,2016-06-16,50.470001,49.509998,49.52,MSFT,31188600
11,49.382216,49.689999,2016-06-15,50.119999,49.689999,49.779999,MSFT,33757600
12,49.521352,49.830002,2016-06-14,50.099998,49.57,49.900002,MSFT,42577100
13,49.829429,50.139999,2016-06-13,50.720001,49.060001,49.580002,MSFT,83217800
14,51.16113,51.48,2016-06-10,52.049999,51.040001,51.049999,MSFT,25833200
15,51.300262,51.619999,2016-06-09,52.00,51.490002,52.00,MSFT,20305700
16,51.717662,52.040001,2016-06-08,52.439999,51.869999,52.02,MSFT,21149400
17,51.777288,52.099998,2016-06-07,52.73,52.099998,52.240002,MSFT,20866800
18,51.807105,52.130001,2016-06-06,52.349998,51.889999,51.990002,MSFT,18243300
19,51.469211,51.790001,2016-06-03,52.419998,51.599998,52.380001,MSFT,23368300
20,52.154936,52.48,2016-06-02,52.740002,51.84,52.639999,MSFT,22840800
21,52.522643,52.849998,2016-06-01,52.950001,52.439999,52.439999,MSFT,25324800
22,52.671715,53.00,2016-05-31,53.00,52.080002,52.259998,MSFT,37653100
23,51.995927,52.32,2016-05-27,52.32,51.77,51.919998,MSFT,17721400
24,51.56859,51.889999,2016-05-26,51.98,51.360001,51.93,MSFT,24335200
25,51.797165,52.119999,2016-05-25,52.490002,51.790001,51.919998,MSFT,24040200
26,51.270449,51.59,2016-05-24,51.709999,50.400002,50.700001,MSFT,34757900
27,49.72011,50.029999,2016-05-23,50.68,49.98,50.599998,MSFT,26118700
28,50.306456,50.619999,2016-05-20,51.220001,50.400002,50.48,MSFT,23905800
29,50.008315,50.32,2016-05-19,50.619999,49.82,50.470001,MSFT,23842400
30,50.495281,50.810001,2016-05-18,51.139999,50.299999,50.48,MSFT,24907500
31,50.197137,50.509998,2016-05-17,51.73,50.360001,51.720001,MSFT,27803500
32,51.151191,51.830002,2016-05-16,51.959999,50.75,50.799999,MSFT,20032000
33,50.411014,51.080002,2016-05-13,51.900002,51.040001,51.439999,MSFT,22592300
34,50.835379,51.509998,2016-05-12,51.810001,50.919998,51.200001,MSFT,24102800
35,50.381404,51.049999,2016-05-11,51.779999,51.00,51.130001,MSFT,24039100
36,50.351798,51.02,2016-05-10,51.099998,50.189999,50.330002,MSFT,22891000
37,49.414239,50.07,2016-05-09,50.59,50.00,50.490002,MSFT,17951600
38,49.730048,50.389999,2016-05-06,50.389999,49.66,49.919998,MSFT,24787300
39,49.285941,49.939999,2016-05-05,50.299999,49.73,49.869999,MSFT,25390700
40,49.216858,49.869999,2016-05-04,50.060001,49.459999,49.84,MSFT,24257600
41,49.128037,49.779999,2016-05-03,50.41,49.599998,50.34,MSFT,26460200
42,49.947168,50.610001,2016-05-02,50.75,49.779999,50.00,MSFT,33114500
43,49.216858,49.869999,2016-04-29,50.25,49.349998,49.349998,MSFT,48411700
44,49.246468,49.900002,2016-04-28,50.77,49.560001,50.619999,MSFT,43134800
45,50.272844,50.939999,2016-04-27,51.50,50.549999,51.48,MSFT,43369300
46,50.766296,51.439999,2016-04-26,52.349998,51.09,52.259998,MSFT,33532600
47,51.427523,52.110001,2016-04-25,52.130001,51.630001,51.779999,MSFT,33226900
48,51.101843,51.779999,2016-04-22,52.43,50.77,51.91,MSFT,126834100
49,55.049455,55.779999,2016-04-21,56.23,55.419998,55.799999,MSFT,38909100
50,54.861945,55.59,2016-04-20,56.50,55.490002,56.290001,MSFT,36195700
51,55.651467,56.389999,2016-04-19,56.77,55.68,56.630001,MSFT,29596800
52,55.72055,56.459999,2016-04-18,56.59,55.209999,55.490002,MSFT,23786000
53,54.921161,55.650002,2016-04-15,55.919998,55.110001,55.299999,MSFT,28793800
54,54.634958,55.360001,2016-04-14,55.580002,55.07,55.220001,MSFT,20877100
55,54.625087,55.349998,2016-04-13,55.439999,54.889999,55.119999,MSFT,20818000
56,53.934258,54.650002,2016-04-12,54.779999,53.759998,54.369999,MSFT,24944300
57,53.59871,54.310001,2016-04-11,55.150002,54.299999,54.490002,MSFT,21414200
58,53.707267,54.419998,2016-04-08,55.279999,54.32,54.669998,MSFT,22167200
59,53.746744,54.459999,2016-04-07,54.91,54.23,54.869999,MSFT,19225100
60,54.3981,55.119999,2016-04-06,55.200001,54.209999,54.360001,MSFT,21188700
61,53.845436,54.560001,2016-04-05,55.299999,54.459999,55.189999,MSFT,19272300
62,54.704041,55.43,2016-04-04,55.66,55.00,55.43,MSFT,18928800
63,54.842207,55.57,2016-04-01,55.610001,54.57,55.049999,MSFT,24399200
64,54.506659,55.23,2016-03-31,55.59,54.860001,54.950001,MSFT,26360500
65,54.329017,55.049999,2016-03-30,55.639999,54.900002,54.93,MSFT,23008300
66,53.993469,54.709999,2016-03-29,54.860001,53.450001,53.66,MSFT,23924300
67,52.838795,53.540001,2016-03-28,54.290001,53.330002,54.209999,MSFT,17025100
68,53.500018,54.209999,2016-03-24,54.330002,53.73,53.84,MSFT,19950000
69,53.263163,53.970001,2016-03-23,54.240002,53.740002,54.110001,MSFT,20129000
70,53.361852,54.07,2016-03-22,54.25,53.459999,53.610001,MSFT,23124100
71,53.154603,53.860001,2016-03-21,53.93,52.93,53.25,MSFT,23925700
72,52.78945,53.490002,2016-03-18,54.970001,53.450001,54.919998,MSFT,67625500
73,53.944125,54.66,2016-03-17,55.00,54.00,54.209999,MSFT,28223900
74,53.638184,54.349998,2016-03-16,54.599998,53.400002,53.450001,MSFT,31691700
75,52.888139,53.59,2016-03-15,53.59,52.740002,52.75,MSFT,21104800
76,52.473638,53.169998,2016-03-14,53.59,52.630001,52.709999,MSFT,24083600
77,52.374949,53.07,2016-03-11,53.07,52.380001,53.00,MSFT,32275700
78,51.368307,52.049999,2016-03-10,52.939999,51.16,52.93,MSFT,38387800
79,52.147962,52.84,2016-03-09,52.849998,51.860001,51.889999,MSFT,28251600
80,50.973548,51.650002,2016-03-08,52.130001,50.599998,50.799999,MSFT,33835100
81,50.361666,51.029999,2016-03-07,51.799999,50.580002,51.560001,MSFT,38407800
82,51.348569,52.029999,2016-03-04,52.450001,51.709999,52.400002,MSFT,33034200
83,51.664377,52.349998,2016-03-03,52.970001,51.779999,52.970001,MSFT,24427800
84,52.256522,52.950001,2016-03-02,52.959999,52.16,52.41,MSFT,29289900
85,51.891368,52.580002,2016-03-01,52.59,50.919998,50.970001,MSFT,33024500
86,50.213632,50.880001,2016-02-29,51.650002,50.66,51.349998,MSFT,31654000
87,50.62813,51.299999,2016-02-26,52.68,51.099998,52.599998,MSFT,35975900
88,51.417652,52.099998,2016-02-25,52.099998,50.610001,51.73,MSFT,26939500
89,50.687345,51.360001,2016-02-24,51.50,50.200001,50.689999,MSFT,33014500
90,50.509703,51.18,2016-02-23,52.369999,50.98,52.34,MSFT,28895300
91,51.960451,52.650002,2016-02-22,53.00,52.279999,52.279999,MSFT,25008300
92,51.14132,51.82,2016-02-19,52.279999,51.529999,51.970001,MSFT,33559100
93,51.506473,52.189999,2016-02-18,52.950001,52.099998,52.330002,MSFT,27176000
94,51.73346,52.419998,2016-02-17,52.77,51.450001,51.490002,MSFT,40789000
95,50.420881,51.09,2016-02-16,51.09,50.130001,50.900002,MSFT,37291200
96,49.483325,50.50,2016-02-12,50.68,49.75,50.25,MSFT,34243300
97,48.68963,49.689999,2016-02-11,50.110001,48.509998,48.68,MSFT,48878600
98,48.709228,49.709999,2016-02-10,50.389999,49.52,49.889999,MSFT,38237000
99,48.287885,49.279999,2016-02-09,50.240002,48.669998,49.02,MSFT,46740500
100,48.415269,49.41,2016-02-08,49.57,48.189999,49.549999,MSFT,59290500
101,49.150169,50.16,2016-02-05,52.00,49.560001,51.939999,MSFT,62009000
102,50.953126,52.00,2016-02-04,52.810001,51.369999,52.099998,MSFT,46987100
103,51.109905,52.16,2016-02-03,53.389999,51.259998,53.25,MSFT,57559800
104,51.932994,53.00,2016-02-02,54.259998,52.650002,54.169998,MSFT,56313800
105,53.608567,54.709999,2016-02-01,55.09,54.50,54.880001,MSFT,44208500
106,53.980918,55.09,2016-01-29,55.09,54.00,54.73,MSFT,83611700
107,51.01192,52.060001,2016-01-28,52.209999,51.25,51.860001,MSFT,62513800
108,50.188831,51.220001,2016-01-27,52.200001,51.02,52.009998,MSFT,36775200
109,51.119702,52.169998,2016-01-26,52.439999,51.549999,51.790001,MSFT,28900800
110,50.747355,51.790001,2016-01-25,52.650002,51.650002,51.939999,MSFT,34707700
111,51.237289,52.290001,2016-01-22,52.330002,51.259998,51.41,MSFT,37555800
112,49.463727,50.48,2016-01-21,51.580002,50.299999,51.00,MSFT,40191200
113,49.767487,50.790001,2016-01-20,51.380001,49.099998,49.98,MSFT,63273000
114,49.542118,50.560001,2016-01-19,51.68,50.060001,51.48,MSFT,43564500
115,49.963462,50.990002,2016-01-15,51.970001,50.34,51.310001,MSFT,71820700
116,52.04078,53.110001,2016-01-14,53.419998,51.57,52.00,MSFT,52381900
117,50.600373,51.639999,2016-01-13,54.07,51.299999,53.799999,MSFT,66883600
118,51.717422,52.779999,2016-01-12,53.099998,52.060001,52.759998,MSFT,36095500
119,51.247086,52.299999,2016-01-11,52.849998,51.459999,52.509998,MSFT,36943800
120,51.276485,52.330002,2016-01-08,53.279999,52.150002,52.369999,MSFT,48754000
121,51.119702,52.169998,2016-01-07,53.490002,52.07,52.700001,MSFT,56564900
122,52.961855,54.049999,2016-01-06,54.400002,53.639999,54.32,MSFT,39518900
123,53.941723,55.049999,2016-01-05,55.389999,54.540001,54.93,MSFT,34079700
124,53.696756,54.799999,2016-01-04,54.799999,53.389999,54.32,MSFT,53778000
125,54.363066,55.48,2015-12-31,56.189999,55.419998,56.040001,MSFT,27334100
126,55.176358,56.310001,2015-12-30,56.779999,56.290001,56.470001,MSFT,21704500
127,55.411524,56.549999,2015-12-29,56.849998,56.060001,56.290001,MSFT,27731400
128,54.823605,55.950001,2015-12-28,55.950001,54.98,55.349998,MSFT,22458300
129,54.54924,55.669998,2015-12-24,55.959999,55.43,55.860001,MSFT,9570000
130,54.696221,55.82,2015-12-23,55.880001,55.439999,55.700001,MSFT,27279800
131,54.235682,55.349998,2015-12-22,55.48,54.50,54.990002,MSFT,28322200
132,53.726154,54.830002,2015-12-21,55.349998,54.23,54.880001,MSFT,37246300
133,53.040246,54.130001,2015-12-18,56.00,54.029999,55.77,MSFT,84684200
134,54.578638,55.700001,2015-12-17,56.790001,55.529999,56.360001,MSFT,41280900
135,54.999982,56.130001,2015-12-16,56.25,54.759998,55.540001,MSFT,37503300
136,54.088704,55.200001,2015-12-15,55.900002,55.09,55.66,MSFT,39459000
137,54.029911,55.139999,2015-12-14,55.209999,53.68,54.330002,MSFT,46768900
138,52.971655,54.060001,2015-12-11,55.099998,54.009998,54.709999,MSFT,39549500
139,54.157295,55.27,2015-12-10,55.66,55.009998,55.389999,MSFT,31775800
140,53.873132,54.98,2015-12-09,55.869999,54.509998,55.369999,MSFT,36373200
141,54.666826,55.790001,2015-12-08,56.099998,54.990002,55.470001,MSFT,32878000
142,54.686424,55.810001,2015-12-07,55.970001,55.290001,55.790001,MSFT,30709800
143,54.784409,55.91,2015-12-04,56.23,54.099998,54.119999,MSFT,43963700
144,53.108836,54.200001,2015-12-03,55.77,53.93,55.490002,MSFT,38627800
145,54.098501,55.209999,2015-12-02,55.959999,55.060001,55.32,MSFT,47274900
146,54.108302,55.220001,2015-12-01,55.23,54.299999,54.41,MSFT,39952800
147,53.255814,54.349998,2015-11-30,54.959999,54.00,54.540001,MSFT,56241400
148,52.844272,53.93,2015-11-27,54.080002,53.790001,53.799999,MSFT,9009100
149,52.609102,53.689999,2015-11-25,54.23,53.689999,54.09,MSFT,21005100
150,53.157829,54.25,2015-11-24,54.439999,53.580002,53.919998,MSFT,24600000
151,53.099036,54.189999,2015-11-23,54.459999,53.75,54.25,MSFT,28235900
152,53.099036,54.189999,2015-11-20,54.299999,53.27,54.25,MSFT,37147600
153,52.854069,53.939999,2015-11-19,54.66,53.779999,53.990002,MSFT,28149200
154,52.76588,53.849998,2015-11-18,53.98,52.98,53.00,MSFT,29710000
155,51.903599,52.970001,2015-11-17,53.529999,52.849998,53.169998,MSFT,31551300
156,52.334741,53.77,2015-11-16,53.889999,52.849998,53.080002,MSFT,32165200
157,51.429565,52.84,2015-11-13,53.290001,52.529999,53.07,MSFT,36848200
158,51.896752,53.32,2015-11-12,53.98,53.189999,53.48,MSFT,35361100
159,52.217945,53.650002,2015-11-11,54.200001,53.459999,53.700001,MSFT,36516300
160,52.081679,53.509998,2015-11-10,54.130001,53.27,54.07,MSFT,55283700
161,52.71433,54.16,2015-11-09,54.869999,53.560001,54.549999,MSFT,32513100
162,53.454042,54.919998,2015-11-06,54.98,53.959999,54.09,MSFT,32851200
163,52.928459,54.380001,2015-11-05,54.700001,54.00,54.490002,MSFT,31468500
164,52.947926,54.400002,2015-11-04,54.880001,54.060001,54.18,MSFT,37087800
165,52.704599,54.150002,2015-11-03,54.389999,52.900002,52.93,MSFT,36596900
166,51.818889,53.240002,2015-11-02,53.360001,52.619999,52.849998,MSFT,30285000
167,51.234903,52.639999,2015-10-30,53.990002,52.619999,53.32,MSFT,46619800
168,51.935685,53.360001,2015-10-29,53.830002,53.220001,53.540001,MSFT,30202100
169,52.539135,53.98,2015-10-28,53.98,52.860001,53.540001,MSFT,47000800
170,52.256875,53.689999,2015-10-27,54.369999,53.580002,53.990002,MSFT,50999900
171,52.801928,54.25,2015-10-26,54.32,52.50,52.529999,MSFT,64633300
172,51.458763,52.869999,2015-10-23,54.07,52.25,52.299999,MSFT,135227100
173,46.747955,48.029999,2015-10-22,48.950001,47.09,47.529999,MSFT,56637100
174,45.940111,47.200001,2015-10-21,47.990002,47.110001,47.919998,MSFT,25144300
175,46.494896,47.77,2015-10-20,47.810001,47.02,47.439999,MSFT,30802200
176,46.348899,47.619999,2015-10-19,47.880001,47.02,47.419998,MSFT,29387600
177,46.241834,47.509998,2015-10-16,47.540001,46.900002,47.02,MSFT,25779300
178,45.755181,47.009998,2015-10-15,47.029999,46.529999,47.009998,MSFT,27189400
179,45.433991,46.68,2015-10-14,47.099998,46.529999,46.650002,MSFT,24697800
180,45.638385,46.889999,2015-10-13,47.130001,46.560001,46.560001,MSFT,19987800
181,45.745449,47.00,2015-10-12,47.07,46.50,46.98,MSFT,19769100
182,45.852514,47.110001,2015-10-09,47.540001,46.919998,47.450001,MSFT,28600600
183,46.183438,47.450001,2015-10-08,47.52,46.50,46.560001,MSFT,33772700
184,45.550787,46.799999,2015-10-07,47.349998,45.950001,47.099998,MSFT,27711500
185,45.502122,46.75,2015-10-06,47.18,46.220001,46.330002,MSFT,27510800
186,45.385327,46.630001,2015-10-05,46.889999,45.700001,45.75,MSFT,34369300
187,44.353619,45.57,2015-10-02,45.57,43.919998,44.27,MSFT,41839000
188,43.419245,44.610001,2015-10-01,44.75,43.75,44.75,MSFT,28657900
189,43.078585,44.259998,2015-09-30,44.299999,43.66,43.880001,MSFT,34958900
190,42.280473,43.439999,2015-09-29,43.57,43.049999,43.369999,MSFT,32763600
191,42.13448,43.290001,2015-09-28,44.09,43.209999,43.830002,MSFT,27613800
192,42.767127,43.939999,2015-09-25,44.73,43.759998,44.48,MSFT,29384600
193,42.737929,43.91,2015-09-24,44.130001,43.27,43.450001,MSFT,27905600
194,42.698996,43.869999,2015-09-23,44.169998,43.509998,43.93,MSFT,17145200
195,42.728198,43.900002,2015-09-22,44.049999,43.310001,43.380001,MSFT,28085900
196,42.932591,44.110001,2015-09-21,44.470001,43.599998,43.619999,MSFT,26177200
197,42.319407,43.48,2015-09-18,43.990002,43.330002,43.50,MSFT,63143700
198,43.068854,44.25,2015-09-17,45.00,44.080002,44.290001,MSFT,32768200
199,43.117518,44.299999,2015-09-16,44.380001,43.84,43.970001,MSFT,23372200
200,42.80606,43.98,2015-09-15,44.290001,43.080002,43.189999,MSFT,28882200
201,41.891153,43.040001,2015-09-14,43.439999,42.860001,43.43,MSFT,23656000
202,42.319407,43.48,2015-09-11,43.59,42.939999,43.139999,MSFT,27132500
203,42.13448,43.290001,2015-09-10,43.790001,42.75,43.119999,MSFT,31366600
204,41.920351,43.07,2015-09-09,44.400002,42.91,44.209999,MSFT,33469500
205,42.718463,43.889999,2015-09-08,44.00,43.200001,43.299999,MSFT,32469800
206,41.47263,42.610001,2015-09-04,43.040001,42.200001,42.810001,MSFT,37138800
207,42.338873,43.50,2015-09-03,43.98,43.279999,43.41,MSFT,28285200
208,42.202611,43.360001,2015-09-02,43.380001,41.880001,42.360001,MSFT,37671500
209,40.703716,41.82,2015-09-01,42.59,41.66,42.169998,MSFT,49688900
210,42.35834,43.52,2015-08-31,43.93,43.099998,43.560001,MSFT,34441700
211,42.757396,43.93,2015-08-28,44.150002,43.389999,43.400002,MSFT,28246700
212,42.728198,43.900002,2015-08-27,43.950001,42.93,43.23,MSFT,50943200
213,41.569959,42.709999,2015-08-26,42.84,41.060001,42.009998,MSFT,63408000
214,39.389753,40.470001,2015-08-25,43.240002,40.389999,42.57,MSFT,70616600
215,40.567454,41.68,2015-08-24,42.689999,39.720001,40.450001,MSFT,88753700
216,41.920351,43.07,2015-08-21,45.48,43.07,45.299999,MSFT,70053100
217,44.441217,45.66,2015-08-20,46.470001,45.66,46.07,MSFT,36238200
218,45.36586,46.610001,2015-08-19,47.080002,46.299999,46.779999,MSFT,31485500
219,46.008243,47.27,2015-08-18,47.43,46.700001,46.84,MSFT,23574100
220,45.755182,47.32,2015-08-17,47.450001,46.57,46.810001,MSFT,21099700
221,45.445765,47.00,2015-08-14,47.099998,46.52,46.529999,MSFT,21473400
222,45.184693,46.73,2015-08-13,47.099998,46.490002,47.060001,MSFT,22627200
223,45.194364,46.740002,2015-08-12,46.900002,45.709999,46.189999,MSFT,30181400
224,44.875275,46.41,2015-08-11,46.939999,45.900002,46.82,MSFT,29237400
225,45.764854,47.330002,2015-08-10,47.490002,46.84,46.950001,MSFT,23079900
226,45.194364,46.740002,2015-08-07,46.779999,46.259998,46.389999,MSFT,19163000
227,45.07833,46.619999,2015-08-06,47.77,46.330002,47.709999,MSFT,27368000
228,46.006587,47.580002,2015-08-05,48.41,47.540001,47.98,MSFT,26959700
229,45.967908,47.540001,2015-08-04,47.709999,46.68,46.75,MSFT,33403900
230,45.262049,46.810001,2015-08-03,47.00,46.450001,46.98,MSFT,24125900
231,45.155686,46.700001,2015-07-31,47.369999,46.50,47.290001,MSFT,31201500
232,45.329734,46.880001,2015-07-30,47.400002,45.93,46.259998,MSFT,39777900
233,44.759244,46.290001,2015-07-29,46.779999,45.259998,45.400002,MSFT,40945900
234,43.840659,45.34,2015-07-28,45.639999,44.790001,45.580002,MSFT,34328900
235,43.850327,45.349998,2015-07-27,46.009998,45.25,45.939999,MSFT,39701400
236,44.420816,45.939999,2015-07-24,46.32,45.799999,45.91,MSFT,32333200
237,44.585197,46.110001,2015-07-23,46.23,45.099998,45.27,MSFT,33934000
238,44.034046,45.540001,2015-07-22,46.93,45.200001,45.439999,MSFT,59152400
239,45.716504,47.279999,2015-07-21,47.330002,46.48,46.779999,MSFT,42781900
240,45.368408,46.919998,2015-07-20,47.130001,46.439999,46.650002,MSFT,30631900
241,45.07833,46.619999,2015-07-17,46.779999,46.259998,46.549999,MSFT,29467100
242,45.117008,46.66,2015-07-16,46.689999,45.970001,46.009998,MSFT,26271700
243,44.246768,45.759998,2015-07-15,45.889999,45.43,45.68,MSFT,26629600
244,44.111399,45.619999,2015-07-14,45.959999,45.310001,45.450001,MSFT,22880300
245,44.034046,45.540001,2015-07-13,45.619999,44.950001,44.98,MSFT,28178300
246,43.1348,44.610001,2015-07-10,45.139999,44.57,45.009998,MSFT,25465800
247,43.047776,44.52,2015-07-09,45.220001,44.50,44.75,MSFT,32424700
248,42.777036,44.240002,2015-07-08,44.900002,44.029999,44.439999,MSFT,39785900
249,42.83505,44.299999,2015-07-07,44.490002,43.32,44.34,MSFT,36435800
250,42.922074,44.389999,2015-07-06,44.48,43.950001,43.959999,MSFT,23034000
251,42.931745,44.400002,2015-07-02,44.75,44.060001,44.48,MSFT,21752000
252,42.980091,44.450001,2015-07-01,45.23,44.099998,44.459999,MSFT,28343900
253,42.690012,44.150002,2015-06-30,44.720001,43.939999,44.709999,MSFT,35945400
254,42.902735,44.369999,2015-06-29,45.23,44.360001,45.040001,MSFT,34081700
255,43.763303,45.259998,2015-06-26,46.279999,45.029999,45.650002,MSFT,49835300
256,44.140409,45.650002,2015-06-25,46.060001,45.50,46.029999,MSFT,20616000
257,44.130738,45.639999,2015-06-24,46.25,45.549999,45.669998,MSFT,34890900
258,44.39181,45.91,2015-06-23,46.279999,45.619999,46.130001,MSFT,25896500
259,44.701227,46.23,2015-06-22,46.720001,46.16,46.330002,MSFT,20318100
260,44.575525,46.099998,2015-06-19,46.830002,45.990002,46.790001,MSFT,63837000
261,45.175025,46.720001,2015-06-18,46.799999,46.169998,46.220001,MSFT,32658300
262,44.449827,45.970001,2015-06-17,46.07,45.360001,45.73,MSFT,28704100
263,44.314457,45.830002,2015-06-16,46.240002,45.299999,45.349998,MSFT,27070300
264,43.976029,45.48,2015-06-15,45.650002,45.02,45.450001,MSFT,33254500
265,44.449827,45.970001,2015-06-12,46.470001,45.900002,46.220001,MSFT,23931000
266,44.904282,46.439999,2015-06-11,46.919998,46.130001,46.66,MSFT,27347800
267,45.068662,46.610001,2015-06-10,46.830002,45.689999,45.790001,MSFT,28417400
268,44.140409,45.650002,2015-06-09,45.939999,45.459999,45.759998,MSFT,24406100
269,44.217762,45.73,2015-06-08,46.43,45.669998,46.299999,MSFT,22121600
270,44.614203,46.139999,2015-06-05,46.52,45.84,46.310001,MSFT,25438100
271,44.826929,46.360001,2015-06-04,47.16,46.200001,46.790001,MSFT,27745500
272,45.300724,46.849998,2015-06-03,47.740002,46.82,47.369999,MSFT,28002200
273,45.368408,46.919998,2015-06-02,47.349998,46.619999,46.93,MSFT,21498300
274,45.668158,47.23,2015-06-01,47.77,46.619999,47.060001,MSFT,28837300
275,45.310395,46.860001,2015-05-29,47.57,46.59,47.43,MSFT,36519600
276,45.880884,47.450001,2015-05-28,48.02,47.389999,47.50,MSFT,19283700
277,46.035593,47.610001,2015-05-27,47.77,46.619999,46.82,MSFT,27335600
278,45.049323,46.59,2015-05-26,46.880001,46.189999,46.830002,MSFT,29581900
279,45.349073,46.900002,2015-05-22,47.349998,46.82,47.299999,MSFT,25720600
280,45.851874,47.419998,2015-05-21,47.599998,47.009998,47.279999,MSFT,22410700
281,46.006587,47.580002,2015-05-20,47.93,47.27,47.389999,MSFT,25047900
282,46.006587,47.580002,2015-05-19,47.810001,47.18,47.560001,MSFT,28574800
283,46.122615,48.009998,2015-05-18,48.220001,47.610001,47.98,MSFT,24136500
284,46.401215,48.299999,2015-05-15,48.91,48.049999,48.869999,MSFT,28642700
285,46.804706,48.720001,2015-05-14,48.82,48.029999,48.029999,MSFT,32980900
286,45.757556,47.630001,2015-05-13,48.32,47.57,48.189999,MSFT,34184600
287,45.488561,47.349998,2015-05-12,47.68,46.419998,46.849998,MSFT,29928300
288,45.507775,47.369999,2015-05-11,47.91,47.369999,47.549999,MSFT,24609400
289,45.872838,47.75,2015-05-08,47.98,47.52,47.549999,MSFT,35364900
290,44.864116,46.700001,2015-05-07,47.09,46.16,46.27,MSFT,32971700
291,44.460625,46.279999,2015-05-06,47.77,46.02,47.57,MSFT,52433000
292,45.728733,47.599998,2015-05-05,48.16,47.310001,47.82,MSFT,50369200
293,46.343576,48.240002,2015-05-04,48.869999,48.18,48.369999,MSFT,34039500
294,46.747063,48.66,2015-05-01,48.880001,48.400002,48.580002,MSFT,38937300
295,46.727849,48.639999,2015-04-30,49.540001,48.599998,48.700001,MSFT,64725500
296,47.13134,49.060001,2015-04-29,49.310001,48.50,48.720001,MSFT,47804600
297,47.227407,49.16,2015-04-28,49.209999,47.700001,47.779999,MSFT,60730800
298,46.141829,48.029999,2015-04-27,48.130001,47.220001,47.23,MSFT,59248200
299,45.988119,47.869999,2015-04-24,48.139999,45.650002,45.66,MSFT,130933700
300,41.636205,43.34,2015-04-23,43.610001,42.799999,42.889999,MSFT,46309500
301,41.299966,42.990002,2015-04-22,43.130001,42.549999,42.669998,MSFT,25064300
302,40.963723,42.639999,2015-04-21,43.150002,42.529999,43.00,MSFT,26013800
303,41.223109,42.91,2015-04-20,43.169998,41.68,41.73,MSFT,46057700
304,39.983821,41.619999,2015-04-17,41.740002,41.16,41.669998,MSFT,42387600
305,40.502593,42.16,2015-04-16,42.34,41.82,41.950001,MSFT,22509700
306,40.59866,42.259998,2015-04-15,42.459999,41.68,41.759998,MSFT,27343600
307,40.012644,41.650002,2015-04-14,42.029999,41.389999,41.799999,MSFT,24244400
308,40.118317,41.759998,2015-04-13,42.060001,41.389999,41.400002,MSFT,30276700
309,40.079892,41.720001,2015-04-10,41.950001,41.41,41.630001,MSFT,28022000
310,39.849325,41.48,2015-04-09,41.619999,41.25,41.25,MSFT,25723900
311,39.791683,41.419998,2015-04-08,41.689999,41.040001,41.459999,MSFT,24753400
312,39.897359,41.529999,2015-04-07,41.91,41.310001,41.610001,MSFT,28809400
313,39.916573,41.549999,2015-04-06,41.779999,40.18,40.34,MSFT,39223700
314,38.706108,40.290001,2015-04-02,40.740002,40.119999,40.66,MSFT,37487500
315,39.119204,40.720001,2015-04-01,40.759998,40.310001,40.599998,MSFT,36865300
316,39.061562,40.66,2015-03-31,41.029999,40.540001,40.779999,MSFT,34887200
317,39.349767,40.959999,2015-03-30,41.540001,40.91,41.099998,MSFT,35049700
318,39.359376,40.970001,2015-03-27,41.43,40.830002,41.119999,MSFT,34401400
319,39.589939,41.209999,2015-03-26,41.610001,40.919998,41.220001,MSFT,37495600
320,39.830111,41.459999,2015-03-25,42.93,41.439999,42.919998,MSFT,43469900
321,41.213504,42.900002,2015-03-24,43.169998,42.75,42.779999,MSFT,25513300
322,41.175075,42.860001,2015-03-23,43.130001,42.779999,42.880001,MSFT,26246100
323,41.194289,42.880001,2015-03-20,42.98,42.490002,42.560001,MSFT,71904500
324,40.627484,42.290001,2015-03-19,42.59,42.220001,42.259998,MSFT,33879100
325,40.829227,42.50,2015-03-18,42.830002,41.330002,41.43,MSFT,44194800
326,40.060678,41.700001,2015-03-17,41.830002,41.150002,41.369999,MSFT,31673400
327,39.926182,41.560001,2015-03-16,41.639999,41.279999,41.470001,MSFT,35273500
328,39.753258,41.380001,2015-03-13,41.470001,40.610001,40.700001,MSFT,58007700
329,39.40741,41.02,2015-03-12,41.650002,40.860001,41.330002,MSFT,59992500
330,40.329669,41.98,2015-03-11,42.369999,41.84,42.310001,MSFT,32215300
331,40.377703,42.029999,2015-03-10,42.709999,42.029999,42.349998,MSFT,39159700
332,41.165466,42.849998,2015-03-09,43.130001,42.189999,42.189999,MSFT,32108000
333,40.694731,42.360001,2015-03-06,43.110001,42.150002,43.00,MSFT,36248800
334,41.415247,43.110001,2015-03-05,43.240002,42.82,43.07,MSFT,23193500
335,41.367214,43.060001,2015-03-04,43.209999,42.880001,43.009998,MSFT,25748700
336,41.578562,43.279999,2015-03-03,43.830002,43.09,43.560001,MSFT,31748600
337,42.154977,43.880001,2015-03-02,44.189999,43.549999,43.669998,MSFT,31924000
338,42.126154,43.849998,2015-02-27,44.200001,43.66,44.130001,MSFT,33807700
339,42.327901,44.060001,2015-02-26,44.23,43.889999,43.990002,MSFT,28957300
340,42.260653,43.990002,2015-02-25,44.09,43.799999,43.950001,MSFT,29759800
341,42.356721,44.09,2015-02-24,44.299999,43.919998,44.150002,MSFT,25271700
342,42.414363,44.150002,2015-02-23,44.189999,43.650002,43.700001,MSFT,32518800
343,42.135763,43.860001,2015-02-20,43.880001,43.290001,43.509998,MSFT,29721100
344,41.789915,43.50,2015-02-19,43.529999,43.049999,43.18,MSFT,27603400
345,41.818734,43.529999,2015-02-18,43.700001,43.389999,43.630001,MSFT,27111700
346,41.866772,43.580002,2015-02-17,44.00,43.189999,43.970001,MSFT,33695700
347,41.847554,43.869999,2015-02-13,43.869999,43.150002,43.380001,MSFT,40264900
348,41.103514,43.09,2015-02-12,43.09,42.509998,42.66,MSFT,33268800
349,40.426247,42.380001,2015-02-11,42.650002,42.209999,42.650002,MSFT,38262500
350,40.636102,42.599998,2015-02-10,42.77,42.18,42.740002,MSFT,29670700
351,40.407168,42.360001,2015-02-09,42.740002,42.209999,42.240002,MSFT,31381100
352,40.454863,42.41,2015-02-06,42.790001,42.150002,42.68,MSFT,34311700
353,40.493019,42.450001,2015-02-05,42.639999,41.860001,42.220001,MSFT,36548200
354,39.91114,41.84,2015-02-04,42.209999,41.360001,41.939999,MSFT,41614800
355,39.682203,41.599998,2015-02-03,41.93,41.049999,41.630001,MSFT,52082400
356,39.376956,41.279999,2015-02-02,41.369999,40.23,40.59,MSFT,50352500
357,38.537527,40.400002,2015-01-30,41.580002,40.349998,41.549999,MSFT,78004900
358,40.073301,42.009998,2015-01-29,42.119999,40.790001,40.93,MSFT,63585300
359,39.291104,41.189999,2015-01-28,42.790001,41.16,42.740002,MSFT,84507100
360,40.693337,42.66,2015-01-27,43.200001,42.110001,42.950001,MSFT,169164000
361,44.842797,47.009998,2015-01-26,47.130001,46.240002,47.00,MSFT,42525500
362,45.004962,47.18,2015-01-23,47.389999,46.799999,47.360001,MSFT,26211600
363,44.957268,47.130001,2015-01-22,47.139999,46.080002,46.380001,MSFT,35898000
364,43.803047,45.919998,2015-01-21,46.139999,45.48,45.939999,MSFT,39081100
365,44.251381,46.389999,2015-01-20,46.650002,45.57,46.299999,MSFT,36161900
366,44.108298,46.240002,2015-01-16,46.279999,45.169998,45.310001,MSFT,35695300
367,43.383333,45.48,2015-01-15,46.380001,45.41,46.220001,MSFT,32742300
368,43.841204,45.959999,2015-01-14,46.240002,45.619999,45.959999,MSFT,29719600
369,44.222765,46.360001,2015-01-13,47.91,46.060001,46.970001,MSFT,35270600
370,44.451699,46.599998,2015-01-12,47.540001,46.360001,47.419998,MSFT,23651900
371,45.014499,47.189999,2015-01-09,47.82,46.900002,47.610001,MSFT,23942800
372,45.39606,47.59,2015-01-08,47.75,46.720001,46.75,MSFT,29645200
373,44.098757,46.23,2015-01-07,46.459999,45.490002,45.98,MSFT,29114100
374,43.545497,45.650002,2015-01-06,46.75,45.540001,46.380001,MSFT,36447900
375,44.194149,46.330002,2015-01-05,46.73,46.25,46.369999,MSFT,39673900
376,44.604322,46.759998,2015-01-02,47.419998,46.540001,46.66,MSFT,27913900
