,Adj_Close,Close,Date,High,Low,Open,Symbol,Volume
0,34.36305,36.290001,2014-12-31,37.040001,36.290001,36.630001,INTC,20393600
1,34.808091,36.759998,2014-12-30,37.189999,36.759998,37.080002,INTC,15214100
2,35.205791,37.18,2014-12-29,37.52,37.169998,37.450001,INTC,12203300
3,35.556144,37.549999,2014-12-26,37.740002,37.52,37.52,INTC,14037200
4,35.451984,37.439999,2014-12-24,37.599998,37.18,37.470001,INTC,12109100
5,35.442517,37.43,2014-12-23,37.700001,37.299999,37.400002,INTC,22169700
6,35.234197,37.209999,2014-12-22,37.259998,36.389999,36.389999,INTC,29227100
7,34.4388,36.369999,2014-12-19,37.16,36.23,37.02,INTC,76786800
8,35.054287,37.02,2014-12-18,37.02,36.43,36.75,INTC,32128100
9,34.315705,36.240002,2014-12-17,36.330002,35.330002,35.619999,INTC,31637700
10,33.671812,35.560001,2014-12-16,36.50,35.560001,35.860001,INTC,31166300
11,34.012694,35.919998,2014-12-15,36.779999,35.900002,36.389999,INTC,30633400
12,34.306234,36.23,2014-12-12,36.82,36.220001,36.450001,INTC,29322500
13,34.751279,36.700001,2014-12-11,37.209999,36.439999,36.50,INTC,25088200
14,34.486144,36.419998,2014-12-10,37.02,36.299999,36.93,INTC,27499900
15,34.931189,36.889999,2014-12-09,37.09,36.299999,36.669998,INTC,28487300
16,35.22473,37.200001,2014-12-08,37.73,36.939999,37.459999,INTC,28134800
17,35.669771,37.669998,2014-12-05,37.900002,37.52,37.57,INTC,20527600
18,35.470923,37.459999,2014-12-04,37.459999,37.040001,37.400002,INTC,23359100
19,35.442517,37.43,2014-12-03,37.889999,37.41,37.68,INTC,30660800
20,35.603488,37.599998,2014-12-02,37.599998,37.18,37.18,INTC,28343700
21,35.19632,37.169998,2014-12-01,37.619999,36.900002,37.209999,INTC,30904000
22,35.272074,37.25,2014-11-28,37.689999,36.939999,37.040001,INTC,19128500
23,34.94066,36.900002,2014-11-26,36.990002,36.279999,36.369999,INTC,24060000
24,34.391456,36.32,2014-11-25,36.48,36.150002,36.360001,INTC,29088500
25,34.325173,36.25,2014-11-24,36.43,35.84,35.889999,INTC,33317900
26,33.700218,35.59,2014-11-21,36.459999,35.50,35.98,INTC,56720400
27,34.041103,35.950001,2014-11-20,35.970001,34.00,34.139999,INTC,61994700
28,32.526059,34.349998,2014-11-19,34.790001,34.25,34.689999,INTC,21289500
29,32.866944,34.709999,2014-11-18,34.900002,34.16,34.189999,INTC,30674800
30,32.421903,34.240002,2014-11-17,34.25,33.759998,33.82,INTC,17646000
31,32.147301,33.950001,2014-11-14,33.970001,33.349998,33.75,INTC,18102500
32,31.891637,33.68,2014-11-13,33.860001,33.34,33.349998,INTC,26447400
33,31.607567,33.380001,2014-11-12,33.419998,33.00,33.23,INTC,22854400
34,31.541284,33.310001,2014-11-11,33.540001,33.200001,33.360001,INTC,19676600
35,31.493936,33.259998,2014-11-10,33.490002,33.080002,33.43,INTC,30653600
36,31.796948,33.580002,2014-11-07,34.00,33.189999,33.98,INTC,27604500
37,32.024202,33.82,2014-11-06,34.23,33.41,33.689999,INTC,25240600
38,31.967387,33.759998,2014-11-05,34.099998,33.599998,34.049999,INTC,34705500
39,32.492919,34.540001,2014-11-04,34.779999,34.209999,34.25,INTC,34695900
40,32.276551,34.310001,2014-11-03,34.48,33.790001,33.810001,INTC,28703600
41,31.994328,34.009998,2014-10-31,34.009998,32.630001,33.740002,INTC,52089700
42,30.649083,32.580002,2014-10-30,33.610001,32.400002,33.580002,INTC,55217900
43,31.909662,33.919998,2014-10-29,33.970001,33.509998,33.759998,INTC,24615200
44,31.740334,33.740002,2014-10-28,33.75,33.23,33.23,INTC,21857800
45,31.232337,33.200001,2014-10-27,33.299999,32.77,33.080002,INTC,23751900
46,31.213522,33.18,2014-10-24,33.330002,32.57,32.720001,INTC,27814300
47,30.752561,32.689999,2014-10-23,32.91,32.599998,32.720001,INTC,22254900
48,30.357455,32.27,2014-10-22,32.869999,32.220001,32.66,INTC,26725600
49,30.677304,32.610001,2014-10-21,32.619999,31.58,31.67,INTC,33278400
50,29.708349,31.58,2014-10-20,31.700001,30.90,31.040001,INTC,30523700
51,29.520201,31.379999,2014-10-17,31.709999,30.969999,31.200001,INTC,37504500
52,29.021614,30.85,2014-10-16,31.51,30.75,30.889999,INTC,47787400
53,29.426129,31.280001,2014-10-15,31.65,29.65,30.540001,INTC,92305200
54,30.235159,32.139999,2014-10-14,32.669998,31.709999,31.99,INTC,68671000
55,29.604867,31.469999,2014-10-13,32.369999,31.469999,31.719999,INTC,42110200
56,30.01879,31.91,2014-10-10,32.860001,30.50,32.619999,INTC,80917600
57,31.627443,33.619999,2014-10-09,34.43,33.580002,34.150002,INTC,28185700
58,32.238921,34.27,2014-10-08,34.369999,33.139999,33.490002,INTC,34960600
59,31.486335,33.470001,2014-10-07,34.049999,33.419998,34.040001,INTC,25972100
60,32.088404,34.110001,2014-10-06,34.48,33.869999,34.150002,INTC,24321100
61,32.013143,34.029999,2014-10-03,34.18,33.470001,33.66,INTC,25834600
62,31.533371,33.52,2014-10-02,34.00,33.259998,33.959999,INTC,32910800
63,31.975517,33.990002,2014-10-01,34.779999,33.84,34.610001,INTC,35086600
64,32.756323,34.82,2014-09-30,35.00,34.41,34.900002,INTC,35274600
65,32.831584,34.900002,2014-09-29,34.990002,33.939999,34.060001,INTC,29003100
66,32.229512,34.259998,2014-09-26,34.360001,33.630001,34.259998,INTC,25882300
67,32.116625,34.139999,2014-09-25,34.790001,33.880001,34.68,INTC,34639700
68,32.690472,34.75,2014-09-24,34.849998,34.369999,34.400002,INTC,18829000
69,32.380029,34.419998,2014-09-23,34.709999,34.380001,34.709999,INTC,25690700
70,32.652842,34.709999,2014-09-22,35.029999,34.549999,34.779999,INTC,25447700
71,32.756323,34.82,2014-09-19,35.220001,34.82,35.16,INTC,46851900
72,33.085578,35.169998,2014-09-18,35.169998,34.860001,35.119999,INTC,23809600
73,32.90684,34.98,2014-09-17,35.200001,34.740002,34.91,INTC,26278900
74,32.859805,34.93,2014-09-16,35.080002,34.470001,34.470001,INTC,20875700
75,32.492919,34.540001,2014-09-15,34.77,34.23,34.709999,INTC,22438000
76,32.568176,34.619999,2014-09-12,34.91,34.50,34.900002,INTC,26732600
77,32.944471,35.02,2014-09-11,35.02,34.529999,34.790001,INTC,21949000
78,32.944471,35.02,2014-09-10,35.130001,34.669998,34.849998,INTC,19964200
79,32.840989,34.91,2014-09-09,35.290001,34.849998,35.290001,INTC,22333100
80,33.236099,35.330002,2014-09-08,35.560001,34.880001,34.959999,INTC,24859600
81,32.925656,35.00,2014-09-05,35.119999,34.830002,34.919998,INTC,20841900
82,32.840989,34.91,2014-09-04,35.09,34.52,34.529999,INTC,27632400
83,32.52114,34.57,2014-09-03,34.880001,34.450001,34.82,INTC,26668800
84,32.52114,34.57,2014-09-02,34.91,34.43,34.759998,INTC,32094800
85,32.850395,34.919998,2014-08-29,34.939999,34.669998,34.810001,INTC,32302800
86,32.5964,34.650002,2014-08-28,34.810001,34.610001,34.610001,INTC,18908900
87,32.728102,34.790001,2014-08-27,34.939999,34.630001,34.889999,INTC,17168900
88,32.737508,34.799999,2014-08-26,35.049999,34.689999,34.790001,INTC,19664700
89,32.746918,34.810001,2014-08-25,35.150002,34.650002,35.09,INTC,18614500
90,32.86921,34.939999,2014-08-22,35.200001,34.91,35.200001,INTC,21196700
91,33.066767,35.150002,2014-08-21,35.189999,34.450001,34.459999,INTC,37164900
92,32.455289,34.50,2014-08-20,34.509998,34.18,34.23,INTC,27140300
93,32.304772,34.34,2014-08-19,34.50,34.25,34.50,INTC,29281900
94,32.370623,34.41,2014-08-18,34.470001,33.98,34.259998,INTC,27232200
95,32.144845,34.169998,2014-08-15,34.209999,33.709999,34.099998,INTC,28577600
96,31.928477,33.939999,2014-08-14,34.23,33.740002,34.049999,INTC,25458000
97,32.078994,34.099998,2014-08-13,34.150002,33.23,33.240002,INTC,36291000
98,31.166486,33.130001,2014-08-12,33.150002,32.68,32.91,INTC,24805600
99,31.063005,33.02,2014-08-11,33.240002,32.810001,32.82,INTC,27718600
100,30.667895,32.599998,2014-08-08,33.00,32.540001,32.779999,INTC,35484000
101,30.743155,32.68,2014-08-07,33.150002,32.540001,32.93,INTC,27820100
102,30.903078,32.849998,2014-08-06,33.189999,32.389999,32.599998,INTC,27923900
103,30.874857,32.82,2014-08-05,33.779999,32.599998,33.759998,INTC,49845100
104,31.820294,34.049999,2014-08-04,34.09,33.549999,33.790001,INTC,27250100
105,31.530596,33.740002,2014-08-01,34.029999,33.610001,33.75,INTC,33472400
106,31.670771,33.889999,2014-07-31,34.25,33.810001,34.09,INTC,35431200
107,32.100648,34.349998,2014-07-30,34.57,34.040001,34.310001,INTC,32782800
108,31.951126,34.189999,2014-07-29,34.369999,34.09,34.27,INTC,26141700
109,31.988507,34.23,2014-07-28,34.32,33.880001,34.23,INTC,30972200
110,32.007198,34.25,2014-07-25,34.369999,33.93,34.150002,INTC,31614000
111,32.007198,34.25,2014-07-24,34.669998,34.099998,34.380001,INTC,33180400
112,32.240827,34.50,2014-07-23,34.709999,34.299999,34.68,INTC,26077000
113,32.511838,34.790001,2014-07-22,34.830002,34.07,34.16,INTC,42915100
114,31.829641,34.060001,2014-07-21,34.23,33.540001,33.549999,INTC,32097200
115,31.493214,33.700001,2014-07-18,33.84,33.389999,33.799999,INTC,46528800
116,31.493214,33.700001,2014-07-17,34.360001,33.630001,34.200001,INTC,70591100
117,32.381006,34.650002,2014-07-16,34.740002,33.209999,33.310001,INTC,135893200
118,29.633525,31.709999,2014-07-15,31.799999,31.16,31.58,INTC,61006100
119,29.427932,31.49,2014-07-14,31.58,31.34,31.41,INTC,24244600
120,29.203648,31.25,2014-07-11,31.450001,31.040001,31.26,INTC,20045000
121,29.212993,31.26,2014-07-10,31.33,30.440001,30.60,INTC,32455100
122,28.867221,30.889999,2014-07-09,30.98,30.690001,30.84,INTC,28302400
123,28.773771,30.790001,2014-07-08,31.08,30.700001,31.00,INTC,37608700
124,28.998055,31.030001,2014-07-07,31.200001,30.92,31.09,INTC,22233400
125,29.10085,31.139999,2014-07-03,31.360001,31.02,31.08,INTC,20437600
126,28.951328,30.98,2014-07-02,31.049999,30.799999,30.99,INTC,16831200
127,28.951328,30.98,2014-07-01,31.09,30.870001,30.99,INTC,28240000
128,28.876567,30.90,2014-06-30,31.00,30.66,30.870001,INTC,21558400
129,28.904603,30.93,2014-06-27,31.00,30.700001,30.870001,INTC,30776300
130,28.764426,30.780001,2014-06-26,30.90,30.610001,30.809999,INTC,26722300
131,28.857876,30.879999,2014-06-25,31.00,30.450001,30.48,INTC,44293300
132,28.50276,30.50,2014-06-24,30.83,30.09,30.16,INTC,53397600
133,28.25044,30.23,2014-06-23,30.309999,29.85,30.10,INTC,26528900
134,28.222406,30.200001,2014-06-20,30.200001,30.030001,30.07,INTC,39826400
135,28.119608,30.09,2014-06-19,30.09,29.889999,29.969999,INTC,27166600
136,27.970086,29.93,2014-06-18,29.98,29.67,29.879999,INTC,34412300
137,27.988777,29.950001,2014-06-17,30.10,29.84,29.879999,INTC,28440600
138,28.044847,30.01,2014-06-16,30.15,29.67,29.719999,INTC,36407800
139,27.914015,29.870001,2014-06-13,30.059999,29.559999,29.75,INTC,122194300
140,26.129087,27.959999,2014-06-12,28.10,27.77,27.860001,INTC,31211400
141,26.101052,27.93,2014-06-11,28.209999,27.799999,28.139999,INTC,27747700
142,26.390752,28.24,2014-06-10,28.33,27.719999,27.85,INTC,34256900
143,26.082362,27.91,2014-06-09,28.42,27.83,28.10,INTC,39933000
144,26.325336,28.17,2014-06-06,28.209999,27.73,27.780001,INTC,34795600
145,25.848733,27.66,2014-06-05,27.66,27.43,27.559999,INTC,26546200
146,25.792662,27.60,2014-06-04,27.76,27.50,27.51,INTC,21612500
147,25.848733,27.66,2014-06-03,27.700001,27.120001,27.219999,INTC,33256300
148,25.474926,27.26,2014-06-02,27.35,27.120001,27.309999,INTC,20264900
149,25.530997,27.32,2014-05-30,27.32,26.93,26.940001,INTC,43641000
150,25.19457,26.959999,2014-05-29,26.959999,26.719999,26.91,INTC,20638900
151,25.119809,26.879999,2014-05-28,26.940001,26.66,26.700001,INTC,27150100
152,24.960941,26.709999,2014-05-27,26.74,26.18,26.33,INTC,27271900
153,24.568446,26.290001,2014-05-23,26.299999,26.139999,26.15,INTC,17172200
154,24.437612,26.15,2014-05-22,26.27,26.08,26.209999,INTC,15926500
155,24.484339,26.200001,2014-05-21,26.25,26.00,26.10,INTC,18721300
156,24.334816,26.040001,2014-05-20,26.17,25.879999,26.02,INTC,22292600
157,24.334816,26.040001,2014-05-19,26.09,25.75,25.75,INTC,22679600
158,24.129222,25.82,2014-05-16,26.07,25.74,26.049999,INTC,30017200
159,24.30678,26.01,2014-05-15,26.50,26.01,26.33,INTC,31752700
160,24.605825,26.33,2014-05-14,26.52,26.33,26.49,INTC,17811900
161,24.717968,26.450001,2014-05-13,26.540001,26.33,26.49,INTC,20525000
162,24.643207,26.370001,2014-05-12,26.540001,26.299999,26.41,INTC,20607800
163,24.577789,26.299999,2014-05-09,26.41,26.219999,26.370001,INTC,20324400
164,24.615171,26.34,2014-05-08,26.530001,26.219999,26.32,INTC,24166900
165,24.643207,26.370001,2014-05-07,26.450001,26.219999,26.26,INTC,24692800
166,24.484339,26.200001,2014-05-06,26.379999,26.00,26.16,INTC,21818000
167,24.456303,26.17,2014-05-05,26.26,25.99,26.16,INTC,20738900
168,24.47032,26.41,2014-05-02,26.639999,26.40,26.559999,INTC,24235200
169,24.507383,26.450001,2014-05-01,26.67,26.389999,26.51,INTC,19755200
170,24.729756,26.690001,2014-04-30,26.700001,26.219999,26.32,INTC,25863900
171,24.535179,26.48,2014-04-29,26.66,26.35,26.360001,INTC,22146000
172,24.396196,26.33,2014-04-28,26.389999,26.01,26.17,INTC,33472800
173,24.331337,26.26,2014-04-25,26.719999,26.190001,26.65,INTC,33614400
174,24.785349,26.75,2014-04-24,26.959999,26.639999,26.809999,INTC,25432800
175,24.785349,26.75,2014-04-23,26.969999,26.719999,26.799999,INTC,25574300
176,24.868739,26.84,2014-04-22,26.98,26.66,26.91,INTC,29601600
177,24.970661,26.950001,2014-04-21,27.049999,26.73,27.049999,INTC,20398600
178,25.054051,27.040001,2014-04-17,27.16,26.790001,26.879999,INTC,38112600
179,24.952129,26.93,2014-04-16,27.24,26.60,26.98,INTC,59033600
180,24.80388,26.77,2014-04-15,26.83,26.360001,26.51,INTC,45074400
181,24.609303,26.559999,2014-04-14,26.65,26.139999,26.309999,INTC,26957900
182,24.257213,26.18,2014-04-11,26.59,26.17,26.27,INTC,36121100
183,24.488851,26.43,2014-04-10,27.09,26.360001,27.01,INTC,40478200
184,24.998456,26.98,2014-04-09,27.02,26.73,26.93,INTC,34481800
185,24.933598,26.91,2014-04-08,26.98,26.35,26.360001,INTC,56699500
186,24.544444,26.49,2014-04-07,26.74,26.200001,26.299999,INTC,49813500
187,24.238681,26.16,2014-04-04,26.73,26.110001,26.49,INTC,47918000
188,24.47032,26.41,2014-04-03,26.459999,26.139999,26.15,INTC,38581300
189,23.988511,25.889999,2014-04-02,26.049999,25.639999,25.959999,INTC,22464700
190,24.081167,25.99,2014-04-01,26.00,25.639999,25.799999,INTC,23778700
191,23.914387,25.809999,2014-03-31,26.059999,25.620001,25.65,INTC,29336300
192,23.738342,25.620001,2014-03-28,25.809999,25.32,25.41,INTC,22884500
193,23.451109,25.309999,2014-03-27,25.75,25.290001,25.360001,INTC,27201100
194,23.515968,25.379999,2014-03-26,25.74,25.32,25.59,INTC,26442800
195,23.590092,25.459999,2014-03-25,25.67,25.17,25.190001,INTC,32317400
196,23.275065,25.120001,2014-03-24,25.379999,24.92,25.209999,INTC,36950600
197,23.321392,25.17,2014-03-21,25.68,25.16,25.610001,INTC,56861900
198,23.562296,25.43,2014-03-20,25.59,24.940001,25.00,INTC,37009100
199,23.182409,25.02,2014-03-19,25.25,24.77,24.85,INTC,34229400
200,22.997097,24.82,2014-03-18,24.90,24.549999,24.68,INTC,26344000
201,22.885912,24.700001,2014-03-17,24.82,24.49,24.639999,INTC,18525800
202,22.7006,24.50,2014-03-14,24.65,24.40,24.48,INTC,21807200
203,22.765458,24.57,2014-03-13,25.00,24.43,24.799999,INTC,26243300
204,22.941504,24.76,2014-03-12,24.879999,24.610001,24.65,INTC,21244800
205,22.913707,24.73,2014-03-11,24.85,24.610001,24.780001,INTC,26656800
206,23.015629,24.84,2014-03-10,24.889999,24.58,24.610001,INTC,24908100
207,22.830317,24.639999,2014-03-07,24.85,24.57,24.700001,INTC,25373400
208,22.821051,24.629999,2014-03-06,24.65,24.379999,24.57,INTC,22371700
209,22.7006,24.50,2014-03-05,24.709999,24.40,24.700001,INTC,21036200
210,22.802522,24.610001,2014-03-04,24.780001,24.50,24.719999,INTC,23661200
211,22.7006,24.50,2014-03-03,24.59,24.299999,24.549999,INTC,25728500
212,22.941504,24.76,2014-02-28,24.85,24.57,24.790001,INTC,23482700
213,22.941504,24.76,2014-02-27,24.799999,24.51,24.799999,INTC,20863900
214,22.978566,24.799999,2014-02-26,24.98,24.610001,24.74,INTC,19820200
215,22.811787,24.620001,2014-02-25,24.709999,24.459999,24.67,INTC,21539100
216,22.821051,24.629999,2014-02-24,24.879999,24.41,24.51,INTC,24145500
217,22.626476,24.42,2014-02-21,24.959999,24.35,24.950001,INTC,30579800
218,22.922973,24.74,2014-02-20,24.85,24.50,24.540001,INTC,20193800
219,22.7006,24.50,2014-02-19,24.719999,24.42,24.65,INTC,25686000
220,22.941504,24.76,2014-02-18,24.780001,24.549999,24.67,INTC,17738100
221,22.941504,24.76,2014-02-14,24.76,24.41,24.58,INTC,20539700
222,22.885912,24.700001,2014-02-13,24.74,24.309999,24.43,INTC,22922000
223,22.746927,24.549999,2014-02-12,24.690001,24.370001,24.51,INTC,25874100
224,22.672803,24.469999,2014-02-11,24.52,24.33,24.35,INTC,17911700
225,22.506024,24.290001,2014-02-10,24.370001,24.059999,24.110001,INTC,24571300
226,22.431898,24.209999,2014-02-07,24.26,23.77,24.200001,INTC,30808400
227,22.228057,23.99,2014-02-06,24.08,23.549999,23.60,INTC,28008400
228,21.792576,23.52,2014-02-05,23.76,23.50,23.700001,INTC,32476200
229,21.862068,23.82,2014-02-04,24.040001,23.58,23.99,INTC,50816300
230,21.981384,23.950001,2014-02-03,24.51,23.889999,24.50,INTC,52868200
231,22.522888,24.540001,2014-01-31,24.65,24.40,24.450001,INTC,28623300
232,22.706447,24.74,2014-01-30,24.889999,24.540001,24.75,INTC,24610100
233,22.65138,24.68,2014-01-29,24.959999,24.629999,24.75,INTC,27145700
234,22.853296,24.90,2014-01-28,25.049999,24.57,24.709999,INTC,32453800
235,22.688091,24.719999,2014-01-27,24.99,24.66,24.77,INTC,32564900
236,22.770693,24.809999,2014-01-24,25.190001,24.790001,24.879999,INTC,34838700
237,23.06439,25.129999,2014-01-23,25.25,24.90,25.17,INTC,40241000
238,23.229595,25.309999,2014-01-22,25.540001,25.15,25.389999,INTC,48749900
239,23.48658,25.59,2014-01-21,25.799999,25.27,25.790001,INTC,42286400
240,23.725209,25.85,2014-01-17,25.860001,25.25,25.360001,INTC,111758900
241,24.358494,26.540001,2014-01-16,26.74,26.33,26.639999,INTC,48960800
242,24.477807,26.67,2014-01-15,27.120001,26.610001,26.719999,INTC,58277700
243,24.330959,26.51,2014-01-14,26.549999,25.90,26.01,INTC,74142900
244,23.403978,25.50,2014-01-13,25.99,25.42,25.629999,INTC,40274500
245,23.431512,25.530001,2014-01-10,25.85,25.50,25.50,INTC,30588800
246,23.229595,25.309999,2014-01-09,25.549999,25.25,25.42,INTC,20878000
247,23.339732,25.43,2014-01-08,25.709999,25.299999,25.639999,INTC,29680500
248,23.48658,25.59,2014-01-07,25.73,25.469999,25.540001,INTC,19665100
249,23.367265,25.459999,2014-01-06,25.790001,25.450001,25.77,INTC,28682300
250,23.660963,25.780001,2014-01-03,25.90,25.60,25.860001,INTC,27796700
251,23.670141,25.790001,2014-01-02,25.82,25.469999,25.780001,INTC,31833300
252,23.826166,25.959999,2013-12-31,26.040001,25.77,25.809999,INTC,22808100
253,23.725209,25.85,2013-12-30,25.85,25.60,25.67,INTC,19787200
254,23.495758,25.60,2013-12-27,25.799999,25.48,25.75,INTC,12970600
255,23.587539,25.700001,2013-12-26,25.700001,25.43,25.43,INTC,16957000
256,23.339732,25.43,2013-12-24,25.620001,25.35,25.379999,INTC,12157900
257,23.238773,25.32,2013-12-23,25.43,25.18,25.27,INTC,28120800
258,23.000144,25.059999,2013-12-20,25.35,25.040001,25.110001,INTC,55380100
259,23.073568,25.139999,2013-12-19,25.24,24.889999,25.120001,INTC,31880600
260,23.082746,25.15,2013-12-18,25.200001,24.530001,24.709999,INTC,42680500
261,22.633023,24.66,2013-12-17,24.77,24.379999,24.42,INTC,28158500
262,22.440285,24.450001,2013-12-16,24.709999,24.33,24.33,INTC,25061100
263,22.293437,24.290001,2013-12-13,24.49,24.16,24.209999,INTC,20631200
264,22.45864,24.469999,2013-12-12,24.889999,24.42,24.719999,INTC,21917800
265,22.412751,24.42,2013-12-11,24.879999,24.40,24.74,INTC,24682400
266,22.779871,24.82,2013-12-10,24.969999,24.66,24.889999,INTC,18203700
267,22.88083,24.93,2013-12-09,25.08,24.68,24.84,INTC,29614700
268,22.779871,24.82,2013-12-06,25.25,24.75,24.969999,INTC,53871400
269,22.265902,24.26,2013-12-05,24.35,23.75,23.82,INTC,45399100
270,21.788644,23.74,2013-12-04,23.85,23.52,23.52,INTC,43501500
271,21.614261,23.549999,2013-12-03,23.73,23.40,23.690001,INTC,35066400
272,21.751933,23.700001,2013-12-02,24.00,23.65,24.00,INTC,25685300
273,21.880425,23.84,2013-11-29,23.99,23.76,23.90,INTC,13802900
274,21.935493,23.90,2013-11-27,23.92,23.52,23.639999,INTC,28419200
275,21.706042,23.65,2013-11-26,23.84,23.52,23.790001,INTC,30600800
276,21.797822,23.75,2013-11-25,24.02,23.50,24.02,INTC,43389300
277,21.90796,23.870001,2013-11-22,24.51,23.84,24.50,INTC,77908100
278,23.156171,25.23,2013-11-21,25.290001,24.52,24.610001,INTC,44050600
279,22.541242,24.559999,2013-11-20,24.82,24.459999,24.700001,INTC,20288600
280,22.669736,24.700001,2013-11-19,24.870001,24.610001,24.74,INTC,24870200
281,22.577955,24.60,2013-11-18,24.700001,24.48,24.610001,INTC,24712500
282,22.504531,24.52,2013-11-15,24.549999,24.25,24.40,INTC,22866500
283,22.385216,24.389999,2013-11-14,24.50,24.35,24.43,INTC,20198900
284,22.577955,24.60,2013-11-13,24.620001,24.200001,24.25,INTC,22990300
285,22.421929,24.43,2013-11-12,24.50,23.98,23.99,INTC,37813500
286,22.1833,24.17,2013-11-11,24.290001,23.93,24.040001,INTC,19236500
287,22.109876,24.09,2013-11-08,24.120001,23.84,24.030001,INTC,31502900
288,22.082341,24.059999,2013-11-07,24.379999,24.00,24.370001,INTC,25631100
289,22.256724,24.25,2013-11-06,24.309999,23.889999,24.059999,INTC,25525700
290,22.054808,24.030001,2013-11-05,24.110001,23.77,23.92,INTC,22849900
291,22.059396,24.26,2013-11-04,24.40,24.15,24.32,INTC,26639800
292,22.123046,24.33,2013-11-01,24.65,24.219999,24.51,INTC,28302100
293,22.250346,24.469999,2013-10-31,24.73,24.43,24.52,INTC,30901400
294,22.277626,24.50,2013-10-30,24.68,24.40,24.530001,INTC,24091800
295,22.295812,24.52,2013-10-29,24.67,24.35,24.40,INTC,29961700
296,22.150326,24.360001,2013-10-28,24.49,24.17,24.18,INTC,65581600
297,22.04121,24.24,2013-10-25,24.24,24.02,24.110001,INTC,59634700
298,21.622937,23.780001,2013-10-24,23.969999,23.780001,23.860001,INTC,47590200
299,21.586565,23.74,2013-10-23,24.049999,23.559999,23.93,INTC,31651100
300,21.88663,24.07,2013-10-22,24.200001,24.01,24.17,INTC,29010800
301,21.950281,24.139999,2013-10-21,24.17,23.82,23.940001,INTC,35297600
302,21.713865,23.879999,2013-10-18,23.98,23.68,23.860001,INTC,29579100
303,21.750237,23.92,2013-10-17,23.940001,23.49,23.58,INTC,28694900
304,21.550194,23.700001,2013-10-16,23.74,23.219999,23.26,INTC,47723400
305,21.268312,23.389999,2013-10-15,23.59,23.32,23.40,INTC,42957700
306,21.322871,23.450001,2013-10-14,23.49,23.030001,23.09,INTC,27176700
307,21.150105,23.26,2013-10-11,23.26,22.82,22.83,INTC,24550600
308,21.004619,23.10,2013-10-10,23.219999,22.92,22.99,INTC,39189400
309,20.54088,22.59,2013-10-09,22.959999,22.48,22.51,INTC,40435400
310,20.440858,22.48,2013-10-08,22.879999,22.48,22.870001,INTC,36111200
311,20.75911,22.83,2013-10-07,23.00,22.57,22.709999,INTC,21321300
312,20.740924,22.809999,2013-10-04,22.85,22.60,22.60,INTC,22550000
313,20.549974,22.60,2013-10-03,22.84,22.50,22.82,INTC,34888500
314,20.813667,22.889999,2013-10-02,22.90,22.67,22.709999,INTC,23205400
315,20.75911,22.83,2013-10-01,23.040001,22.700001,22.940001,INTC,25888800
316,20.840946,22.92,2013-09-30,23.17,22.60,22.719999,INTC,32489600
317,20.895503,22.98,2013-09-27,23.389999,22.879999,23.209999,INTC,28924100
318,21.286499,23.41,2013-09-26,23.799999,23.200001,23.75,INTC,32003300
319,21.550194,23.700001,2013-09-25,23.809999,23.58,23.780001,INTC,19879900
320,21.550194,23.700001,2013-09-24,23.85,23.58,23.58,INTC,24410100
321,21.477451,23.620001,2013-09-23,23.85,23.610001,23.700001,INTC,22437100
322,21.613844,23.77,2013-09-20,23.959999,23.57,23.940001,INTC,47069000
323,21.741144,23.91,2013-09-19,24.09,23.84,23.959999,INTC,28261400
324,21.732051,23.90,2013-09-18,23.92,23.559999,23.85,INTC,31975400
325,21.586565,23.74,2013-09-17,23.889999,23.67,23.690001,INTC,37540700
326,21.268312,23.389999,2013-09-16,23.709999,23.35,23.629999,INTC,30088500
327,21.313778,23.440001,2013-09-13,23.459999,23.040001,23.049999,INTC,61134800
328,20.577251,22.629999,2013-09-12,22.84,22.60,22.780001,INTC,29517900
329,20.740924,22.809999,2013-09-11,22.98,22.709999,22.91,INTC,45815300
330,20.895503,22.98,2013-09-10,23.129999,22.93,23.07,INTC,31705400
331,20.831853,22.91,2013-09-09,23.030001,22.700001,22.719999,INTC,27770600
332,20.613624,22.67,2013-09-06,22.82,22.40,22.690001,INTC,27606600
333,20.549974,22.60,2013-09-05,22.73,22.49,22.68,INTC,22552800
334,20.586344,22.639999,2013-09-04,22.780001,22.280001,22.379999,INTC,37941800
335,20.068049,22.07,2013-09-03,22.24,21.969999,22.209999,INTC,26427300
336,19.986212,21.98,2013-08-30,22.25,21.90,22.24,INTC,33896300
337,20.058956,22.059999,2013-08-29,22.43,22.049999,22.24,INTC,28303500
338,20.268094,22.290001,2013-08-28,22.41,22.129999,22.200001,INTC,28090000
339,20.177164,22.190001,2013-08-27,22.219999,22.00,22.120001,INTC,37638500
340,20.249908,22.27,2013-08-26,22.52,22.23,22.40,INTC,22267800
341,20.404487,22.440001,2013-08-23,22.57,22.33,22.34,INTC,23088700
342,20.240815,22.26,2013-08-22,22.389999,22.17,22.26,INTC,17380600
343,20.158978,22.17,2013-08-21,22.58,22.059999,22.540001,INTC,32403300
344,20.47723,22.52,2013-08-20,22.68,22.299999,22.309999,INTC,32084300
345,20.259001,22.280001,2013-08-19,22.700001,22.049999,22.08,INTC,43412200
346,19.922562,21.91,2013-08-16,22.190001,21.889999,22.059999,INTC,30079000
347,20.031678,22.030001,2013-08-15,22.41,21.969999,22.280001,INTC,40451200
348,20.522694,22.57,2013-08-14,22.74,22.35,22.40,INTC,23202500
349,20.47723,22.52,2013-08-13,22.700001,22.389999,22.690001,INTC,26099200
350,20.586344,22.639999,2013-08-12,22.700001,22.450001,22.48,INTC,23520400
351,20.468137,22.51,2013-08-09,22.549999,22.309999,22.41,INTC,25145400
352,20.41358,22.450001,2013-08-08,22.780001,22.41,22.75,INTC,34792500
353,20.640903,22.700001,2013-08-07,22.790001,22.549999,22.709999,INTC,23350900
354,20.731831,22.799999,2013-08-06,22.93,22.709999,22.879999,INTC,28843300
355,20.840946,22.92,2013-08-05,23.02,22.85,23.00,INTC,20869000
356,20.909143,23.219999,2013-08-02,23.219999,23.00,23.18,INTC,36242100
357,20.891135,23.200001,2013-08-01,23.49,23.02,23.41,INTC,37832700
358,21.017201,23.34,2013-07-31,23.459999,23.26,23.370001,INTC,27679200
359,21.05322,23.379999,2013-07-30,23.50,23.280001,23.299999,INTC,28855200
360,20.927153,23.24,2013-07-29,23.299999,23.07,23.17,INTC,85543100
361,20.945163,23.26,2013-07-26,23.26,22.90,22.940001,INTC,110474500
362,20.765066,23.059999,2013-07-25,23.059999,22.82,22.85,INTC,114558100
363,20.648005,22.93,2013-07-24,23.00,22.629999,22.93,INTC,33432700
364,20.485918,22.75,2013-07-23,22.99,22.639999,22.85,INTC,28521400
365,20.503928,22.77,2013-07-22,23.120001,22.73,23.07,INTC,35890900
366,20.747058,23.040001,2013-07-19,23.15,22.809999,23.110001,INTC,45866700
367,20.927153,23.24,2013-07-18,23.610001,23.16,23.469999,INTC,77863900
368,21.74659,24.15,2013-07-17,24.43,24.040001,24.299999,INTC,44084200
369,21.836638,24.25,2013-07-16,24.299999,23.90,24.00,INTC,34496100
370,21.55749,23.940001,2013-07-15,23.969999,23.76,23.84,INTC,25650100
371,21.52147,23.90,2013-07-12,24.00,23.65,23.950001,INTC,34561900
372,21.602513,23.99,2013-07-11,24.00,23.469999,23.559999,INTC,41313800
373,20.936158,23.25,2013-07-10,23.299999,22.639999,23.139999,INTC,50037500
374,20.837105,23.139999,2013-07-09,23.42,23.110001,23.299999,INTC,34739800
375,20.88213,23.190001,2013-07-08,23.91,23.030001,23.860001,INTC,68826600
376,21.665546,24.059999,2013-07-05,24.08,23.68,23.950001,INTC,17830400
377,21.395403,23.76,2013-07-03,23.90,23.450001,23.700001,INTC,18167200
378,21.359383,23.719999,2013-07-02,24.040001,23.540001,23.870001,INTC,28290100
379,21.512465,23.889999,2013-07-01,24.42,23.84,24.35,INTC,29698200
380,21.818628,24.23,2013-06-28,24.41,23.73,23.93,INTC,80413900
381,21.656541,24.049999,2013-06-27,24.35,24.01,24.10,INTC,25564500
382,21.620523,24.01,2013-06-26,24.24,23.889999,24.200001,INTC,33645000
383,21.50346,23.879999,2013-06-25,23.940001,23.57,23.83,INTC,34571300
384,21.233316,23.58,2013-06-24,24.219999,23.41,24.08,INTC,49145200
385,21.791615,24.200001,2013-06-21,24.35,24.09,24.309999,INTC,67754000
386,21.78261,24.190001,2013-06-20,24.75,24.10,24.73,INTC,63565700
387,22.511998,25.00,2013-06-19,25.68,25.00,25.49,INTC,28843900
388,22.935223,25.469999,2013-06-18,25.65,25.07,25.07,INTC,36674300
389,22.602046,25.10,2013-06-17,25.35,24.91,25.110001,INTC,42643200
390,22.439959,24.92,2013-06-14,25.139999,24.84,25.02,INTC,24762700
391,22.502993,24.99,2013-06-13,25.01,24.40,24.459999,INTC,27707000
392,22.025738,24.459999,2013-06-12,25.00,24.41,24.959999,INTC,24535200
393,22.250858,24.709999,2013-06-11,25.08,24.629999,24.83,INTC,27077800
394,22.521003,25.01,2013-06-10,25.09,24.639999,24.709999,INTC,29780800
395,22.142801,24.59,2013-06-07,24.700001,24.219999,24.40,INTC,35539400
396,22.19683,24.65,2013-06-06,24.940001,24.27,24.75,INTC,40020000
397,22.241855,24.700001,2013-06-05,25.280001,24.65,25.110001,INTC,53335200
398,22.836171,25.360001,2013-06-04,25.98,25.35,25.559999,INTC,68515500
399,22.728113,25.24,2013-06-03,25.450001,24.83,24.879999,INTC,76493500
400,21.863653,24.280001,2013-05-31,24.709999,24.129999,24.23,INTC,47793200
401,21.800618,24.209999,2013-05-30,24.50,24.209999,24.280001,INTC,26299900
402,21.854648,24.27,2013-05-29,24.379999,23.889999,23.959999,INTC,31653900
403,21.683556,24.08,2013-05-28,24.40,24.00,24.16,INTC,31153700
404,21.53948,23.92,2013-05-24,24.040001,23.58,23.92,INTC,30861700
405,21.656541,24.049999,2013-05-23,24.120001,23.84,23.879999,INTC,38132900
406,21.674551,24.07,2013-05-22,24.530001,23.940001,24.129999,INTC,49686400
407,21.74659,24.15,2013-05-21,24.25,24.00,24.10,INTC,37917900
408,21.683556,24.08,2013-05-20,24.25,24.00,24.08,INTC,31324400
409,21.647538,24.040001,2013-05-17,24.219999,23.90,24.120001,INTC,36277400
410,21.55749,23.940001,2013-05-16,24.40,23.93,24.059999,INTC,29812900
411,21.791615,24.200001,2013-05-15,24.200001,23.809999,23.889999,INTC,33568900
412,21.467441,23.84,2013-05-14,24.17,23.780001,24.08,INTC,36694400
413,21.683556,24.08,2013-05-13,24.49,24.030001,24.41,INTC,28535200
414,22.061758,24.50,2013-05-10,24.540001,24.35,24.42,INTC,22554800
415,21.935691,24.360001,2013-05-09,24.57,24.10,24.200001,INTC,31333900
416,21.836638,24.25,2013-05-08,24.290001,23.959999,24.040001,INTC,24900600
417,21.74659,24.15,2013-05-07,24.25,23.940001,23.969999,INTC,38605600
418,21.530475,23.91,2013-05-06,24.209999,23.85,24.17,INTC,31009100
419,21.575498,23.959999,2013-05-03,24.219999,23.950001,24.219999,INTC,30085800
420,21.507963,24.110001,2013-05-02,24.15,23.67,23.73,INTC,33486300
421,21.400913,23.99,2013-05-01,24.17,23.809999,23.82,INTC,38373800
422,21.365231,23.950001,2013-04-30,24.00,23.639999,23.719999,INTC,41468900
423,21.195736,23.76,2013-04-29,23.83,23.40,23.440001,INTC,102141600
424,20.874588,23.40,2013-04-26,23.559999,23.139999,23.309999,INTC,101377300
425,20.856746,23.379999,2013-04-25,23.870001,23.32,23.65,INTC,109178000
426,21.106528,23.66,2013-04-24,23.790001,23.25,23.280001,INTC,54282000
427,20.856746,23.379999,2013-04-23,23.450001,22.93,22.98,INTC,62494100
428,20.410708,22.879999,2013-04-22,22.940001,22.35,22.48,INTC,52817000
429,20.018196,22.440001,2013-04-19,22.450001,22.209999,22.27,INTC,49101000
430,19.83978,22.24,2013-04-18,22.40,21.90,22.049999,INTC,76237300
431,19.563236,21.93,2013-04-17,22.139999,21.57,21.790001,INTC,79461200
432,19.554315,21.92,2013-04-16,21.93,21.42,21.469999,INTC,64767000
433,19.072593,21.379999,2013-04-15,21.709999,21.360001,21.50,INTC,38459200
434,19.340217,21.68,2013-04-12,21.799999,21.469999,21.74,INTC,34028000
435,19.474028,21.83,2013-04-11,21.91,21.49,21.73,INTC,59295600
436,19.857622,22.26,2013-04-10,22.42,21.709999,21.719999,INTC,67102900
437,19.402662,21.75,2013-04-09,21.889999,21.059999,21.110001,INTC,61518700
438,18.813892,21.09,2013-04-08,21.09,20.799999,20.889999,INTC,34213000
439,18.680081,20.940001,2013-04-05,20.969999,20.75,20.940001,INTC,36721600
440,18.858495,21.139999,2013-04-04,21.190001,20.959999,21.049999,INTC,28702500
441,18.778208,21.049999,2013-04-03,21.50,21.01,21.450001,INTC,36620800
442,19.143959,21.459999,2013-04-02,21.58,21.32,21.52,INTC,28166700
443,19.117198,21.43,2013-04-01,21.700001,21.32,21.67,INTC,33718100
444,19.482949,21.84,2013-03-28,21.91,21.60,21.85,INTC,33336700
445,19.474028,21.83,2013-03-27,21.98,21.51,21.620001,INTC,45370900
446,19.420504,21.77,2013-03-26,21.77,21.25,21.280001,INTC,39548500
447,18.867416,21.15,2013-03-25,21.42,21.08,21.389999,INTC,32740700
448,19.02799,21.33,2013-03-22,21.34,21.08,21.15,INTC,30803200
449,18.769289,21.040001,2013-03-21,21.139999,20.90,21.01,INTC,32607200
450,18.894179,21.18,2013-03-20,21.360001,21.110001,21.309999,INTC,29919000
451,18.858495,21.139999,2013-03-19,21.360001,21.01,21.26,INTC,42546000
452,18.965545,21.26,2013-03-18,21.49,21.190001,21.24,INTC,35154400
453,19.072593,21.379999,2013-03-15,21.700001,21.27,21.610001,INTC,52949600
454,19.313454,21.65,2013-03-14,21.85,21.51,21.74,INTC,28836500
455,19.322375,21.66,2013-03-13,21.700001,21.459999,21.559999,INTC,24617400
456,19.304533,21.639999,2013-03-12,21.73,21.450001,21.66,INTC,28617300
457,19.349138,21.690001,2013-03-11,21.74,21.280001,21.530001,INTC,42148200
458,19.251009,21.58,2013-03-08,22.040001,21.469999,21.950001,INTC,44990500
459,19.527553,21.889999,2013-03-07,21.99,21.75,21.799999,INTC,42380000
460,19.402662,21.75,2013-03-06,21.790001,21.51,21.530001,INTC,37188900
461,19.188564,21.51,2013-03-05,21.59,21.299999,21.34,INTC,38796400
462,18.974466,21.27,2013-03-04,21.290001,20.959999,21.16,INTC,47545800
463,18.760368,21.030001,2013-03-01,21.190001,20.66,20.790001,INTC,45695700
464,18.626555,20.879999,2013-02-28,21.08,20.82,20.91,INTC,34808000
465,18.67116,20.93,2013-02-27,21.040001,20.51,20.60,INTC,46966600
466,18.358933,20.58,2013-02-26,20.85,20.41,20.49,INTC,67247100
467,18.046706,20.23,2013-02-25,20.65,20.23,20.57,INTC,41525600
468,18.216201,20.42,2013-02-22,20.49,20.10,20.32,INTC,34534800
469,18.064548,20.25,2013-02-21,20.76,20.120001,20.75,INTC,60754500
470,18.492744,20.73,2013-02-20,21.10,20.700001,21.09,INTC,46119800
471,18.813892,21.09,2013-02-19,21.209999,21.059999,21.18,INTC,31061600
472,18.840655,21.120001,2013-02-15,21.299999,20.99,21.23,INTC,33809100
473,18.938782,21.23,2013-02-14,21.280001,21.059999,21.129999,INTC,35262200
474,18.956624,21.25,2013-02-13,21.299999,21.15,21.219999,INTC,21267200
475,18.9031,21.190001,2013-02-12,21.25,20.99,21.030001,INTC,28391400
476,18.760368,21.030001,2013-02-11,21.059999,20.92,21.00,INTC,18897200
477,18.733605,21.00,2013-02-08,21.09,20.879999,20.90,INTC,28150100
478,18.56411,20.809999,2013-02-07,20.969999,20.700001,20.969999,INTC,41015200
479,18.724684,20.99,2013-02-06,21.200001,20.91,21.16,INTC,32361000
480,18.894179,21.18,2013-02-05,21.33,21.059999,21.139999,INTC,30076500
481,18.675619,21.16,2013-02-04,21.379999,21.15,21.299999,INTC,38345600
482,18.852138,21.360001,2013-02-01,21.360001,21.09,21.190001,INTC,31867100
483,18.569709,21.040001,2013-01-31,21.32,21.02,21.299999,INTC,36534100
484,18.860964,21.370001,2013-01-30,21.459999,21.219999,21.290001,INTC,34151300
485,18.781531,21.280001,2013-01-29,21.299999,21.01,21.09,INTC,105703100
486,18.578534,21.049999,2013-01-28,21.09,20.99,21.01,INTC,105398300
487,18.4991,20.959999,2013-01-25,21.07,20.879999,21.040001,INTC,107632800
488,18.490276,20.950001,2013-01-24,21.18,20.93,21.10,INTC,58396800
489,18.63149,21.110001,2013-01-23,21.219999,21.040001,21.200001,INTC,42432300
490,18.684445,21.17,2013-01-22,21.290001,21.030001,21.280001,INTC,51127400
491,18.755053,21.25,2013-01-18,21.440001,21.030001,21.360001,INTC,143760400
492,20.017158,22.68,2013-01-17,23.059999,22.110001,22.120001,INTC,101020600
493,19.514081,22.110001,2013-01-16,22.200001,21.85,21.91,INTC,36763700
494,19.311084,21.879999,2013-01-15,22.129999,21.780001,21.950001,INTC,33990300
495,19.416996,22.00,2013-01-14,22.129999,21.75,21.98,INTC,35724500
496,19.416996,22.00,2013-01-11,22.07,21.77,21.799999,INTC,44944700
497,19.240477,21.799999,2013-01-10,21.82,21.530001,21.610001,INTC,44621600
498,18.931571,21.450001,2013-01-09,21.469999,21.200001,21.219999,INTC,34290000
499,18.613838,21.09,2013-01-08,21.559999,21.02,21.23,INTC,48672000
500,18.755053,21.25,2013-01-07,21.450001,21.18,21.280001,INTC,36352100
501,18.675619,21.16,2013-01-04,21.389999,21.049999,21.360001,INTC,30142500
502,18.816834,21.32,2013-01-03,21.48,21.139999,21.40,INTC,41054100
503,18.869789,21.379999,2013-01-02,21.379999,21.049999,21.15,INTC,47623000
