,Adj_Close,Close,Date,High,Low,Open,Symbol,Volume
0,18.199021,20.620001,2012-12-31,20.66,20.16,20.25,INTC,41139500
1,17.85481,20.23,2012-12-28,20.49,20.209999,20.35,INTC,25906900
2,18.101936,20.51,2012-12-27,20.76,20.309999,20.700001,INTC,31704300
3,18.225498,20.65,2012-12-26,20.93,20.639999,20.74,INTC,22488700
4,18.216672,20.639999,2012-12-24,20.73,20.51,20.65,INTC,14193100
5,18.331409,20.77,2012-12-21,20.85,20.48,20.66,INTC,61993100
6,18.560883,21.030001,2012-12-20,21.24,20.879999,21.209999,INTC,34005500
7,18.622664,21.10,2012-12-19,21.309999,20.860001,21.07,INTC,52804600
8,18.4991,20.959999,2012-12-18,20.99,20.57,20.68,INTC,41601200
9,18.154891,20.57,2012-12-17,20.690001,20.360001,20.549999,INTC,34959900
10,18.119588,20.530001,2012-12-14,20.74,20.35,20.52,INTC,34149500
11,18.084283,20.49,2012-12-13,20.92,20.440001,20.629999,INTC,41607600
12,18.24315,20.67,2012-12-12,20.99,20.540001,20.860001,INTC,48354700
13,18.225498,20.65,2012-12-11,20.74,20.15,20.16,INTC,51036500
14,17.722421,20.08,2012-12-10,20.17,19.98,20.15,INTC,27273200
15,17.793029,20.16,2012-12-07,20.360001,20.030001,20.33,INTC,41701200
16,17.793029,20.16,2012-12-06,20.290001,19.969999,19.99,INTC,46291200
17,17.519426,19.85,2012-12-05,20.02,19.74,19.940001,INTC,45847000
18,17.625336,19.969999,2012-12-04,20.049999,19.610001,19.629999,INTC,57942400
19,17.245823,19.540001,2012-12-03,19.92,19.50,19.879999,INTC,50637000
20,17.2723,19.57,2012-11-30,19.77,19.42,19.629999,INTC,51427800
21,17.236997,19.530001,2012-11-29,20.040001,19.459999,19.83,INTC,64926300
22,17.731248,20.09,2012-11-28,20.110001,19.639999,19.889999,INTC,43226300
23,17.590033,19.93,2012-11-27,20.190001,19.92,19.950001,INTC,44893200
24,17.554729,19.889999,2012-11-26,19.92,19.620001,19.690001,INTC,67047900
25,17.404688,19.719999,2012-11-23,19.84,19.51,19.530001,INTC,51711900
26,17.086957,19.360001,2012-11-21,19.549999,19.23,19.52,INTC,95636000
27,17.219345,19.51,2012-11-20,19.879999,19.35,19.879999,INTC,85743300
28,17.872462,20.25,2012-11-19,20.450001,19.73,19.99,INTC,69433800
29,17.819507,20.190001,2012-11-16,20.26,19.77,20.07,INTC,50855500
30,17.678293,20.030001,2012-11-15,20.290001,19.98,20.01,INTC,45733800
31,17.61651,19.959999,2012-11-14,20.50,19.950001,20.42,INTC,58961300
32,17.89894,20.280001,2012-11-13,20.82,20.18,20.57,INTC,56379200
33,18.331409,20.77,2012-11-12,20.91,20.65,20.879999,INTC,27267000
34,18.357886,20.799999,2012-11-09,21.139999,20.799999,20.809999,INTC,35017900
35,18.384364,20.83,2012-11-08,21.129999,20.82,20.90,INTC,38090000
36,18.454972,20.91,2012-11-07,21.549999,20.90,21.540001,INTC,70960100
37,19.178696,21.73,2012-11-06,22.00,21.629999,21.73,INTC,49860500
38,19.275781,21.84,2012-11-05,22.110001,21.719999,22.02,INTC,48797400
39,19.271367,22.059999,2012-11-02,22.540001,22.02,22.389999,INTC,51737600
40,19.446086,22.26,2012-11-01,22.41,21.719999,21.76,INTC,50359300
41,18.895724,21.629999,2012-10-31,22.09,21.59,22.01,INTC,40612800
42,19.175274,21.950001,2012-10-26,22.02,21.60,21.77,INTC,92415400
43,18.94814,21.690001,2012-10-25,21.75,21.51,21.58,INTC,79226400
44,18.747214,21.459999,2012-10-24,21.74,21.41,21.73,INTC,33237800
45,18.860781,21.59,2012-10-23,21.77,21.299999,21.32,INTC,47194400
46,18.747214,21.459999,2012-10-22,21.57,21.299999,21.40,INTC,36500300
47,18.581233,21.27,2012-10-19,21.690001,21.219999,21.67,INTC,55622300
48,18.930668,21.67,2012-10-18,21.860001,21.60,21.82,INTC,42921800
49,19.035499,21.790001,2012-10-17,21.98,21.27,21.27,INTC,99053800
50,19.524709,22.35,2012-10-16,22.469999,21.950001,21.99,INTC,80707000
51,18.983083,21.73,2012-10-15,21.90,21.50,21.530001,INTC,49513800
52,18.764686,21.48,2012-10-12,21.85,21.40,21.58,INTC,46274000
53,18.939404,21.68,2012-10-11,21.879999,21.52,21.870001,INTC,36817700
54,19.009291,21.76,2012-10-10,22.00,21.700001,21.90,INTC,47188900
55,19.131593,21.90,2012-10-09,22.190001,21.85,22.16,INTC,66317400
56,19.664483,22.51,2012-10-08,22.620001,22.40,22.620001,INTC,29698200
57,19.812993,22.68,2012-10-05,22.90,22.58,22.66,INTC,38344600
58,19.629538,22.469999,2012-10-04,22.620001,22.27,22.58,INTC,52980100
59,19.699425,22.549999,2012-10-03,22.969999,22.49,22.860001,INTC,49772700
60,19.952767,22.84,2012-10-02,23.00,22.66,22.889999,INTC,36381100
61,19.88288,22.76,2012-10-01,23.17,22.68,22.75,INTC,55261300
62,19.795521,22.66,2012-09-28,23.059999,22.59,23.059999,INTC,47920800
63,20.171164,23.09,2012-09-27,23.139999,22.65,22.76,INTC,43872200
64,19.786785,22.65,2012-09-26,22.75,22.48,22.57,INTC,49734700
65,19.690691,22.540001,2012-09-25,22.969999,22.51,22.950001,INTC,49535100
66,19.917823,22.799999,2012-09-24,22.950001,22.52,22.93,INTC,48846500
67,20.206107,23.129999,2012-09-21,23.27,23.01,23.219999,INTC,56246600
68,20.249787,23.18,2012-09-20,23.18,22.99,23.09,INTC,33083000
69,20.223579,23.15,2012-09-19,23.51,23.139999,23.50,INTC,39459800
70,20.41577,23.370001,2012-09-18,23.52,23.139999,23.309999,INTC,41948200
71,20.363353,23.309999,2012-09-17,23.440001,23.16,23.290001,INTC,36169000
72,20.41577,23.370001,2012-09-14,23.540001,23.23,23.450001,INTC,47983700
73,20.407034,23.360001,2012-09-13,23.41,22.83,23.01,INTC,52998300
74,20.258523,23.190001,2012-09-12,23.58,23.059999,23.389999,INTC,44862700
75,20.389561,23.34,2012-09-11,23.65,23.200001,23.299999,INTC,54237700
76,20.319674,23.26,2012-09-10,24.60,23.17,23.950001,INTC,80584600
77,21.132112,24.190001,2012-09-07,24.700001,24.01,24.129999,INTC,86282100
78,21.927078,25.10,2012-09-06,25.10,24.459999,24.469999,INTC,40187600
79,21.306829,24.389999,2012-09-05,24.780001,24.190001,24.40,INTC,38595800
80,21.333037,24.42,2012-09-04,25.059999,24.27,25.030001,INTC,40688000
81,21.691208,24.83,2012-08-31,25.00,24.48,24.50,INTC,43447800
82,21.201999,24.27,2012-08-30,24.639999,24.15,24.57,INTC,37182200
83,21.551434,24.67,2012-08-29,24.959999,24.540001,24.93,INTC,60462600
84,21.839719,25.00,2012-08-28,25.01,24.68,24.790001,INTC,33119500
85,21.699944,24.84,2012-08-27,24.940001,24.75,24.860001,INTC,34424700
86,21.761095,24.91,2012-08-24,25.07,24.700001,25.049999,INTC,45187500
87,21.874663,25.040001,2012-08-23,25.59,24.93,25.58,INTC,51397600
88,22.477438,25.73,2012-08-22,26.01,25.66,25.889999,INTC,33619400
89,22.809403,26.110001,2012-08-21,26.34,25.99,26.33,INTC,31661300
90,22.914232,26.23,2012-08-20,26.33,26.10,26.219999,INTC,25600800
91,23.001591,26.33,2012-08-17,26.629999,26.209999,26.57,INTC,30376900
92,23.228725,26.59,2012-08-16,26.65,26.34,26.440001,INTC,25699700
93,22.949177,26.27,2012-08-15,26.469999,26.190001,26.23,INTC,26081000
94,23.132629,26.48,2012-08-14,26.809999,26.379999,26.799999,INTC,27470400
95,23.316084,26.690001,2012-08-13,26.83,26.41,26.76,INTC,23619700
96,23.482065,26.879999,2012-08-10,26.90,26.530001,26.700001,INTC,24930300
97,23.32482,26.700001,2012-08-09,26.889999,26.57,26.639999,INTC,26465300
98,23.237461,26.60,2012-08-08,26.74,26.299999,26.48,INTC,27034400
99,23.150102,26.50,2012-08-07,26.639999,26.35,26.459999,INTC,27077800
100,22.984119,26.309999,2012-08-06,26.559999,26.200001,26.219999,INTC,24613200
101,22.914232,26.23,2012-08-03,26.35,25.98,26.25,INTC,30692600
102,22.438128,25.91,2012-08-02,26.26,25.68,25.74,INTC,34309900
103,22.455448,25.93,2012-08-01,26.00,25.67,25.83,INTC,29207700
104,22.256268,25.700001,2012-07-31,26.040001,25.700001,25.76,INTC,26616900
105,22.308228,25.76,2012-07-30,26.200001,25.68,25.98,INTC,25878100
106,22.533389,26.02,2012-07-27,26.07,25.469999,25.68,INTC,33344000
107,22.083067,25.50,2012-07-26,25.84,25.34,25.59,INTC,37808200
108,21.762645,25.129999,2012-07-25,25.530001,25.00,25.02,INTC,34407600
109,21.658726,25.01,2012-07-24,25.219999,24.790001,25.190001,INTC,33637600
110,21.875226,25.26,2012-07-23,25.360001,24.799999,25.049999,INTC,36378200
111,22.100387,25.52,2012-07-20,26.00,25.50,25.870001,INTC,48844000
112,22.568028,26.059999,2012-07-19,26.35,25.82,26.35,INTC,36555800
113,22.697928,26.209999,2012-07-18,26.42,25.049999,25.200001,INTC,67503500
114,21.979146,25.379999,2012-07-17,25.66,24.85,25.33,INTC,63631500
115,21.762645,25.129999,2012-07-16,25.309999,25.00,25.23,INTC,36984500
116,21.866566,25.25,2012-07-13,25.389999,24.76,24.799999,INTC,35972100
117,21.424905,24.74,2012-07-12,25.17,24.68,25.16,INTC,53147600
118,21.987806,25.389999,2012-07-11,25.620001,25.219999,25.57,INTC,34809100
119,22.135026,25.559999,2012-07-10,26.42,25.440001,25.85,INTC,47231600
120,22.663289,26.17,2012-07-09,26.209999,25.809999,26.049999,INTC,27910200
121,22.654628,26.16,2012-07-06,26.50,25.93,26.440001,INTC,32515300
122,22.992369,26.549999,2012-07-05,26.84,26.370001,26.809999,INTC,20324500
123,23.260831,26.860001,2012-07-03,26.860001,26.559999,26.719999,INTC,12515500
124,23.09629,26.67,2012-07-02,26.73,26.389999,26.51,INTC,21739700
125,23.078969,26.65,2012-06-29,26.65,26.209999,26.280001,INTC,35082300
126,22.368848,25.83,2012-06-28,26.030001,25.450001,26.00,INTC,40166600
127,22.706588,26.219999,2012-06-27,26.34,26.059999,26.110001,INTC,23642100
128,22.524728,26.01,2012-06-26,26.280001,25.74,26.16,INTC,34935400
129,22.559368,26.049999,2012-06-25,26.65,25.879999,26.60,INTC,41787800
130,23.330111,26.940001,2012-06-22,26.959999,26.67,26.879999,INTC,100360700
131,23.130929,26.709999,2012-06-21,27.59,26.610001,27.51,INTC,47571100
132,23.936312,27.639999,2012-06-20,27.75,27.379999,27.48,INTC,28164900
133,23.823732,27.51,2012-06-19,27.629999,27.25,27.59,INTC,30060200
134,23.745792,27.42,2012-06-18,27.610001,27.219999,27.290001,INTC,30432300
135,23.676512,27.34,2012-06-15,27.440001,26.879999,27.02,INTC,51838900
136,23.36475,26.98,2012-06-14,27.059999,26.42,26.58,INTC,38301200
137,22.98371,26.540001,2012-06-13,26.870001,26.34,26.459999,INTC,30496500
138,22.96639,26.52,2012-06-12,26.540001,26.049999,26.120001,INTC,29132000
139,22.507408,25.99,2012-06-11,26.629999,25.959999,26.549999,INTC,28041300
140,22.871129,26.41,2012-06-08,26.48,25.85,25.879999,INTC,26750500
141,22.464108,25.940001,2012-06-07,26.43,25.889999,26.370001,INTC,29534200
142,22.576688,26.07,2012-06-06,26.110001,25.43,25.51,INTC,33553600
143,22.022447,25.43,2012-06-05,25.57,25.00,25.040001,INTC,29491300
144,21.684706,25.040001,2012-06-04,25.360001,24.84,25.280001,INTC,39903700
145,21.771305,25.139999,2012-06-01,25.709999,25.120001,25.40,INTC,40246400
146,22.377508,25.84,2012-05-31,26.07,25.700001,25.780001,INTC,42240200
147,22.628648,26.129999,2012-05-30,26.190001,25.799999,25.90,INTC,33089800
148,22.594008,26.09,2012-05-29,26.32,25.860001,26.040001,INTC,35052800
149,22.290907,25.74,2012-05-25,25.85,25.57,25.719999,INTC,19122200
150,22.212967,25.65,2012-05-24,25.780001,25.309999,25.57,INTC,37129200
151,22.031107,25.440001,2012-05-23,25.51,24.92,25.469999,INTC,61969600
152,22.542049,26.030001,2012-05-22,26.280001,25.780001,26.27,INTC,46037700
153,22.645968,26.15,2012-05-21,26.190001,25.68,26.059999,INTC,41389400
154,22.576688,26.07,2012-05-18,26.57,26.049999,26.24,INTC,43444900
155,22.680609,26.190001,2012-05-17,26.66,26.190001,26.469999,INTC,31503200
156,22.949069,26.50,2012-05-16,26.99,26.49,26.91,INTC,44629300
157,23.27815,26.879999,2012-05-15,27.25,26.82,27.049999,INTC,35712100
158,23.399391,27.02,2012-05-14,27.40,26.879999,27.35,INTC,39447300
159,23.927652,27.629999,2012-05-11,27.950001,27.200001,27.26,INTC,34937400
160,23.589911,27.24,2012-05-10,27.459999,26.959999,27.34,INTC,36239000
161,23.546612,27.190001,2012-05-09,27.35,26.75,27.08,INTC,40599300
162,23.702492,27.370001,2012-05-08,27.60,27.01,27.48,INTC,53087400
163,24.040233,27.76,2012-05-07,27.98,27.65,27.83,INTC,37385900
164,24.161473,27.90,2012-05-04,28.379999,27.84,28.32,INTC,34573600
165,24.733034,28.559999,2012-05-03,29.27,28.42,29.26,INTC,41219000
166,25.088096,29.18,2012-05-02,29.27,28.719999,28.82,INTC,40434700
167,24.890349,28.950001,2012-05-01,29.049999,28.370001,28.469999,INTC,43316200
168,24.417474,28.40,2012-04-30,28.540001,28.290001,28.42,INTC,28810500
169,24.400279,28.379999,2012-04-27,28.530001,28.10,28.110001,INTC,33310200
170,24.262716,28.219999,2012-04-26,28.299999,27.75,27.799999,INTC,46644900
171,23.953199,27.860001,2012-04-25,27.91,27.35,27.43,INTC,40854600
172,23.480325,27.309999,2012-04-24,27.60,27.24,27.35,INTC,35010600
173,23.600694,27.450001,2012-04-23,27.57,27.24,27.33,INTC,37791200
174,23.729659,27.60,2012-04-20,27.969999,27.57,27.719999,INTC,38058500
175,23.807038,27.690001,2012-04-19,28.09,27.440001,27.870001,INTC,43035900
176,24.030579,27.950001,2012-04-18,28.110001,27.459999,27.58,INTC,72249100
177,24.477658,28.469999,2012-04-17,28.780001,28.41,28.450001,INTC,61288000
178,24.426072,28.41,2012-04-16,28.549999,28.139999,28.26,INTC,37480000
179,24.150946,28.09,2012-04-13,28.389999,28.08,28.35,INTC,34480900
180,24.486256,28.48,2012-04-12,28.52,27.93,27.969999,INTC,37053200
181,23.944601,27.85,2012-04-11,28.00,27.629999,27.68,INTC,26668200
182,23.600694,27.450001,2012-04-10,27.860001,27.41,27.700001,INTC,36272100
183,23.867222,27.76,2012-04-09,27.90,27.59,27.73,INTC,22965500
184,24.13375,28.07,2012-04-05,28.10,27.799999,27.870001,INTC,22033800
185,24.013383,27.93,2012-04-04,28.030001,27.60,27.870001,INTC,30845100
186,24.168142,28.110001,2012-04-03,28.370001,27.950001,28.309999,INTC,34152500
187,24.400279,28.379999,2012-04-02,28.450001,27.99,28.040001,INTC,28853500
188,24.17674,28.120001,2012-03-30,28.450001,28.02,28.389999,INTC,43024400
189,24.21113,28.16,2012-03-29,28.18,27.67,27.75,INTC,39616000
190,23.901612,27.799999,2012-03-28,28.25,27.799999,28.129999,INTC,35152000
191,24.236923,28.190001,2012-03-27,28.280001,28.07,28.24,INTC,24365100
192,24.236923,28.190001,2012-03-26,28.26,27.959999,28.01,INTC,32799700
193,23.970394,27.879999,2012-03-23,27.99,27.68,27.940001,INTC,24899500
194,23.987589,27.90,2012-03-22,27.950001,27.610001,27.73,INTC,23395100
195,23.884418,27.780001,2012-03-21,27.889999,27.700001,27.790001,INTC,22212900
196,23.858624,27.75,2012-03-20,27.90,27.559999,27.65,INTC,22684900
197,23.850026,27.74,2012-03-19,27.90,27.540001,27.66,INTC,26937200
198,23.841428,27.73,2012-03-16,27.959999,27.700001,27.82,INTC,54672100
199,23.858624,27.75,2012-03-15,27.85,27.43,27.50,INTC,34191900
200,23.60929,27.459999,2012-03-14,27.90,27.34,27.450001,INTC,46835700
201,23.635084,27.49,2012-03-13,27.50,27.120001,27.120001,INTC,33796800
202,23.205199,26.99,2012-03-12,27.08,26.91,27.00,INTC,24006900
203,23.27398,27.07,2012-03-09,27.17,26.870001,26.940001,INTC,29396700
204,23.076233,26.84,2012-03-08,27.040001,26.75,27.00,INTC,37261600
205,23.136417,26.91,2012-03-07,27.00,26.52,26.58,INTC,32720900
206,22.878487,26.610001,2012-03-06,26.629999,26.200001,26.25,INTC,37196700
207,22.818303,26.540001,2012-03-05,26.91,26.360001,26.91,INTC,32332200
208,23.145015,26.92,2012-03-02,27.030001,26.77,26.90,INTC,29632800
209,23.093429,26.860001,2012-03-01,27.139999,26.709999,27.059999,INTC,39413000
210,23.110623,26.879999,2012-02-29,27.299999,26.84,27.25,INTC,41856200
211,23.420141,27.24,2012-02-28,27.299999,26.82,26.93,INTC,32820500
212,23.119221,26.889999,2012-02-27,27.200001,26.450001,26.52,INTC,46022400
213,22.955866,26.700001,2012-02-24,26.799999,26.450001,26.719999,INTC,39309500
214,22.921474,26.66,2012-02-23,26.860001,26.35,26.559999,INTC,33800100
215,22.981658,26.73,2012-02-22,27.35,26.51,27.059999,INTC,51973800
216,23.35136,27.16,2012-02-21,27.370001,27.01,27.34,INTC,34911800
217,23.531912,27.370001,2012-02-17,27.50,26.82,26.860001,INTC,74254100
218,23.067635,26.83,2012-02-16,26.950001,26.35,26.40,INTC,42450700
219,22.852693,26.58,2012-02-15,26.879999,26.50,26.879999,INTC,35832700
220,23.024648,26.780001,2012-02-14,26.780001,26.50,26.57,INTC,25409300
221,22.955866,26.700001,2012-02-13,26.84,26.52,26.83,INTC,24723000
222,22.955866,26.700001,2012-02-10,26.790001,26.450001,26.74,INTC,33616000
223,23.093429,26.860001,2012-02-09,27.00,26.790001,26.91,INTC,35754200
224,23.084831,26.85,2012-02-08,26.99,26.610001,26.66,INTC,37072100
225,22.904279,26.639999,2012-02-07,26.74,26.43,26.629999,INTC,33101300
226,22.97306,26.719999,2012-02-06,26.73,26.360001,26.549999,INTC,36772600
227,22.990256,26.74,2012-02-03,26.950001,26.58,26.67,INTC,42191600
228,22.594762,26.49,2012-02-02,26.74,26.459999,26.59,INTC,34780300
229,22.645938,26.549999,2012-02-01,26.84,26.51,26.74,INTC,46330600
230,22.535055,26.42,2012-01-31,26.799999,26.280001,26.790001,INTC,45325300
231,22.808,26.74,2012-01-30,26.799999,26.27,26.51,INTC,60694100
232,22.79947,26.73,2012-01-27,26.84,26.59,26.66,INTC,50587400
233,22.81653,26.75,2012-01-26,27.00,26.60,26.950001,INTC,61678200
234,22.944473,26.90,2012-01-25,26.950001,26.50,26.84,INTC,54757900
235,22.944473,26.90,2012-01-24,26.98,26.610001,26.700001,INTC,56220400
236,22.782411,26.709999,2012-01-23,26.889999,26.34,26.35,INTC,69663500
237,22.500936,26.379999,2012-01-20,26.469999,25.50,25.870001,INTC,101272500
238,21.86122,25.629999,2012-01-19,25.68,25.370001,25.52,INTC,64946300
239,21.656511,25.389999,2012-01-18,25.48,25.01,25.129999,INTC,62687000
240,21.357979,25.040001,2012-01-17,25.40,24.969999,25.18,INTC,60438600
241,21.443273,25.139999,2012-01-13,25.719999,25.10,25.690001,INTC,63313400
242,21.963575,25.75,2012-01-12,25.90,25.540001,25.85,INTC,44420500
243,22.006223,25.799999,2012-01-11,25.889999,25.34,25.43,INTC,57170000
244,21.827103,25.59,2012-01-10,25.92,25.51,25.709999,INTC,41060900
245,21.724748,25.469999,2012-01-09,25.559999,25.219999,25.40,INTC,47478600
246,21.537098,25.25,2012-01-06,25.40,25.01,25.209999,INTC,36343500
247,21.665041,25.40,2012-01-05,25.450001,24.98,25.059999,INTC,49490600
248,21.417685,25.110001,2012-01-04,25.129999,24.530001,24.57,INTC,47504000
249,20.931501,24.540001,2012-01-03,24.889999,24.389999,24.620001,INTC,44845600
250,20.684144,24.25,2011-12-30,24.620001,24.25,24.43,INTC,21710100
251,20.94003,24.549999,2011-12-29,24.58,24.280001,24.360001,INTC,22319300
252,20.667084,24.23,2011-12-28,24.559999,24.18,24.52,INTC,23703400
253,20.948559,24.559999,2011-12-27,24.700001,24.40,24.450001,INTC,24136000
254,20.812087,24.40,2011-12-23,24.40,24.040001,24.129999,INTC,24832700
255,20.487965,24.02,2011-12-22,24.10,23.76,23.83,INTC,32002200
256,20.19796,23.68,2011-12-21,24.09,23.43,23.950001,INTC,45222100
257,20.334433,23.84,2011-12-20,23.98,23.440001,23.49,INTC,46309500
258,19.703247,23.10,2011-12-19,23.48,23.049999,23.389999,INTC,42243000
259,19.81413,23.23,2011-12-16,23.889999,23.23,23.469999,INTC,94567200
260,19.882366,23.309999,2011-12-15,23.67,23.25,23.58,INTC,38692600
261,19.882366,23.309999,2011-12-14,23.559999,23.139999,23.48,INTC,56395100
262,20.095605,23.559999,2011-12-13,24.059999,23.42,24.049999,INTC,78519000
263,20.470905,24.00,2011-12-12,24.290001,23.610001,24.18,INTC,94831300
264,21.332389,25.01,2011-12-09,25.10,24.379999,24.41,INTC,44071500
265,21.076502,24.709999,2011-12-08,25.530001,24.629999,25.450001,INTC,58000600
266,21.886809,25.66,2011-12-07,25.780001,25.129999,25.33,INTC,54791500
267,21.622394,25.35,2011-12-06,25.48,25.00,25.09,INTC,49516000
268,21.332389,25.01,2011-12-05,25.200001,24.790001,25.030001,INTC,42526800
269,21.016796,24.639999,2011-12-02,25.139999,24.60,25.01,INTC,41486500
270,21.255623,24.92,2011-12-01,24.969999,24.40,24.870001,INTC,51820400
271,21.247094,24.91,2011-11-30,24.940001,24.23,24.280001,INTC,73450200
272,20.112664,23.58,2011-11-29,23.90,23.42,23.49,INTC,44191100
273,20.010309,23.459999,2011-11-28,23.57,23.25,23.280001,INTC,39753000
274,19.387653,22.73,2011-11-25,23.219999,22.51,22.549999,INTC,28346900
275,19.362065,22.700001,2011-11-23,23.139999,22.690001,23.040001,INTC,52698400
276,19.82266,23.24,2011-11-22,23.530001,23.09,23.379999,INTC,48479200
277,20.104135,23.57,2011-11-21,24.15,23.35,24.030001,INTC,58579300
278,20.718263,24.290001,2011-11-18,24.43,24.02,24.17,INTC,45683600
279,20.76091,24.34,2011-11-17,24.950001,24.120001,24.90,INTC,62125300
280,21.272683,24.940001,2011-11-16,25.50,24.879999,25.129999,INTC,74241700
281,21.613864,25.34,2011-11-15,25.459999,24.620001,24.66,INTC,77391300
282,21.008266,24.629999,2011-11-14,24.90,24.48,24.780001,INTC,49418100
283,21.195917,24.85,2011-11-11,24.90,24.299999,24.309999,INTC,43867200
284,20.522082,24.059999,2011-11-10,24.25,23.74,24.139999,INTC,45508700
285,20.334433,23.84,2011-11-09,24.32,23.799999,24.24,INTC,56872200
286,21.110621,24.75,2011-11-08,24.77,24.26,24.48,INTC,55961900
287,20.709733,24.280001,2011-11-07,24.309999,23.629999,23.700001,INTC,51137900
288,20.249137,23.74,2011-11-04,24.07,23.66,24.040001,INTC,46476000
289,20.641497,24.200001,2011-11-03,24.23,23.280001,23.790001,INTC,58297700
290,20.163842,23.85,2011-11-02,24.059999,23.549999,24.02,INTC,56626000
291,20.206113,23.90,2011-11-01,24.35,23.82,24.110001,INTC,68002400
292,20.747199,24.540001,2011-10-31,24.92,24.49,24.57,INTC,43121800
293,21.119193,24.98,2011-10-28,25.030001,24.73,24.870001,INTC,44897400
294,21.246009,25.129999,2011-10-27,25.200001,24.85,24.93,INTC,84559200
295,20.88247,24.700001,2011-10-26,24.84,24.34,24.799999,INTC,58249900
296,20.823287,24.629999,2011-10-25,24.85,24.389999,24.469999,INTC,60939200
297,20.78947,24.59,2011-10-24,24.790001,24.02,24.049999,INTC,138273600
298,20.316022,24.030001,2011-10-21,24.25,23.799999,23.860001,INTC,123273100
299,19.960935,23.610001,2011-10-20,23.879999,23.35,23.879999,INTC,88682000
300,20.493564,24.24,2011-10-19,24.50,23.860001,24.01,INTC,139956200
301,19.783391,23.40,2011-10-18,23.49,23.07,23.17,INTC,85272200
302,19.681939,23.280001,2011-10-17,23.60,23.139999,23.32,INTC,47936100
303,19.867936,23.50,2011-10-14,23.50,23.25,23.440001,INTC,44894100
304,19.774937,23.389999,2011-10-13,23.459999,22.959999,23.02,INTC,51288900
305,19.546668,23.120001,2011-10-12,23.280001,22.98,23.00,INTC,59913300
306,19.436759,22.99,2011-10-11,23.00,22.610001,22.76,INTC,50604700
307,19.34376,22.879999,2011-10-10,22.889999,22.469999,22.48,INTC,40172800
308,18.844949,22.290001,2011-10-07,22.50,21.91,22.07,INTC,58425800
309,18.625134,22.030001,2011-10-06,22.049999,21.67,21.92,INTC,58483000
310,18.472954,21.85,2011-10-05,21.969999,21.059999,21.25,INTC,70932100
311,17.940323,21.219999,2011-10-04,21.27,20.40,20.450001,INTC,77896900
312,17.433058,20.620001,2011-10-03,21.40,20.57,21.18,INTC,95768300
313,18.041777,21.34,2011-09-30,22.07,21.33,21.93,INTC,64453700
314,18.777312,22.209999,2011-09-29,22.60,21.870001,22.379999,INTC,85510500
315,18.861857,22.309999,2011-09-28,22.709999,22.299999,22.610001,INTC,74789100
316,19.05631,22.540001,2011-09-27,22.98,22.370001,22.50,INTC,88219700
317,18.802676,22.24,2011-09-26,22.440001,21.790001,22.16,INTC,64847800
318,18.735041,22.16,2011-09-23,22.27,21.219999,21.389999,INTC,74135600
319,18.278502,21.620001,2011-09-22,21.90,21.34,21.549999,INTC,94232800
320,18.549044,21.940001,2011-09-21,22.50,21.90,22.18,INTC,66811700
321,18.768859,22.200001,2011-09-20,22.469999,21.860001,21.99,INTC,71495200
322,18.540589,21.93,2011-09-19,22.059999,21.629999,21.77,INTC,57738000
323,18.574406,21.969999,2011-09-16,22.09,21.43,21.65,INTC,90738900
324,18.210866,21.540001,2011-09-15,21.67,21.219999,21.309999,INTC,53239300
325,17.85578,21.120001,2011-09-14,21.40,20.709999,20.889999,INTC,58352700
326,17.551419,20.76,2011-09-13,20.90,20.209999,20.32,INTC,60222400
327,17.145607,20.280001,2011-09-12,20.290001,19.52,19.530001,INTC,53318000
328,16.655249,19.700001,2011-09-09,20.219999,19.66,19.75,INTC,61406600
329,16.824337,19.90,2011-09-08,20.299999,19.809999,20.049999,INTC,42985100
330,16.976517,20.08,2011-09-07,20.139999,19.860001,20.02,INTC,46090100
331,16.519978,19.540001,2011-09-06,19.58,19.16,19.25,INTC,44255600
332,16.604521,19.639999,2011-09-02,19.93,19.57,19.799999,INTC,42807600
333,16.900427,19.99,2011-09-01,20.35,19.99,20.280001,INTC,40781200
334,17.018789,20.129999,2011-08-31,20.41,20.02,20.23,INTC,55288500
335,17.111788,20.24,2011-08-30,20.35,19.92,20.190001,INTC,39098800
336,17.162514,20.299999,2011-08-29,20.309999,19.83,19.940001,INTC,40646100
337,16.71443,19.77,2011-08-26,19.969999,19.27,19.43,INTC,53819400
338,16.418524,19.42,2011-08-25,19.879999,19.40,19.83,INTC,51597200
339,16.739792,19.799999,2011-08-24,19.879999,19.370001,19.58,INTC,53521400
340,16.663702,19.709999,2011-08-23,19.709999,19.299999,19.360001,INTC,54210800
341,16.384706,19.379999,2011-08-22,19.68,19.26,19.549999,INTC,48904000
342,16.224072,19.190001,2011-08-19,19.959999,19.16,19.610001,INTC,79157400
343,16.71443,19.77,2011-08-18,20.18,19.549999,20.15,INTC,92196400
344,17.475329,20.67,2011-08-17,20.98,20.40,20.58,INTC,51304900
345,17.576783,20.790001,2011-08-16,21.07,20.50,20.74,INTC,44763700
346,17.661326,20.889999,2011-08-15,20.93,20.629999,20.75,INTC,46288900
347,17.45842,20.65,2011-08-12,20.91,20.559999,20.780001,INTC,54183200
348,17.551419,20.76,2011-08-11,21.00,20.07,20.139999,INTC,75327100
349,16.849701,19.93,2011-08-10,20.51,19.77,20.27,INTC,95403800
350,17.416148,20.60,2011-08-09,20.620001,19.52,20.280001,INTC,116628500
351,17.001881,20.110001,2011-08-08,20.870001,20.08,20.24,INTC,137491600
352,17.576783,20.790001,2011-08-05,21.200001,20.209999,21.00,INTC,101800300
353,17.627509,20.85,2011-08-04,21.809999,20.84,21.469999,INTC,86743900
354,18.439135,21.809999,2011-08-03,21.969999,21.35,21.60,INTC,65640300
355,18.185502,21.719999,2011-08-02,22.190001,21.709999,22.01,INTC,56976600
356,18.620882,22.24,2011-08-01,22.690001,21.90,22.57,INTC,51674300
357,18.696237,22.33,2011-07-29,22.620001,22.219999,22.35,INTC,51897500
358,18.880436,22.549999,2011-07-28,22.879999,22.33,22.469999,INTC,36736700
359,18.863691,22.530001,2011-07-27,22.75,22.35,22.65,INTC,59198500
360,19.17348,22.90,2011-07-26,23.15,22.83,23.030001,INTC,45573600
361,19.282326,23.030001,2011-07-25,23.280001,22.799999,22.940001,INTC,40716100
362,19.366052,23.129999,2011-07-22,23.25,22.780001,22.940001,INTC,45085500
363,19.098126,22.809999,2011-07-21,22.879999,22.17,22.35,INTC,80125400
364,19.248835,22.99,2011-07-20,23.219999,22.90,23.10,INTC,57158800
365,19.307443,23.059999,2011-07-19,23.10,22.440001,22.440001,INTC,55706900
366,18.654374,22.280001,2011-07-18,22.43,22.08,22.290001,INTC,45195400
367,18.729728,22.370001,2011-07-15,22.559999,22.200001,22.27,INTC,49959400
368,18.646001,22.27,2011-07-14,22.700001,22.209999,22.559999,INTC,47571900
369,18.821827,22.48,2011-07-13,22.73,22.32,22.57,INTC,43265500
370,18.79671,22.450001,2011-07-12,22.719999,22.24,22.620001,INTC,51048100
371,19.131618,22.85,2011-07-11,22.98,22.73,22.84,INTC,34663100
372,19.332562,23.09,2011-07-08,23.200001,22.809999,22.959999,INTC,35838800
373,19.449779,23.23,2011-07-07,23.389999,22.860001,22.889999,INTC,53107000
374,19.04789,22.75,2011-07-06,22.82,22.440001,22.450001,INTC,43269800
375,18.788337,22.440001,2011-07-05,22.690001,22.360001,22.690001,INTC,33358200
376,18.863691,22.530001,2011-07-01,22.58,22.10,22.209999,INTC,35837100
377,18.553901,22.16,2011-06-30,22.219999,21.48,21.48,INTC,53930200
378,17.909203,21.389999,2011-06-29,21.57,21.309999,21.530001,INTC,31660400
379,17.99293,21.49,2011-06-28,21.540001,21.26,21.42,INTC,36515100
380,17.86734,21.34,2011-06-27,21.48,21.00,21.17,INTC,45183400
381,17.750123,21.200001,2011-06-24,21.74,21.18,21.610001,INTC,124407700
382,18.177129,21.709999,2011-06-23,21.719999,21.059999,21.200001,INTC,54189000
383,17.917576,21.40,2011-06-22,21.610001,21.379999,21.540001,INTC,37679600
384,18.126893,21.65,2011-06-21,21.690001,21.219999,21.459999,INTC,55384300
385,17.858967,21.33,2011-06-20,21.42,21.17,21.190001,INTC,37358400
386,17.74175,21.190001,2011-06-17,21.68,21.07,21.68,INTC,96504000
387,17.934321,21.42,2011-06-16,21.790001,21.27,21.459999,INTC,53634800
388,17.934321,21.42,2011-06-15,21.83,21.40,21.68,INTC,48556700
389,18.269229,21.82,2011-06-14,21.92,21.549999,21.60,INTC,51995000
390,17.909203,21.389999,2011-06-13,21.60,21.280001,21.43,INTC,43550000
391,17.90083,21.379999,2011-06-10,21.799999,21.26,21.73,INTC,53233300
392,18.218993,21.76,2011-06-09,22.01,21.700001,21.870001,INTC,36986100
393,18.269229,21.82,2011-06-08,22.129999,21.73,21.959999,INTC,49513200
394,18.470174,22.059999,2011-06-07,22.440001,22.00,22.040001,INTC,60300000
395,18.277602,21.83,2011-06-06,21.950001,21.66,21.74,INTC,49667100
396,18.193875,21.73,2011-06-03,22.10,21.67,21.790001,INTC,53937700
397,18.495292,22.09,2011-06-02,22.33,21.860001,22.01,INTC,53445700
398,18.419938,22.00,2011-06-01,22.48,21.98,22.450001,INTC,56011400
399,18.846946,22.51,2011-05-31,22.639999,22.32,22.450001,INTC,59575300
400,18.595764,22.209999,2011-05-27,22.52,22.110001,22.459999,INTC,67162300
401,18.838573,22.50,2011-05-26,22.639999,22.450001,22.620001,INTC,44432200
402,18.989282,22.68,2011-05-25,22.83,22.41,22.52,INTC,49375900
403,18.930673,22.610001,2011-05-24,22.91,22.59,22.889999,INTC,51736300
404,19.13999,22.860001,2011-05-23,23.030001,22.76,22.92,INTC,64900000
405,19.441407,23.219999,2011-05-20,23.540001,23.15,23.459999,INTC,63124700
406,19.709334,23.540001,2011-05-19,23.870001,23.200001,23.32,INTC,98367500
407,19.994005,23.879999,2011-05-18,23.959999,23.52,23.60,INTC,65592900
408,19.717706,23.549999,2011-05-17,23.57,23.08,23.370001,INTC,86074100
409,19.79306,23.639999,2011-05-16,23.950001,23.27,23.32,INTC,74471600
410,19.600488,23.41,2011-05-13,23.799999,23.360001,23.66,INTC,53099500
411,19.851669,23.709999,2011-05-12,23.83,23.23,23.25,INTC,66300000
412,19.600488,23.41,2011-05-11,23.629999,23.200001,23.290001,INTC,85800000
413,19.282326,23.030001,2011-05-10,23.200001,22.82,22.85,INTC,66314300
414,19.056263,22.76,2011-05-09,23.200001,22.65,23.129999,INTC,73296400
415,19.466525,23.25,2011-05-06,23.59,23.129999,23.459999,INTC,100005900
416,19.767943,23.610001,2011-05-05,23.860001,23.17,23.43,INTC,94292200
417,19.675843,23.50,2011-05-04,23.559999,22.719999,23.049999,INTC,137107200
418,19.298235,23.23,2011-05-03,23.459999,22.67,22.809999,INTC,110500000
419,19.032396,22.91,2011-05-02,23.18,22.809999,23.02,INTC,71970500
420,19.231775,23.15,2011-04-29,23.190001,22.629999,22.799999,INTC,156189000
421,18.941013,22.799999,2011-04-28,22.870001,22.450001,22.450001,INTC,55000000
422,18.799787,22.629999,2011-04-27,22.68,22.33,22.540001,INTC,68452900
423,18.675175,22.48,2011-04-26,22.530001,21.809999,21.82,INTC,105300000
424,18.226573,21.940001,2011-04-25,22.01,21.33,21.370001,INTC,81676700
425,17.827813,21.459999,2011-04-21,21.49,21.190001,21.389999,INTC,77640100
426,17.786277,21.41,2011-04-20,21.440001,20.940001,21.209999,INTC,174554500
427,16.498621,19.860001,2011-04-19,19.98,19.620001,19.67,INTC,81426500
428,16.299242,19.620001,2011-04-18,19.74,19.450001,19.530001,INTC,46481400
429,16.407238,19.75,2011-04-15,19.75,19.530001,19.60,INTC,44283000
430,16.266011,19.58,2011-04-14,19.66,19.41,19.639999,INTC,52706900
431,16.432161,19.780001,2011-04-13,19.950001,19.719999,19.879999,INTC,38977500
432,16.415546,19.76,2011-04-12,20.07,19.690001,20.01,INTC,52110300
433,16.714615,20.120001,2011-04-11,20.200001,20.01,20.07,INTC,43166300
434,16.63154,20.02,2011-04-08,20.200001,19.950001,20.040001,INTC,46474900
435,16.639848,20.030001,2011-04-07,20.09,19.82,19.92,INTC,51606400
436,16.573388,19.950001,2011-04-06,19.950001,19.709999,19.860001,INTC,56267400
437,16.374008,19.709999,2011-04-05,19.879999,19.549999,19.59,INTC,62605700
438,16.191244,19.49,2011-04-04,19.799999,19.360001,19.790001,INTC,69372800
439,16.382315,19.719999,2011-04-01,20.379999,19.559999,20.379999,INTC,82621500
440,16.764459,20.18,2011-03-31,20.370001,19.940001,20.290001,INTC,87528000
441,16.997067,20.459999,2011-03-30,20.459999,20.110001,20.42,INTC,54565700
442,16.847534,20.280001,2011-03-29,20.290001,19.98,20.27,INTC,59545200
443,16.897379,20.34,2011-03-28,20.66,20.33,20.440001,INTC,37109400
444,16.922301,20.370001,2011-03-25,20.60,20.209999,20.299999,INTC,52478400
445,16.930608,20.379999,2011-03-24,20.51,20.280001,20.51,INTC,49378300
446,16.855842,20.290001,2011-03-23,20.360001,20.01,20.09,INTC,37924600
447,16.739536,20.15,2011-03-22,20.209999,19.98,20.18,INTC,45962800
448,16.772767,20.190001,2011-03-21,20.389999,19.879999,19.90,INTC,43392300
449,16.556773,19.93,2011-03-18,20.15,19.879999,19.98,INTC,74001300
450,16.53185,19.90,2011-03-17,20.059999,19.799999,20.02,INTC,59048300
451,16.457082,19.809999,2011-03-16,20.370001,19.709999,20.030001,INTC,84812700
452,16.764459,20.18,2011-03-15,20.33,20.01,20.23,INTC,80464000
453,17.312752,20.84,2011-03-14,20.879999,20.620001,20.66,INTC,48954200
454,17.337675,20.870001,2011-03-11,20.959999,20.610001,20.629999,INTC,45640700
455,17.271215,20.790001,2011-03-10,21.02,20.719999,20.940001,INTC,69121300
456,17.611821,21.200001,2011-03-09,21.34,20.940001,21.08,INTC,60415900
457,17.553667,21.129999,2011-03-08,21.26,21.02,21.26,INTC,57165700
458,17.620127,21.209999,2011-03-07,21.74,21.08,21.690001,INTC,57520200
459,17.910888,21.559999,2011-03-04,22.08,21.40,21.879999,INTC,64664800
460,18.101961,21.790001,2011-03-03,21.879999,21.65,21.66,INTC,50504000
461,17.852736,21.49,2011-03-02,21.700001,21.40,21.42,INTC,52192300
462,17.769661,21.389999,2011-03-01,21.690001,21.35,21.610001,INTC,57987400
463,17.836121,21.469999,2011-02-28,21.84,21.370001,21.75,INTC,66390100
464,18.160113,21.860001,2011-02-25,22.00,21.459999,21.52,INTC,53475700
465,17.686588,21.290001,2011-02-24,21.41,21.030001,21.10,INTC,54496400
466,17.570283,21.15,2011-02-23,21.719999,21.01,21.700001,INTC,83648300
467,18.118575,21.809999,2011-02-22,22.190001,21.73,21.950001,INTC,64515600
468,18.392721,22.139999,2011-02-18,22.209999,22.01,22.09,INTC,55060500
469,18.251494,21.969999,2011-02-17,22.059999,21.67,21.68,INTC,50185500
470,18.068731,21.75,2011-02-16,21.879999,21.43,21.57,INTC,55214100
471,17.819507,21.450001,2011-02-15,21.549999,21.280001,21.48,INTC,50640200
472,17.919196,21.57,2011-02-14,21.799999,21.50,21.629999,INTC,45134600
473,18.077038,21.76,2011-02-11,21.85,21.52,21.629999,INTC,43716600
474,18.110267,21.799999,2011-02-10,21.84,21.35,21.43,INTC,56661800
475,17.827813,21.459999,2011-02-09,21.60,21.42,21.530001,INTC,44601400
476,17.977348,21.639999,2011-02-08,21.68,21.40,21.65,INTC,48215100
477,18.018886,21.690001,2011-02-07,21.860001,21.629999,21.74,INTC,43643100
478,18.010579,21.68,2011-02-04,21.700001,21.43,21.469999,INTC,39353500
479,17.919196,21.57,2011-02-03,21.65,21.299999,21.41,INTC,39846000
480,17.760523,21.559999,2011-02-02,21.709999,21.469999,21.48,INTC,46928100
481,17.694621,21.48,2011-02-01,21.700001,21.280001,21.49,INTC,60971000
482,17.678145,21.459999,2011-01-31,21.639999,21.030001,21.549999,INTC,90844300
483,17.678145,21.459999,2011-01-28,21.889999,21.35,21.76,INTC,55193100
484,17.91704,21.75,2011-01-27,21.940001,21.65,21.76,INTC,58069200
485,17.91704,21.75,2011-01-26,21.90,21.66,21.77,INTC,57196100
486,17.752285,21.549999,2011-01-25,21.57,21.17,21.280001,INTC,72327200
487,17.496916,21.24,2011-01-24,21.24,20.93,21.030001,INTC,82375700
488,17.150932,20.82,2011-01-21,21.040001,20.809999,20.950001,INTC,63697600
489,17.258023,20.950001,2011-01-20,20.950001,20.620001,20.940001,INTC,56170800
490,17.307449,21.01,2011-01-19,21.129999,20.950001,21.07,INTC,43339000
491,17.365113,21.08,2011-01-18,21.200001,20.940001,21.030001,INTC,55272100
492,17.365113,21.08,2011-01-14,21.42,20.969999,21.35,INTC,154888800
493,17.538106,21.290001,2011-01-13,21.32,21.08,21.26,INTC,104066300
494,17.546342,21.299999,2011-01-12,21.33,21.07,21.27,INTC,53380600
495,17.340399,21.049999,2011-01-11,21.120001,20.74,20.83,INTC,64452600
496,17.043842,20.690001,2011-01-10,20.77,20.57,20.709999,INTC,51449700
497,17.019128,20.66,2011-01-07,20.77,20.27,20.709999,INTC,74806100
498,17.109744,20.77,2011-01-06,20.82,20.549999,20.67,INTC,116669000
499,17.249785,20.940001,2011-01-05,21.209999,20.90,21.190001,INTC,61810500
500,17.422777,21.15,2011-01-04,21.200001,21.049999,21.120001,INTC,75206200
501,17.175646,20.85,2011-01-03,21.049999,20.780001,21.01,INTC,58223800
