,Adj_Close,Close,Date,High,Low,Open,Symbol,Volume
0,530.659973,530.659973,2014-12-31,538.400024,530.200012,537.73999,GOOGL,1232400
1,535.280029,535.280029,2014-12-30,537.840027,533.609985,534.960022,GOOGL,1048600
2,537.309998,537.309998,2014-12-29,543.929993,537.159973,540.50,GOOGL,2215000
3,541.52002,541.52002,2014-12-26,543.25,535.48999,536.929993,GOOGL,1113500
4,536.929993,536.929993,2014-12-24,540.289978,535.099976,538.820007,GOOGL,737700
5,538.77002,538.77002,2014-12-23,542.299988,533.719971,534.51001,GOOGL,2877200
6,532.299988,532.299988,2014-12-22,532.969971,520.590027,520.609985,GOOGL,3319500
7,520.039978,520.039978,2014-12-19,520.809998,508.859985,516.98999,GOOGL,4872100
8,514.619995,514.619995,2014-12-18,516.25,506.559998,515.98999,GOOGL,3876700
9,506.450012,506.450012,2014-12-17,509.070007,499.109985,499.859985,GOOGL,3639400
10,498.160004,498.160004,2014-12-16,515.580017,497.190002,513.599976,GOOGL,4349900
11,515.840027,515.840027,2014-12-15,525.369995,515.400024,523.76001,GOOGL,2617600
12,521.51001,521.51001,2014-12-12,532.23999,521.460022,527.440002,GOOGL,2365700
13,532.109985,532.109985,2014-12-11,537.039978,529.159973,530.01001,GOOGL,2071300
14,528.039978,528.039978,2014-12-10,539.359985,527.48999,535.900024,GOOGL,2311100
15,536.109985,536.109985,2014-12-09,536.650024,523.409973,525.880005,GOOGL,2166100
16,530.72998,530.72998,2014-12-08,533.820007,527.00,529.219971,GOOGL,3228300
17,528.080017,528.080017,2014-12-05,538.200012,527.26001,536.700012,GOOGL,3070100
18,542.580017,542.580017,2014-12-04,542.690002,534.890015,537.640015,GOOGL,1629900
19,536.969971,536.969971,2014-12-03,541.409973,535.210022,537.50,GOOGL,1623800
20,538.590027,538.590027,2014-12-02,541.849976,534.659973,539.450012,GOOGL,2074000
21,539.650024,539.650024,2014-12-01,548.789978,538.619995,545.090027,GOOGL,1994400
22,549.080017,549.080017,2014-11-28,549.599976,544.47998,547.00,GOOGL,1210100
23,547.72998,547.72998,2014-11-26,549.880005,545.22998,549.22998,GOOGL,1480200
24,549.22998,549.22998,2014-11-25,552.50,546.909973,547.210022,GOOGL,1903600
25,547.47998,547.47998,2014-11-24,551.190002,544.150024,546.570007,GOOGL,1653800
26,545.890015,545.890015,2014-11-21,551.039978,545.00,551.039978,GOOGL,2506000
27,543.76001,543.76001,2014-11-20,545.380005,541.50,542.090027,GOOGL,1750800
28,547.200012,547.200012,2014-11-19,548.219971,539.190002,544.75,GOOGL,1517300
29,544.51001,544.51001,2014-11-18,552.789978,543.799988,547.929993,GOOGL,1822000
30,546.640015,546.640015,2014-11-17,555.190002,544.440002,555.190002,GOOGL,1680600
31,555.190002,555.190002,2014-11-14,558.00,552.51001,558.00,GOOGL,1425100
32,556.440002,556.440002,2014-11-13,560.820007,554.090027,560.809998,GOOGL,1511000
33,558.25,558.25,2014-11-12,561.25,555.50,561.150024,GOOGL,1094100
34,561.289978,561.289978,2014-11-11,562.50,556.23999,558.52002,GOOGL,1098300
35,558.22998,558.22998,2014-11-10,560.630005,551.619995,552.400024,GOOGL,1304500
36,551.820007,551.820007,2014-11-07,555.599976,549.349976,555.599976,GOOGL,1589100
37,551.690002,551.690002,2014-11-06,556.799988,550.580017,555.50,GOOGL,1650700
38,555.950012,555.950012,2014-11-05,566.900024,554.150024,566.789978,GOOGL,1645300
39,564.190002,564.190002,2014-11-04,564.789978,558.299988,561.159973,GOOGL,1386300
40,563.77002,563.77002,2014-11-03,567.150024,561.630005,563.530029,GOOGL,1541700
41,567.869995,567.869995,2014-10-31,568.72998,564.809998,568.299988,GOOGL,2340500
42,560.27002,560.27002,2014-10-30,562.50,552.130005,558.25,GOOGL,1612500
43,558.450012,558.450012,2014-10-29,564.969971,555.97998,560.849976,GOOGL,2053300
44,558.940002,558.940002,2014-10-28,559.200012,550.429993,551.710022,GOOGL,1738700
45,549.880005,549.880005,2014-10-27,554.00,547.200012,547.76001,GOOGL,1596700
46,548.900024,548.900024,2014-10-24,555.00,545.159973,554.97998,GOOGL,2175400
47,553.650024,553.650024,2014-10-23,557.400024,545.50,548.280029,GOOGL,2151300
48,542.690002,542.690002,2014-10-22,550.76001,540.22998,541.049988,GOOGL,2973700
49,538.030029,538.030029,2014-10-21,538.77002,530.200012,537.27002,GOOGL,2459500
50,532.380005,532.380005,2014-10-20,533.159973,519.140015,520.450012,GOOGL,2748200
51,522.969971,522.969971,2014-10-17,543.450012,518.409973,540.450012,GOOGL,5996500
52,536.919983,536.919983,2014-10-16,540.98999,524.950012,527.00,GOOGL,3805000
53,540.72998,540.72998,2014-10-15,543.919983,528.419983,542.080017,GOOGL,3836000
54,548.690002,548.690002,2014-10-14,558.630005,544.50,550.140015,GOOGL,2609900
55,544.75,544.75,2014-10-13,560.880005,544.429993,555.130005,GOOGL,2755800
56,555.190002,555.190002,2014-10-10,575.22998,555.01001,567.469971,GOOGL,2978700
57,570.809998,570.809998,2014-10-09,582.530029,569.030029,581.609985,GOOGL,2411700
58,583.73999,583.73999,2014-10-08,584.690002,567.640015,574.789978,GOOGL,2207900
59,574.099976,574.099976,2014-10-07,585.849976,574.099976,584.900024,GOOGL,1545700
60,587.780029,587.780029,2014-10-06,592.400024,585.400024,589.950012,GOOGL,1286100
61,586.25,586.25,2014-10-03,588.289978,583.50,584.099976,GOOGL,1214500
62,580.880005,580.880005,2014-10-02,583.23999,574.049988,578.00,GOOGL,1536300
63,579.630005,579.630005,2014-10-01,588.719971,578.02002,586.799988,GOOGL,1447700
64,588.409973,588.409973,2014-09-30,591.00,584.50,587.48999,GOOGL,1571500
65,587.809998,587.809998,2014-09-29,589.309998,581.570007,581.830017,GOOGL,1143700
66,587.900024,587.900024,2014-09-26,589.570007,585.00,585.929993,GOOGL,1289100
67,585.25,585.25,2014-09-25,598.070007,584.73999,596.98999,GOOGL,1671000
68,598.419983,598.419983,2014-09-24,600.109985,590.299988,591.570007,GOOGL,1758000
69,591.179993,591.179993,2014-09-23,596.650024,590.23999,595.00,GOOGL,1403700
70,597.27002,597.27002,2014-09-22,603.799988,593.119995,602.50,GOOGL,1782200
71,605.400024,605.400024,2014-09-19,605.400024,597.76001,599.48999,GOOGL,4191600
72,597.27002,597.27002,2014-09-18,597.559998,593.02002,595.049988,GOOGL,1494500
73,593.289978,593.289978,2014-09-17,596.070007,587.119995,589.51001,GOOGL,1719500
74,588.780029,588.780029,2014-09-16,590.150024,580.950012,580.950012,GOOGL,1579600
75,581.640015,581.640015,2014-09-15,583.919983,577.01001,582.23999,GOOGL,1545400
76,584.900024,584.900024,2014-09-12,591.47998,583.280029,590.390015,GOOGL,1851500
77,591.109985,591.109985,2014-09-11,591.950012,586.039978,590.00,GOOGL,1501400
78,593.419983,593.419983,2014-09-10,593.719971,587.140015,591.73999,GOOGL,1160100
79,591.969971,591.969971,2014-09-09,600.599976,590.47998,600.27002,GOOGL,1571200
80,601.630005,601.630005,2014-09-08,603.52002,598.02002,599.140015,GOOGL,1599200
81,597.780029,597.780029,2014-09-05,598.50,593.549988,595.130005,GOOGL,1799100
82,593.140015,593.140015,2014-09-04,598.00,590.599976,592.130005,GOOGL,1630800
83,589.52002,589.52002,2014-09-03,594.48999,586.50,591.72998,GOOGL,1579000
84,588.630005,588.630005,2014-09-02,589.299988,582.400024,582.950012,GOOGL,1583000
85,582.359985,582.359985,2014-08-29,582.900024,578.23999,582.349976,GOOGL,1206100
86,580.320007,580.320007,2014-08-28,584.710022,577.880005,580.02002,GOOGL,1405800
87,583.00,583.00,2014-08-27,589.369995,580.900024,587.809998,GOOGL,1364600
88,588.119995,588.119995,2014-08-26,592.049988,587.450012,592.00,GOOGL,1471700
89,590.570007,590.570007,2014-08-25,595.580017,589.26001,594.77002,GOOGL,1295600
90,592.539978,592.539978,2014-08-22,594.98999,589.799988,593.27002,GOOGL,877200
91,592.419983,592.419983,2014-08-21,595.25,591.099976,594.900024,GOOGL,1132000
92,595.409973,595.409973,2014-08-20,596.98999,593.00,596.950012,GOOGL,967300
93,597.109985,597.109985,2014-08-19,597.809998,594.440002,595.590027,GOOGL,1043200
94,592.700012,592.700012,2014-08-18,595.049988,586.549988,587.099976,GOOGL,1466000
95,583.710022,583.710022,2014-08-15,589.469971,580.76001,587.50,GOOGL,1723400
96,584.650024,584.650024,2014-08-14,587.799988,580.919983,586.690002,GOOGL,1272900
97,584.559998,584.559998,2014-08-13,586.130005,575.200012,576.450012,GOOGL,1899400
98,572.119995,572.119995,2014-08-12,575.900024,569.909973,575.00,GOOGL,1394500
99,577.25,577.25,2014-08-11,579.690002,575.299988,579.00,GOOGL,1203400
100,577.940002,577.940002,2014-08-08,579.559998,569.02002,572.02002,GOOGL,1493300
101,571.809998,571.809998,2014-08-07,578.309998,569.429993,576.049988,GOOGL,1163000
102,574.48999,574.48999,2014-08-06,578.640015,567.450012,569.50,GOOGL,1322800
103,573.140015,573.140015,2014-08-05,580.200012,570.309998,579.380005,GOOGL,1643800
104,582.27002,582.27002,2014-08-04,583.820007,572.26001,576.51001,GOOGL,1519400
105,573.599976,573.599976,2014-08-01,583.429993,570.299988,578.549988,GOOGL,2213300
106,579.549988,579.549988,2014-07-31,591.98999,577.679993,588.960022,GOOGL,2309500
107,595.440002,595.440002,2014-07-30,598.450012,592.700012,595.809998,GOOGL,1215100
108,593.950012,593.950012,2014-07-29,598.48999,592.169983,597.700012,GOOGL,1366600
109,599.02002,599.02002,2014-07-28,601.099976,592.590027,597.75,GOOGL,1358100
110,598.080017,598.080017,2014-07-25,601.00,595.75,599.25,GOOGL,1360000
111,603.01001,603.01001,2014-07-24,608.909973,601.00,605.530029,GOOGL,1355000
112,605.190002,605.190002,2014-07-23,607.049988,601.349976,602.049988,GOOGL,1106000
113,603.570007,603.570007,2014-07-22,608.890015,599.26001,599.700012,GOOGL,1881600
114,598.440002,598.440002,2014-07-21,604.159973,594.450012,601.349976,GOOGL,2237900
115,605.109985,605.109985,2014-07-18,606.700012,590.919983,603.01001,GOOGL,4871600
116,580.820007,580.820007,2014-07-17,589.50,576.849976,588.969971,GOOGL,2935300
117,590.619995,590.619995,2014-07-16,597.00,590.25,596.890015,GOOGL,1440800
118,593.059998,593.059998,2014-07-15,595.299988,585.309998,595.150024,GOOGL,1673800
119,594.26001,594.26001,2014-07-14,594.859985,586.690002,590.599976,GOOGL,1951600
120,586.650024,586.650024,2014-07-11,588.22998,580.580017,581.00,GOOGL,1511600
121,580.039978,580.039978,2014-07-10,585.25,572.099976,573.00,GOOGL,1436200
122,583.359985,583.359985,2014-07-09,584.099976,577.00,578.950012,GOOGL,1372800
123,578.400024,578.400024,2014-07-08,587.969971,574.00,586.369995,GOOGL,2125200
124,590.76001,590.76001,2014-07-07,595.650024,587.940002,593.51001,GOOGL,1336700
125,593.080017,593.080017,2014-07-03,594.25,589.00,591.700012,GOOGL,898900
126,590.780029,590.780029,2014-07-02,594.150024,589.109985,592.26001,GOOGL,1195800
127,591.48999,591.48999,2014-07-01,593.659973,586.289978,587.650024,GOOGL,1643200
128,584.669983,584.669983,2014-06-30,587.710022,583.289978,586.76001,GOOGL,1478900
129,585.690002,585.690002,2014-06-27,587.880005,582.619995,585.450012,GOOGL,2021300
130,584.77002,584.77002,2014-06-26,589.599976,579.599976,589.299988,GOOGL,2012400
131,585.929993,585.929993,2014-06-25,587.299988,573.26001,573.549988,GOOGL,2114700
132,572.539978,572.539978,2014-06-24,582.25,569.159973,574.219971,GOOGL,2844300
133,574.289978,574.289978,2014-06-23,574.440002,563.50,564.349976,GOOGL,1722800
134,566.52002,566.52002,2014-06-20,566.77002,559.369995,566.450012,GOOGL,3160600
135,564.98999,564.98999,2014-06-19,565.00,556.669983,561.150024,GOOGL,2627400
136,560.659973,560.659973,2014-06-18,561.400024,551.580017,552.799988,GOOGL,2060600
137,550.619995,550.619995,2014-06-17,553.73999,547.469971,552.359985,GOOGL,1477600
138,552.299988,552.299988,2014-06-16,557.98999,550.00,557.25,GOOGL,1971800
139,560.349976,560.349976,2014-06-13,560.650024,553.719971,560.080017,GOOGL,1353300
140,559.50,559.50,2014-06-12,567.00,557.150024,567.00,GOOGL,1546500
141,567.50,567.50,2014-06-11,568.969971,563.679993,565.919983,GOOGL,1129000
142,568.299988,568.299988,2014-06-10,572.00,566.130005,568.780029,GOOGL,1483800
143,570.72998,570.72998,2014-06-09,572.00,565.219971,566.75,GOOGL,1529700
144,566.030029,566.030029,2014-06-06,568.799988,559.580017,568.159973,GOOGL,1740200
145,564.929993,564.929993,2014-06-05,565.00,555.049988,557.109985,GOOGL,1793400
146,553.76001,553.76001,2014-06-04,558.580017,548.559998,551.52002,GOOGL,1729100
147,554.51001,554.51001,2014-06-03,562.400024,552.530029,560.900024,GOOGL,2031300
148,564.340027,564.340027,2014-06-02,570.409973,556.700012,569.75,GOOGL,1660500
149,571.650024,571.650024,2014-05-30,572.580017,565.789978,571.640015,GOOGL,1871700
150,570.559998,570.559998,2014-05-29,573.47998,568.450012,573.390015,GOOGL,1411100
151,570.450012,570.450012,2014-05-28,577.659973,569.950012,574.570007,GOOGL,1581600
152,574.869995,574.869995,2014-05-27,574.869995,564.150024,567.780029,GOOGL,2185800
153,563.799988,563.799988,2014-05-23,565.00,554.169983,558.130005,GOOGL,2672500
154,555.450012,555.450012,2014-05-22,557.960022,551.00,552.200012,GOOGL,2149700
155,549.700012,549.700012,2014-05-21,549.75,542.109985,542.900024,GOOGL,1564700
156,540.390015,540.390015,2014-05-20,546.349976,536.570007,540.00,GOOGL,2425300
157,538.830017,538.830017,2014-05-19,539.349976,525.659973,528.880005,GOOGL,1976500
158,528.299988,528.299988,2014-05-16,530.840027,523.570007,529.599976,GOOGL,1907700
159,529.119995,529.119995,2014-05-15,534.00,525.309998,533.140015,GOOGL,1832900
160,534.409973,534.409973,2014-05-14,541.820007,533.109985,541.820007,GOOGL,1280900
161,541.539978,541.539978,2014-05-13,543.98999,537.900024,539.580017,GOOGL,2012000
162,538.429993,538.429993,2014-05-12,538.75,527.51001,531.840027,GOOGL,1948400
163,526.619995,526.619995,2014-05-09,527.349976,514.280029,518.650024,GOOGL,2261200
164,520.169983,520.169983,2014-05-08,527.349976,514.460022,515.719971,GOOGL,2452000
165,518.00,518.00,2014-05-07,524.429993,511.089996,523.25,GOOGL,3074300
166,522.570007,522.570007,2014-05-06,534.549988,522.26001,533.409973,GOOGL,1835000
167,535.330017,535.330017,2014-05-05,535.719971,527.580017,530.23999,GOOGL,1228400
168,533.869995,533.869995,2014-05-02,542.400024,533.27002,541.440002,GOOGL,1780800
169,538.530029,538.530029,2014-05-01,539.909973,532.859985,534.25,GOOGL,2004300
170,534.880005,534.880005,2014-04-30,536.340027,529.090027,535.119995,GOOGL,2038500
171,536.330017,536.330017,2014-04-29,537.76001,523.00,523.890015,GOOGL,2535200
172,522.97998,522.97998,2014-04-28,525.900024,511.00,525.799988,GOOGL,3752800
173,523.099976,523.099976,2014-04-25,533.859985,522.50,532.26001,GOOGL,2370000
174,534.440002,534.440002,2014-04-24,542.50,531.00,541.690002,GOOGL,2067400
175,537.51001,537.51001,2014-04-23,544.799988,528.130005,543.669983,GOOGL,1955700
176,545.50,545.50,2014-04-22,548.00,536.00,536.00,GOOGL,2331100
177,539.369995,539.369995,2014-04-21,544.00,534.00,544.00,GOOGL,2425100
178,543.340027,543.340027,2014-04-17,557.00,539.400024,556.320007,GOOGL,5614700
179,563.900024,563.900024,2014-04-16,564.00,553.099976,557.700012,GOOGL,4582200
180,548.700012,548.700012,2014-04-15,552.890015,530.640015,551.00,GOOGL,3997800
181,545.200012,545.200012,2014-04-14,553.02002,540.52002,543.659973,GOOGL,2541200
182,537.76001,537.76001,2014-04-11,547.590027,533.400024,537.940002,GOOGL,3174700
183,546.690002,546.690002,2014-04-10,568.210022,545.50,568.00,GOOGL,3294500
184,567.039978,567.039978,2014-04-09,567.799988,555.380005,565.840027,GOOGL,3031600
185,557.51001,557.51001,2014-04-08,559.880005,544.700012,545.049988,GOOGL,3482500
186,540.630005,540.630005,2014-04-07,549.849976,530.530029,544.789978,GOOGL,3961600
187,545.25,545.25,2014-04-04,579.719971,544.48999,578.549988,GOOGL,5363700
188,571.50,571.50,2014-04-03,588.299988,566.01001,573.390015,GOOGL,4018300
189,568.11811,1135.099984,2014-04-02,1144.799992,1124.000011,1141.900062,GOOGL,4168000
190,568.013008,1134.88999,2014-04-01,1137.500048,1118.000036,1120.269981,GOOGL,4357600
191,557.812812,1114.509999,2014-03-31,1134.999987,1112.85004,1130.399977,GOOGL,3880700
192,560.635627,1120.149983,2014-03-28,1133.190031,1117.770042,1119.000011,GOOGL,4513200
193,557.6977,1114.280005,2014-03-27,1131.940062,1102.100058,1130.849966,GOOGL,7636700
194,566.551582,1131.970061,2014-03-26,1171.57007,1131.500072,1162.01006,GOOGL,5154800
195,579.939949,1158.720018,2014-03-25,1169.83999,1147.00006,1165.999962,GOOGL,4815500
196,579.544563,1157.930037,2014-03-24,1184.899989,1145.949964,1184.190006,GOOGL,6068100
197,592.112129,1183.040034,2014-03-21,1209.629995,1182.450049,1206.310076,GOOGL,6410500
198,599.179207,1197.160055,2014-03-20,1209.609996,1195.359977,1199.949987,GOOGL,3366000
199,600.225227,1199.250004,2014-03-19,1211.990059,1194.410001,1211.800064,GOOGL,3222500
200,606.236214,1211.259955,2014-03-18,1211.530071,1193.060034,1194.669994,GOOGL,3626300
201,596.646675,1192.100057,2014-03-17,1197.070058,1178.110033,1179.250005,GOOGL,4319800
202,586.987007,1172.80004,2014-03-14,1190.869965,1172.530047,1181.99006,GOOGL,4583200
203,595.12513,1189.060009,2014-03-13,1210.499974,1184.759992,1207.950036,GOOGL,4686500
204,604.25428,1207.300052,2014-03-12,1207.850039,1184.190006,1196.400074,GOOGL,3924600
205,600.595589,1199.989986,2014-03-11,1214.320003,1196.640068,1213.770016,GOOGL,3422500
206,606.391426,1211.57007,2014-03-10,1217.640044,1204.090008,1215.689969,GOOGL,2426700
207,608.002999,1214.789991,2014-03-07,1226.990059,1211.440073,1226.800064,GOOGL,3027100
208,610.415413,1219.609995,2014-03-06,1226.149958,1218.60002,1222.280052,GOOGL,2533600
209,609.739754,1218.260028,2014-03-05,1223.080033,1211.410074,1215.049985,GOOGL,2468100
210,608.063057,1214.909988,2014-03-04,1215.999962,1209.499998,1214.999986,GOOGL,2932400
211,601.946968,1202.690042,2014-03-03,1207.840039,1192.140056,1206.750065,GOOGL,4205300
212,608.433418,1215.64997,2014-02-28,1224.190006,1206.219956,1220.339978,GOOGL,4622500
213,610.215218,1219.210005,2014-02-27,1224.230005,1217.010059,1218.390025,GOOGL,2517400
214,610.695687,1220.169982,2014-02-26,1228.880013,1213.760016,1224.00001,GOOGL,3960400
215,610.610604,1219.999986,2014-02-25,1224.499998,1210.419976,1215.939963,GOOGL,2874500
216,606.861885,1212.510047,2014-02-24,1220.159982,1205.099984,1205.359977,GOOGL,3345200
217,602.497505,1203.790016,2014-02-21,1209.869989,1202.840039,1207.810039,GOOGL,3720800
218,602.657662,1204.110008,2014-02-20,1206.890062,1200.219981,1203.140031,GOOGL,3398100
219,601.771797,1202.340051,2014-02-19,1209.220005,1197.500047,1205.299979,GOOGL,4202900
220,606.046028,1210.879965,2014-02-18,1212.870038,1199.999986,1201.410074,GOOGL,4213500
221,602.002022,1202.80004,2014-02-14,1204.390001,1192.80004,1195.609971,GOOGL,4369000
222,600.550545,1199.899989,2014-02-13,1199.899989,1179.659995,1180.749968,GOOGL,3669100
223,593.938972,1186.690067,2014-02-12,1189.999986,1181.380075,1189.000011,GOOGL,3445500
224,595.685677,1190.179982,2014-02-11,1191.870063,1172.210055,1180.169982,GOOGL,4097400
225,587.052071,1172.930037,2014-02-10,1182.40005,1169.02001,1171.800065,GOOGL,3886500
226,589.309334,1177.440049,2014-02-07,1177.900038,1160.559973,1167.630044,GOOGL,5267100
227,580.560554,1159.959988,2014-02-06,1160.159983,1147.550047,1151.129959,GOOGL,3889300
228,572.172188,1143.200031,2014-02-05,1150.769968,1128.020035,1143.380026,GOOGL,4784200
229,569.649666,1138.160032,2014-02-04,1154.999987,1137.01006,1137.990036,GOOGL,5618100
230,567.282295,1133.430025,2014-02-03,1181.720066,1132.01006,1179.200006,GOOGL,9129000
231,591.076057,1180.969963,2014-01-31,1186.540071,1151.129959,1171.350076,GOOGL,11121400
232,568.263252,1135.389977,2014-01-30,1152.490048,1127.250054,1144.999987,GOOGL,10172600
233,554.014045,1106.920062,2014-01-29,1121.750066,1099.420001,1119.120009,GOOGL,4755000
234,562.067085,1123.010036,2014-01-28,1125.749969,1109.939989,1110.319979,GOOGL,4415900
235,551.166145,1101.229957,2014-01-27,1126.500072,1082.270054,1126.09996,GOOGL,8698400
236,562.477485,1123.830016,2014-01-24,1153.550022,1123.000036,1151.009962,GOOGL,7777200
237,580.630623,1160.099984,2014-01-23,1162.490048,1154.370002,1159.999987,GOOGL,3894300
238,583.093086,1165.019986,2014-01-22,1167.890038,1158.860014,1166.610069,GOOGL,3139600
239,582.432442,1163.700018,2014-01-21,1164.000011,1151.299955,1160.929964,GOOGL,3955800
240,575.840828,1150.529974,2014-01-17,1160.629971,1144.200006,1156.850063,GOOGL,5397100
241,578.688667,1156.219957,2014-01-16,1157.930037,1148.000036,1149.100009,GOOGL,3364400
242,574.884895,1148.62002,2014-01-15,1154.999987,1143.790016,1152.990036,GOOGL,3896400
243,575.275276,1149.400001,2014-01-14,1150.999962,1128.090034,1137.950037,GOOGL,4960200
244,562.05207,1122.980036,2014-01-13,1146.910062,1117.170056,1126.470073,GOOGL,4832900
245,565.655647,1130.179983,2014-01-10,1139.080009,1122.250054,1139.080009,GOOGL,4282700
246,565.685676,1130.239981,2014-01-09,1144.220006,1125.559973,1143.440025,GOOGL,4164800
247,571.186165,1141.229957,2014-01-08,1147.320052,1133.290029,1145.999962,GOOGL,4480500
248,570.000007,1138.860015,2014-01-07,1139.689994,1121.159959,1124.999987,GOOGL,5100000
249,559.219245,1117.320052,2014-01-06,1118.860015,1106.440074,1113.010036,GOOGL,3535000
250,553.053047,1104.999987,2014-01-03,1116.930062,1104.929989,1114.999987,GOOGL,3330000
251,557.117134,1113.120033,2014-01-02,1117.750042,1108.26003,1115.459976,GOOGL,3639100
252,560.915901,1120.70997,2013-12-31,1120.999963,1106.259957,1112.240054,GOOGL,2713000
253,555.285285,1109.46,2013-12-30,1120.499975,1109.020011,1120.339979,GOOGL,2469700
254,559.759773,1118.400026,2013-12-27,1120.27998,1112.940037,1119.999987,GOOGL,3136200
255,559.289314,1117.460049,2013-12-26,1119.000011,1108.690019,1114.010011,GOOGL,2672900
256,556.476509,1111.840064,2013-12-24,1115.239981,1108.100034,1114.969988,GOOGL,1466900
257,558.1081,1115.099985,2013-12-23,1115.799968,1105.119984,1107.84004,GOOGL,3439700
258,550.860847,1100.619972,2013-12-20,1101.169959,1088.000036,1088.300029,GOOGL,6516600
259,543.653632,1086.219958,2013-12-19,1091.990061,1079.08001,1080.769969,GOOGL,3328000
260,542.917915,1084.749994,2013-12-18,1084.949989,1059.040011,1071.850064,GOOGL,4416100
261,535.465461,1069.859991,2013-12-17,1080.759969,1068.380027,1072.820041,GOOGL,3068300
262,537.027045,1072.980037,2013-12-16,1074.689995,1062.010061,1064.000012,GOOGL,3200700
263,530.92591,1060.789969,2013-12-13,1076.289956,1057.890039,1075.399978,GOOGL,4320400
264,535.51551,1069.959989,2013-12-12,1082.940038,1069.000012,1079.569998,GOOGL,3189800
265,539.184211,1077.290054,2013-12-11,1091.319955,1075.169983,1087.400051,GOOGL,3420100
266,542.872871,1084.659996,2013-12-10,1092.310053,1075.649972,1076.14996,GOOGL,3704000
267,539.609626,1078.140033,2013-12-09,1082.310053,1068.020036,1070.989964,GOOGL,2962200
268,535.470466,1069.869991,2013-12-06,1069.999988,1060.079986,1069.789993,GOOGL,2854700
269,529.199226,1057.340053,2013-12-05,1059.659996,1051.089961,1057.200056,GOOGL,2265100
270,529.619636,1058.180032,2013-12-04,1063.980013,1049.999988,1051.369954,GOOGL,2380800
271,527.157172,1053.26003,2013-12-03,1063.440026,1049.020012,1050.949965,GOOGL,3348800
272,527.767768,1054.480001,2013-12-02,1066.349955,1050.759969,1063.510024,GOOGL,2743600
273,530.325324,1059.589998,2013-11-29,1066.62007,1059.450001,1062.160057,GOOGL,2383200
274,532.087104,1063.110034,2013-11-27,1068.000036,1059.999988,1062.03006,GOOGL,2244900
275,529.734748,1058.410027,2013-11-26,1061.500073,1042.940038,1048.600022,GOOGL,4568000
276,523.488471,1045.929965,2013-11-25,1053.190032,1035.019988,1037.160057,GOOGL,3222700
277,516.461493,1031.890064,2013-11-22,1036.16996,1029.220007,1033.420027,GOOGL,2505800
278,517.552558,1034.070011,2013-11-21,1038.310029,1025.999964,1027.000061,GOOGL,2181400
279,511.666663,1022.309993,2013-11-20,1033.360028,1020.36004,1029.949989,GOOGL,1925400
280,513.113105,1025.199983,2013-11-19,1034.749994,1023.050036,1031.720068,GOOGL,2260900
281,516.291327,1031.550072,2013-11-18,1048.740019,1029.240007,1035.74997,GOOGL,3515800
282,517.297309,1033.560023,2013-11-15,1038.000037,1030.309981,1034.869991,GOOGL,2550000
283,518.133124,1035.229982,2013-11-14,1039.749994,1030.34998,1033.920014,GOOGL,2331000
284,516.751777,1032.47005,2013-11-13,1032.850041,1006.500013,1006.750007,GOOGL,3155600
285,506.396399,1011.780006,2013-11-12,1017.559987,1004.999988,1007.699984,GOOGL,2433700
286,505.800818,1010.590035,2013-11-11,1015.930027,1008.000037,1009.51,GOOGL,2222900
287,508.523536,1016.030024,2013-11-08,1018.500025,1008.500025,1008.750019,GOOGL,2579000
288,504.479499,1007.950038,2013-11-07,1023.930014,1007.639985,1022.609986,GOOGL,3355800
289,511.886908,1022.750043,2013-11-06,1027.000061,1015.37004,1025.599974,GOOGL,1823900
290,511.271277,1021.520012,2013-11-05,1031.65007,1017.41999,1020.350041,GOOGL,2360400
291,513.568549,1026.109961,2013-11-04,1032.370052,1022.03,1031.500073,GOOGL,2275300
292,514.034064,1027.04006,2013-11-01,1035.999964,1025.099986,1031.790066,GOOGL,2564000
293,515.805793,1030.579974,2013-10-31,1041.520073,1023.970013,1028.930014,GOOGL,3276700
294,515.725715,1030.419978,2013-10-30,1037.510049,1025.999964,1037.430051,GOOGL,2645500
295,518.638618,1036.239958,2013-10-29,1036.940063,1013.500025,1019.10001,GOOGL,3206700
296,508.008002,1014.999988,2013-10-28,1023.430026,1012.990037,1015.199983,GOOGL,2315000
297,508.1081,1015.199983,2013-10-25,1028.820017,1010.740031,1028.820017,GOOGL,4056900
298,513.288276,1025.549975,2013-10-24,1040.569974,1024.799993,1031.870064,GOOGL,4180000
299,516.221198,1031.409954,2013-10-23,1034.749994,1000.630034,1001.000025,GOOGL,5321000
300,504.004004,1007.000001,2013-10-22,1013.000037,995.79003,1004.999988,GOOGL,4412700
301,502.152167,1003.30003,2013-10-21,1019.000013,999.549999,1011.460014,GOOGL,7249300
302,506.211219,1011.410015,2013-10-18,1015.460038,974.000013,976.580011,GOOGL,23109600
303,444.839849,888.790019,2013-10-17,896.900004,885.730033,892.990039,GOOGL,8504600
304,449.464483,898.030038,2013-10-16,898.33003,884.010014,885.87003,GOOGL,4011100
305,441.446447,882.010002,2013-10-15,885.630035,874.000014,875.760032,GOOGL,3180600
306,438.493505,876.110024,2013-10-14,876.25002,865.390041,866.66001,GOOGL,2484700
307,436.431433,871.990002,2013-10-11,873.480027,865.299983,866.030026,GOOGL,2814900
308,434.554571,868.240033,2013-10-10,868.830019,860.209985,863.840018,GOOGL,4506000
309,428.358373,855.86003,2013-10-09,862.649986,842.98004,856.28002,GOOGL,5297200
310,427.262274,853.670023,2013-10-08,865.980027,851.630011,865.319982,GOOGL,3883500
311,433.30332,865.740033,2013-10-07,873.990015,864.110012,867.449991,GOOGL,2584600
312,436.611608,872.349994,2013-10-04,877.50999,869.99999,874.99999,GOOGL,2713200
313,438.483496,876.090024,2013-10-03,894.100012,872.10,888.000039,GOOGL,4229700
314,444.439459,887.990039,2013-10-02,889.360005,877.819982,882.729984,GOOGL,2987600
315,443.943945,887.000002,2013-10-01,887.669986,880.049989,880.249984,GOOGL,3366200
316,438.393408,875.910029,2013-09-30,880.84003,868.310031,869.080012,GOOGL,3441300
317,438.633642,876.390017,2013-09-27,877.519989,871.310019,874.819994,GOOGL,2515000
318,439.524542,878.170035,2013-09-26,882.749984,874.99999,878.300031,GOOGL,2517200
319,439.054052,877.229996,2013-09-25,886.550013,875.600036,886.550013,GOOGL,3294700
320,443.863867,886.840006,2013-09-24,890.099987,881.400017,886.500014,GOOGL,2970600
321,443.693701,886.500014,2013-09-23,901.590012,885.199985,896.150023,GOOGL,3551200
322,452.007025,903.110036,2013-09-20,904.130011,895.620036,898.390029,GOOGL,8681900
323,449.644659,898.390029,2013-09-19,905.990026,895.400041,905.990026,GOOGL,3192600
324,452.112127,903.320031,2013-09-18,903.970015,883.070037,886.350018,GOOGL,3865500
325,443.49851,886.110024,2013-09-17,888.390029,881.000026,887.409992,GOOGL,2516200
326,444.324316,887.759983,2013-09-16,897.000002,884.869993,896.200021,GOOGL,2670300
327,444.979986,889.070012,2013-09-13,895.680034,884.839994,894.500002,GOOGL,2648100
328,446.976996,893.060037,2013-09-12,897.900041,890.009989,897.399992,GOOGL,2188800
329,448.543554,896.190022,2013-09-11,896.970003,886.080024,888.540025,GOOGL,3217900
330,444.779791,888.670022,2013-09-10,892.000002,884.000014,890.019989,GOOGL,2572600
331,444.469488,888.050037,2013-09-09,889.749996,882.419992,883.730021,GOOGL,2466700
332,440.23023,879.58,2013-09-06,883.78002,873.740021,882.439991,GOOGL,3120000
333,440.220221,879.560001,2013-09-05,879.879993,871.610012,873.500027,GOOGL,2580000
334,436.251257,871.630011,2013-09-04,873.500027,855.169986,860.349982,GOOGL,4078300
335,430.620611,860.379981,2013-09-03,866.190022,853.950016,854.360006,GOOGL,4091100
336,423.873876,846.900005,2013-08-30,858.040038,845.560038,855.760033,GOOGL,3719400
337,428.143163,855.430041,2013-08-29,860.379981,848.590025,849.070013,GOOGL,2954000
338,424.699713,848.550026,2013-08-28,855.410041,847.769984,850.249984,GOOGL,2657100
339,425.500494,850.149987,2013-08-27,863.730021,847.89998,859.619999,GOOGL,3464700
340,433.628637,866.390017,2013-08-26,874.899992,866.050025,869.99999,GOOGL,2102800
341,435.540533,870.209985,2013-08-23,878.000039,869.749996,877.829982,GOOGL,2152000
342,437.292303,873.710021,2013-08-22,874.749996,870.249984,872.699985,GOOGL,1738000
343,435.100103,869.330006,2013-08-21,876.910004,866.500014,870.650035,GOOGL,3511000
344,433.143164,865.420041,2013-08-20,872.109999,863.540026,868.35003,GOOGL,2463500
345,433.258276,865.650035,2013-08-19,872.000002,857.449991,857.709985,GOOGL,3618100
346,428.883886,856.910005,2013-08-16,862.439992,856.540014,861.28002,GOOGL,3346800
347,430.260259,859.659998,2013-08-15,864.919992,858.000039,864.440004,GOOGL,3734600
348,435.340338,869.809995,2013-08-14,880.229984,867.159998,878.37003,GOOGL,4160200
349,441.066076,881.25002,2013-08-13,888.500026,876.200022,886.830006,GOOGL,2836700
350,443.198217,885.510038,2013-08-12,887.000002,881.650011,886.900004,GOOGL,2751200
351,445.650671,890.410041,2013-08-09,895.520038,889.99999,890.560037,GOOGL,2644700
352,446.77677,892.659986,2013-08-08,895.84003,885.289983,895.490039,GOOGL,2973000
353,445.770788,890.650035,2013-08-07,898.450027,889.090012,895.039989,GOOGL,2755600
354,448.73374,896.570012,2013-08-06,909.709997,895.730033,904.689997,GOOGL,3009100
355,452.952948,904.99999,2013-08-05,905.520038,899.200009,905.390041,GOOGL,2616700
356,453.738745,906.570012,2013-08-02,907.000002,900.820031,903.440028,GOOGL,3424300
357,452.562567,904.220009,2013-08-01,904.550001,894.99999,894.99999,GOOGL,4272500
358,444.319311,887.749984,2013-07-31,896.510014,886.180022,892.990039,GOOGL,4342600
359,445.90592,890.920028,2013-07-30,895.610036,880.87003,885.46004,GOOGL,3507600
360,441.576574,882.269995,2013-07-29,894.819994,880.890029,884.899992,GOOGL,3780000
361,443.118109,885.349981,2013-07-26,889.98999,882.000002,886.990002,GOOGL,3551800
362,444.294287,887.699985,2013-07-25,896.850006,886.080024,893.870017,GOOGL,5996100
363,451.901922,902.900041,2013-07-24,910.299982,900.700034,907.259995,GOOGL,4152800
364,452.352362,903.800019,2013-07-23,913.000038,899.57,910.700033,GOOGL,4087300
365,455.805823,910.700033,2013-07-22,912.669985,897.000002,902.000002,GOOGL,5800500
366,448.748755,896.600012,2013-07-19,902.95004,875.610036,886.610011,GOOGL,14703800
367,455.795813,910.680034,2013-07-18,919.999989,903.190034,918.990014,GOOGL,7261700
368,459.734747,918.550025,2013-07-17,926.860005,916.300019,921.000026,GOOGL,3009100
369,460.265265,919.609999,2013-07-16,927.970039,913.900016,927.129998,GOOGL,3962000
370,462.807806,924.689997,2013-07-15,928.000038,916.360017,924.300006,GOOGL,3917000
371,461.961981,923.000038,2013-07-12,923.000038,915.239984,919.999989,GOOGL,5131200
372,460.580572,920.239984,2013-07-11,920.810031,908.520026,913.000038,GOOGL,5163200
373,453.448462,905.990026,2013-07-10,911.140023,900.380041,903.450027,GOOGL,3413300
374,453.073065,905.239984,2013-07-09,912.950039,897.980039,911.000026,GOOGL,3954800
375,452.997992,905.089987,2013-07-08,906.27002,897.08,899.210009,GOOGL,3935000
376,447.192205,893.490027,2013-07-05,895.410041,887.339994,890.009989,GOOGL,3400300
377,443.658667,886.430016,2013-07-03,889.17001,878.500026,879.899992,GOOGL,2091900
378,441.596594,882.309994,2013-07-02,891.000026,877.269995,890.199985,GOOGL,3779200
379,444.384405,887.880041,2013-07-01,892.08,884.99999,886.450015,GOOGL,3446100
380,440.625647,880.370042,2013-06-28,881.840006,874.19001,874.899992,GOOGL,4693900
381,438.973974,877.07,2013-06-27,884.689997,876.650011,878.800019,GOOGL,3849100
382,437.262274,873.650023,2013-06-26,878.000039,870.570037,873.75002,GOOGL,3659100
383,433.533544,866.200022,2013-06-25,879.679998,864.510002,877.259996,GOOGL,5101200
384,435.330328,869.789995,2013-06-24,876.320019,863.250033,871.880005,GOOGL,6027700
385,440.90592,880.930028,2013-06-21,889.879993,873.070037,888.34003,GOOGL,7956600
386,442.812811,884.739996,2013-06-20,901.000026,883.310031,893.990014,GOOGL,6737200
387,450.790808,900.680034,2013-06-19,910.84003,897.49999,901.370017,GOOGL,5825900
388,450.760779,900.620035,2013-06-18,901.000026,888.35003,888.650023,GOOGL,4329400
389,443.568579,886.25002,2013-06-17,889.430004,878.280032,879.230009,GOOGL,4288300
390,437.957952,875.039989,2013-06-14,884.699997,874.130011,880.099987,GOOGL,4485500
391,438.93894,877.000002,2013-06-13,879.659998,865.500039,868.980015,GOOGL,4135600
392,436.426428,871.980003,2013-06-12,886.000026,869.649999,885.46004,GOOGL,4405100
393,440.345343,879.809994,2013-06-11,887.000002,879.520002,883.970015,GOOGL,3511600
394,445.555548,890.219984,2013-06-10,891.000026,880.089988,882.10,GOOGL,4670900
395,440.305304,879.729996,2013-06-07,879.99999,865.319982,870.420041,GOOGL,5343800
396,432.752752,864.639999,2013-06-06,866.330019,847.219997,864.300007,GOOGL,5153000
397,430.280279,859.699997,2013-06-05,869.450003,857.129999,862.50999,GOOGL,4209300
398,429.979986,859.100012,2013-06-04,870.590037,854.070013,867.849981,GOOGL,3733400
399,434.249243,867.629987,2013-06-03,873.970015,855.01999,873.000039,GOOGL,4946400
400,436.046057,871.220021,2013-05-31,877.000002,867.51999,868.120036,GOOGL,3934800
401,435.815832,870.760032,2013-05-30,878.900017,866.410017,869.919992,GOOGL,4237100
402,434.589605,868.310031,2013-05-29,877.990039,864.290007,875.710034,GOOGL,4022700
403,441.076086,881.27002,2013-05-28,892.139998,880.400041,883.500026,GOOGL,4510400
404,437.097113,873.320031,2013-05-24,878.820019,871.010026,875.259984,GOOGL,4589000
405,441.836828,882.789983,2013-05-23,889.959991,874.000014,877.000002,GOOGL,4545600
406,445.155157,889.420004,2013-05-22,909.310006,886.880005,902.559988,GOOGL,5116000
407,453.93894,906.970002,2013-05-21,911.66001,897.609987,908.020038,GOOGL,3962000
408,454.719732,908.530025,2013-05-20,920.600036,904.99999,904.99999,GOOGL,4540800
409,455.04505,909.18001,2013-05-17,913.490026,900.520038,910.019989,GOOGL,5578400
410,452.387396,903.870017,2013-05-16,919.97999,902.010002,919.000014,GOOGL,6412700
411,458.403418,915.890029,2013-05-15,916.380017,894.020014,895.500038,GOOGL,7963800
412,443.993994,887.10,2013-05-14,888.690022,877.139999,877.49999,GOOGL,3155400
413,439.204199,877.529989,2013-05-13,882.469991,873.380029,878.890017,GOOGL,2894100
414,440.555548,880.229984,2013-05-10,880.540038,872.159998,875.309982,GOOGL,3791600
415,436.176184,871.480015,2013-05-09,879.659998,868.230033,870.84003,GOOGL,4396700
416,437.252264,873.630023,2013-05-08,873.880017,852.910041,857.000002,GOOGL,4931600
417,429.044042,857.229997,2013-05-07,863.870018,850.670035,863.010039,GOOGL,3914000
418,431.206213,861.550013,2013-05-06,861.850006,848.260033,848.260033,GOOGL,4278300
419,423.2833,845.720034,2013-05-03,846.800007,836.000027,836.960004,GOOGL,5020100
420,415.22022,829.61,2013-05-02,834.550001,819.050014,820.099988,GOOGL,4032500
421,410.625646,820.430041,2013-05-01,824.719997,816.360018,823.260033,GOOGL,2907000
422,412.697698,824.570001,2013-04-30,827.639987,817.679986,819.000015,GOOGL,4608700
423,409.939947,819.060013,2013-04-29,822.699986,803.00004,803.250033,GOOGL,4596900
424,401.11112,801.420017,2013-04-26,807.739985,796.580013,807.599988,GOOGL,4970400
425,404.954961,809.100013,2013-04-25,816.470016,807.629988,816.250021,GOOGL,3980400
426,407.132146,813.450028,2013-04-24,818.000039,808.000039,808.110037,GOOGL,3654500
427,404.354345,807.899981,2013-04-23,815.500039,800.359982,801.000027,GOOGL,4580000
428,400.455449,800.109988,2013-04-22,803.960016,774.999991,800.600037,GOOGL,5761000
429,400.335332,799.869994,2013-04-19,803.440029,766.260021,769.160012,GOOGL,11594700
430,383.338353,765.91003,2013-04-18,785.800032,761.260021,785.349982,GOOGL,6638300
431,391.671666,782.55999,2013-04-17,790.840031,778.100037,786.750009,GOOGL,4069900
432,397.082097,793.370031,2013-04-16,796.000027,783.920017,786.590013,GOOGL,3480500
433,391.356359,781.930005,2013-04-15,797.000003,777.020003,785.950029,GOOGL,4901200
434,395.420415,790.04999,2013-04-12,792.100001,782.92998,791.990003,GOOGL,3270100
435,395.590581,790.389981,2013-04-11,793.100037,784.060014,792.879982,GOOGL,4053300
436,395.485479,790.179987,2013-04-10,792.349995,776.000028,782.919981,GOOGL,3953200
437,389.214208,777.649987,2013-04-09,783.750021,773.110037,775.50004,GOOGL,4310200
438,387.81281,774.849995,2013-04-08,779.550002,768.40003,778.750022,GOOGL,5658500
439,391.916936,783.050039,2013-04-05,786.990003,776.400018,786.060026,GOOGL,6860900
440,397.932927,795.069989,2013-04-04,805.750033,791.30002,804.250009,GOOGL,4890300
441,403.503515,806.200022,2013-04-03,814.20001,800.670035,813.460028,GOOGL,3473500
442,406.926946,813.040038,2013-04-02,814.829995,804.000015,804.540002,GOOGL,4078900
443,400.996007,801.190023,2013-04-01,802.249997,793.250034,795.009991,GOOGL,3610900
444,397.492498,794.190011,2013-03-28,805.369982,793.300032,803.990015,GOOGL,4571000
445,401.731725,802.659987,2013-03-27,807.000003,801.330019,806.680011,GOOGL,4322000
446,406.616613,812.419993,2013-03-26,814.000015,807.789984,813.500027,GOOGL,2381400
447,405.225225,809.639999,2013-03-25,819.230009,806.820007,812.409993,GOOGL,3420500
448,405.560552,810.309983,2013-03-22,815.239985,809.639999,814.739997,GOOGL,2973400
449,406.036046,811.260021,2013-03-21,816.920005,809.849994,811.29002,GOOGL,2952200
450,407.762762,814.709998,2013-03-20,817.50999,811.440016,816.830007,GOOGL,2924600
451,406.066076,811.320019,2013-03-19,819.250009,806.450016,811.240021,GOOGL,4192200
452,404.299291,807.789984,2013-03-18,812.759984,801.470016,804.999991,GOOGL,3672900
453,407.557561,814.300008,2013-03-15,820.299983,813.340031,818.500027,GOOGL,6193200
454,411.181188,821.540014,2013-03-14,826.990003,817.389993,826.990003,GOOGL,3299000
455,413.06806,825.309983,2013-03-13,830.690035,822.309995,827.899981,GOOGL,3279300
456,414.219213,827.609988,2013-03-12,831.890005,823.670023,830.710034,GOOGL,4012500
457,417.827825,834.819995,2013-03-11,839.699998,831.500015,831.69001,GOOGL,3186200
458,416.176183,831.520014,2013-03-08,834.919992,825.049989,834.500003,GOOGL,5817900
459,416.716711,832.599988,2013-03-07,836.620012,829.580001,834.060013,GOOGL,4101200
460,416.106115,831.380018,2013-03-06,844.000015,828.810019,841.030026,GOOGL,5740200
461,419.719732,838.600024,2013-03-05,840.149987,828.900017,828.930017,GOOGL,8080100
462,411.161169,821.500015,2013-03-04,822.839982,804.999991,805.299983,GOOGL,5545600
463,403.49851,806.190023,2013-03-01,807.139999,796.150024,797.799983,GOOGL,4346400
464,401.001012,801.200022,2013-02-28,806.990003,801.030027,801.100025,GOOGL,4527000
465,400.290288,799.779996,2013-02-27,804.749997,791.110025,794.799996,GOOGL,4048100
466,395.460454,790.129988,2013-02-26,795.950029,784.400006,794.999991,GOOGL,4400500
467,395.780797,790.770033,2013-02-25,808.410029,790.49004,802.299996,GOOGL,4603100
468,400.255254,799.709998,2013-02-22,801.250021,793.80002,799.260009,GOOGL,4103600
469,398.163183,795.530039,2013-02-21,805.450041,791.220022,798.00004,GOOGL,7005700
470,396.626623,792.459992,2013-02-20,808.970016,791.790008,805.299983,GOOGL,5522800
471,403.828832,806.850007,2013-02-19,807.000003,795.279984,795.990028,GOOGL,5857700
472,396.841833,792.889981,2013-02-15,793.260033,787.070001,787.399993,GOOGL,5454100
473,394.304296,787.819983,2013-02-14,788.740022,777.769984,779.729998,GOOGL,3467100
474,391.821813,782.859982,2013-02-13,785.349982,779.969992,780.129988,GOOGL,2394000
475,390.740758,780.700035,2013-02-12,787.899981,779.370006,781.750009,GOOGL,3714200
476,391.601598,782.419993,2013-02-11,783.00004,773.750022,778.40003,GOOGL,4331200
477,393.078069,785.369982,2013-02-08,786.670011,779.560002,780.129988,GOOGL,6034100
478,387.362371,773.950017,2013-02-07,778.81002,765.50004,769.699998,GOOGL,5674700
479,385.470464,770.169987,2013-02-06,772.95998,758.500028,759.070014,GOOGL,4152000
480,383.25327,765.740034,2013-02-05,771.110025,759.470004,761.130025,GOOGL,3737600
481,379.889897,759.020015,2013-02-04,770.46998,758.270033,767.689987,GOOGL,6074900
482,388.188207,775.600037,2013-02-01,776.600013,758.100038,758.200035,GOOGL,7484700
483,378.223241,755.690035,2013-01-31,757.619988,750.249985,750.51004,GOOGL,3265100
484,377.292302,753.83002,2013-01-30,760.950029,752.909981,753.740022,GOOGL,3462500
485,377.217229,753.680024,2013-01-29,756.950005,746.540015,746.75001,GOOGL,3490700
486,375.740758,750.730035,2013-01-28,755.600038,747.889982,751.760009,GOOGL,3250900
487,377.212224,753.670024,2013-01-25,758.480028,750.249985,750.770034,GOOGL,4447300
488,377.482488,754.210011,2013-01-24,756.830008,740.51004,741.240022,GOOGL,6758600
489,371.121129,741.500016,2013-01-23,749.000016,735.790033,735.990028,GOOGL,11806300
490,351.786778,702.869983,2013-01-22,705.339984,695.519979,704.66,GOOGL,7577200
491,352.60761,704.510004,2013-01-18,712.769985,701.33002,710.359983,GOOGL,6447100
492,356.016026,711.320021,2013-01-17,719.64,711.020028,717.709987,GOOGL,4418500
493,357.952947,715.189987,2013-01-16,724.340008,713.670024,722.399994,GOOGL,4042700
494,362.827825,724.929993,2013-01-15,734.999992,712.100002,719.330008,GOOGL,7847500
495,361.987004,723.250034,2013-01-14,742.199999,722.349995,737.000004,GOOGL,5722000
496,370.365361,739.989992,2013-01-11,742.429993,736.300021,742.000004,GOOGL,2567800
497,371.111119,741.480016,2013-01-10,744.999991,733.500028,742.829983,GOOGL,3667700
498,369.429448,738.120037,2013-01-09,738.350032,728.600026,732.269997,GOOGL,4045300
499,367.017034,733.300033,2013-01-08,736.300021,724.430006,735.540039,GOOGL,3348800
500,367.742742,734.749998,2013-01-07,739.380007,730.580038,735.449981,GOOGL,3308000
501,369.354344,737.96998,2013-01-04,741.470017,727.679987,729.340008,GOOGL,5521400
502,362.197209,723.670024,2013-01-03,731.930005,720.720035,724.929993,GOOGL,4631700
503,361.987004,723.250034,2013-01-02,727.000004,716.550015,719.420006,GOOGL,5077500
