,Adj_Close,Close,Date,High,Low,Open,Symbol,Volume
0,33.869999,33.869999,2012-12-31,33.970001,33.00,33.00,TSLA,594900
1,33.220001,33.220001,2012-12-28,33.650002,33.02,33.380001,TSLA,414100
2,33.689999,33.689999,2012-12-27,33.91,33.00,33.50,TSLA,561100
3,33.59,33.59,2012-12-26,34.50,33.50,33.959999,TSLA,601400
4,34.279999,34.279999,2012-12-24,34.349998,33.549999,33.639999,TSLA,375800
5,34.00,34.00,2012-12-21,34.169998,33.580002,33.939999,TSLA,1492400
6,34.43,34.43,2012-12-20,34.790001,34.049999,34.509998,TSLA,921200
7,34.610001,34.610001,2012-12-19,35.259998,34.52,34.75,TSLA,1298800
8,34.59,34.59,2012-12-18,35.07,34.259998,34.259998,TSLA,1553900
9,34.400002,34.400002,2012-12-17,34.50,33.75,33.77,TSLA,824900
10,33.810001,33.810001,2012-12-14,34.400002,33.59,33.779999,TSLA,1023000
11,33.610001,33.610001,2012-12-13,35.299999,32.75,35.259998,TSLA,2151300
12,35.259998,35.259998,2012-12-12,35.799999,34.950001,35.209999,TSLA,2063800
13,35.279999,35.279999,2012-12-11,35.50,34.459999,34.599998,TSLA,1572600
14,34.57,34.57,2012-12-10,34.799999,34.18,34.43,TSLA,929800
15,34.169998,34.169998,2012-12-07,34.490002,33.849998,34.299999,TSLA,664400
16,33.900002,33.900002,2012-12-06,34.799999,33.50,33.82,TSLA,660400
17,33.709999,33.709999,2012-12-05,34.189999,33.580002,33.82,TSLA,661500
18,33.900002,33.900002,2012-12-04,34.799999,33.549999,34.080002,TSLA,1263300
19,34.619999,34.619999,2012-12-03,35.00,33.50,33.889999,TSLA,2085700
20,33.82,33.82,2012-11-30,34.279999,33.009998,33.630001,TSLA,1420300
21,33.689999,33.689999,2012-11-29,34.00,32.869999,33.439999,TSLA,1103400
22,33.23,33.23,2012-11-28,34.290001,31.91,32.00,TSLA,1525200
23,32.150002,32.150002,2012-11-27,32.66,31.52,32.130001,TSLA,910800
24,32.27,32.27,2012-11-26,32.299999,31.620001,32.099998,TSLA,495800
25,32.130001,32.130001,2012-11-23,32.830002,31.700001,32.599998,TSLA,430300
26,32.470001,32.470001,2012-11-21,33.470001,32.290001,32.610001,TSLA,963200
27,33.00,33.00,2012-11-20,33.099998,31.91,32.799999,TSLA,922500
28,32.919998,32.919998,2012-11-19,33.25,31.84,32.07,TSLA,1392400
29,31.84,31.84,2012-11-16,32.00,30.59,31.15,TSLA,908700
30,30.82,30.82,2012-11-15,31.440001,30.50,31.299999,TSLA,984000
31,31.379999,31.379999,2012-11-14,32.119999,31.200001,31.959999,TSLA,871300
32,31.610001,31.610001,2012-11-13,32.00,30.719999,31.290001,TSLA,998300
33,31.07,31.07,2012-11-12,31.42,30.16,30.290001,TSLA,555900
34,30.32,30.32,2012-11-09,30.93,29.85,30.60,TSLA,863000
35,31.309999,31.309999,2012-11-08,31.879999,30.940001,31.01,TSLA,1274000
36,31.540001,31.540001,2012-11-07,32.049999,30.809999,31.00,TSLA,1714500
37,31.15,31.15,2012-11-06,31.200001,29.950001,30.610001,TSLA,2324000
38,31.50,31.50,2012-11-05,31.58,29.33,29.799999,TSLA,2048900
39,28.92,28.92,2012-11-02,29.549999,28.549999,29.27,TSLA,1030300
40,29.25,29.25,2012-11-01,29.49,28.200001,28.25,TSLA,1024100
41,28.129999,28.129999,2012-10-31,28.35,27.370001,27.700001,TSLA,775200
42,27.379999,27.379999,2012-10-26,27.799999,27.02,27.530001,TSLA,477400
43,27.52,27.52,2012-10-25,27.799999,27.450001,27.799999,TSLA,577700
44,27.42,27.42,2012-10-24,28.52,27.25,28.52,TSLA,1016400
45,28.389999,28.389999,2012-10-23,28.559999,27.370001,27.379999,TSLA,749000
46,27.85,27.85,2012-10-22,28.00,27.360001,27.99,TSLA,470200
47,27.74,27.74,2012-10-19,28.200001,27.299999,27.83,TSLA,1027400
48,28.040001,28.040001,2012-10-18,28.99,27.780001,28.99,TSLA,741000
49,28.82,28.82,2012-10-17,28.84,27.799999,28.25,TSLA,668000
50,28.059999,28.059999,2012-10-16,28.09,27.34,27.67,TSLA,479300
51,27.33,27.33,2012-10-15,28.049999,26.860001,28.02,TSLA,1468700
52,27.639999,27.639999,2012-10-12,28.73,27.50,28.32,TSLA,987600
53,28.32,28.32,2012-10-11,28.98,28.25,28.940001,TSLA,450600
54,28.40,28.40,2012-10-10,28.719999,28.01,28.389999,TSLA,503600
55,28.370001,28.370001,2012-10-09,29.120001,28.25,29.120001,TSLA,1193000
56,29.25,29.25,2012-10-08,29.40,28.610001,28.860001,TSLA,889700
57,28.889999,28.889999,2012-10-05,29.809999,28.68,29.700001,TSLA,938600
58,29.40,29.40,2012-10-04,30.10,28.65,30.00,TSLA,1541300
59,29.299999,29.299999,2012-10-03,29.950001,29.24,29.75,TSLA,1052800
60,29.799999,29.799999,2012-10-02,29.889999,29.00,29.280001,TSLA,729000
61,29.16,29.16,2012-10-01,29.889999,29.00,29.50,TSLA,884400
62,29.280001,29.280001,2012-09-28,29.889999,28.610001,28.73,TSLA,4343400
63,28.49,28.49,2012-09-27,28.540001,27.60,27.82,TSLA,1758600
64,27.540001,27.540001,2012-09-26,28.40,27.48,27.66,TSLA,1527200
65,27.66,27.66,2012-09-25,29.48,27.530001,28.620001,TSLA,5680400
66,30.66,30.66,2012-09-24,31.030001,29.40,29.51,TSLA,1301900
67,30.02,30.02,2012-09-21,31.49,29.540001,31.10,TSLA,1870000
68,30.90,30.90,2012-09-20,31.50,30.68,30.93,TSLA,912400
69,31.049999,31.049999,2012-09-19,31.74,30.940001,31.00,TSLA,1048500
70,31.34,31.34,2012-09-18,31.90,30.68,31.879999,TSLA,1788500
71,32.540001,32.540001,2012-09-17,32.779999,31.51,32.349998,TSLA,3212800
72,30.389999,30.389999,2012-09-14,30.65,29.65,30.00,TSLA,1536600
73,29.48,29.48,2012-09-13,29.50,28.48,28.57,TSLA,1484700
74,28.280001,28.280001,2012-09-12,28.58,27.799999,27.90,TSLA,1145200
75,27.799999,27.799999,2012-09-11,28.16,27.40,27.76,TSLA,1014900
76,27.370001,27.370001,2012-09-10,29.35,27.299999,29.200001,TSLA,1483300
77,29.35,29.35,2012-09-07,29.57,28.50,28.549999,TSLA,953200
78,28.549999,28.549999,2012-09-06,28.90,27.90,28.00,TSLA,841700
79,27.940001,27.940001,2012-09-05,28.50,27.809999,28.01,TSLA,639300
80,28.139999,28.139999,2012-09-04,28.99,27.90,28.52,TSLA,752500
81,28.52,28.52,2012-08-31,28.84,28.200001,28.610001,TSLA,539800
82,28.41,28.41,2012-08-30,28.74,28.10,28.60,TSLA,656400
83,28.41,28.41,2012-08-29,28.639999,28.02,28.49,TSLA,838900
84,28.690001,28.690001,2012-08-28,29.379999,28.00,28.40,TSLA,1402700
85,28.32,28.32,2012-08-27,29.700001,28.17,29.57,TSLA,1350400
86,29.50,29.50,2012-08-24,30.24,29.41,30.059999,TSLA,1429400
87,30.73,30.73,2012-08-23,30.85,29.65,30.00,TSLA,1471000
88,29.950001,29.950001,2012-08-22,30.040001,29.01,29.01,TSLA,775500
89,29.110001,29.110001,2012-08-21,30.00,29.00,29.58,TSLA,761600
90,29.51,29.51,2012-08-20,30.389999,29.10,30.15,TSLA,1179100
91,30.01,30.01,2012-08-17,30.709999,29.98,30.290001,TSLA,508200
92,30.299999,30.299999,2012-08-16,30.389999,29.50,29.530001,TSLA,669000
93,29.40,29.40,2012-08-15,29.700001,28.809999,29.389999,TSLA,525400
94,29.42,29.42,2012-08-14,31.17,29.26,30.75,TSLA,793400
95,31.17,31.17,2012-08-13,31.299999,29.10,29.690001,TSLA,870100
96,29.940001,29.940001,2012-08-10,29.940001,29.309999,29.309999,TSLA,707400
97,29.41,29.41,2012-08-09,30.00,29.129999,29.52,TSLA,672600
98,29.09,29.09,2012-08-08,30.00,28.59,29.90,TSLA,1308900
99,30.25,30.25,2012-08-07,30.90,28.50,28.77,TSLA,2387200
100,28.27,28.27,2012-08-06,28.700001,27.549999,27.549999,TSLA,1528200
101,27.27,27.27,2012-08-03,27.549999,26.74,26.90,TSLA,1209500
102,26.10,26.10,2012-08-02,26.85,25.52,26.84,TSLA,1305100
103,26.25,26.25,2012-08-01,27.99,26.030001,27.99,TSLA,1592300
104,27.42,27.42,2012-07-31,27.969999,27.35,27.540001,TSLA,1575100
105,27.35,27.35,2012-07-30,30.25,27.209999,29.51,TSLA,2065200
106,29.51,29.51,2012-07-27,29.66,28.10,28.709999,TSLA,1673000
107,28.129999,28.129999,2012-07-26,30.00,27.639999,29.90,TSLA,2262300
108,28.950001,28.950001,2012-07-25,29.98,28.75,29.92,TSLA,2842200
109,29.84,29.84,2012-07-24,31.040001,29.620001,30.66,TSLA,1500300
110,30.66,30.66,2012-07-23,31.299999,30.620001,31.049999,TSLA,1386800
111,31.790001,31.790001,2012-07-20,32.25,31.25,32.07,TSLA,1568500
112,32.27,32.27,2012-07-19,33.150002,32.040001,32.720001,TSLA,1435900
113,32.150002,32.150002,2012-07-18,33.669998,31.059999,31.42,TSLA,2881900
114,33.349998,33.349998,2012-07-17,35.209999,32.380001,35.00,TSLA,2569300
115,35.959999,35.959999,2012-07-16,36.00,33.900002,34.32,TSLA,1744000
116,34.25,34.25,2012-07-13,34.400002,32.830002,32.970001,TSLA,1304800
117,32.700001,32.700001,2012-07-12,33.009998,30.799999,31.290001,TSLA,1125700
118,31.51,31.51,2012-07-11,31.68,31.01,31.57,TSLA,638600
119,31.27,31.27,2012-07-10,32.48,30.889999,31.540001,TSLA,758400
120,31.49,31.49,2012-07-09,31.83,30.67,30.940001,TSLA,910500
121,30.99,30.99,2012-07-06,31.73,30.799999,30.99,TSLA,784500
122,31.23,31.23,2012-07-05,31.67,30.799999,30.809999,TSLA,1253800
123,30.66,30.66,2012-07-03,31.00,30.40,30.60,TSLA,947000
124,30.40,30.40,2012-07-02,31.799999,30.190001,31.35,TSLA,1315600
125,31.290001,31.290001,2012-06-29,32.799999,31.00,32.799999,TSLA,1125800
126,31.41,31.41,2012-06-28,32.110001,30.620001,31.90,TSLA,914100
127,31.959999,31.959999,2012-06-27,32.450001,31.57,31.90,TSLA,1047200
128,31.610001,31.610001,2012-06-26,32.349998,31.389999,32.049999,TSLA,2613900
129,33.110001,33.110001,2012-06-25,34.119999,32.75,33.939999,TSLA,1498500
130,33.790001,33.790001,2012-06-22,33.98,32.459999,32.599998,TSLA,3046600
131,32.189999,32.189999,2012-06-21,34.279999,31.84,34.259998,TSLA,1891900
132,33.779999,33.779999,2012-06-20,34.50,33.209999,33.50,TSLA,3422400
133,32.09,32.09,2012-06-19,32.66,31.50,32.02,TSLA,911100
134,31.84,31.84,2012-06-18,32.330002,29.50,29.940001,TSLA,1256800
135,29.91,29.91,2012-06-15,29.950001,28.809999,29.389999,TSLA,646800
136,29.389999,29.389999,2012-06-14,30.65,28.620001,30.18,TSLA,872200
137,29.77,29.77,2012-06-13,30.639999,29.469999,29.549999,TSLA,844100
138,29.66,29.66,2012-06-12,29.84,28.809999,29.23,TSLA,569000
139,29.120001,29.120001,2012-06-11,31.00,28.959999,30.309999,TSLA,636000
140,30.08,30.08,2012-06-08,30.190001,28.15,28.860001,TSLA,881100
141,28.93,28.93,2012-06-07,29.870001,28.85,29.809999,TSLA,492100
142,29.219999,29.219999,2012-06-06,29.450001,28.139999,28.200001,TSLA,909900
143,27.91,27.91,2012-06-05,28.389999,27.559999,27.84,TSLA,630900
144,27.879999,27.879999,2012-06-04,28.41,27.110001,28.030001,TSLA,1030900
145,28.15,28.15,2012-06-01,29.16,27.76,28.530001,TSLA,885800
146,29.50,29.50,2012-05-31,30.290001,28.75,30.07,TSLA,1118700
147,30.41,30.41,2012-05-30,31.42,30.24,31.08,TSLA,1307200
148,31.690001,31.690001,2012-05-29,31.93,30.01,30.01,TSLA,1650000
149,29.809999,29.809999,2012-05-25,30.41,29.200001,30.16,TSLA,757000
150,30.280001,30.280001,2012-05-24,31.25,29.690001,31.25,TSLA,1075600
151,31.02,31.02,2012-05-23,31.049999,29.50,30.559999,TSLA,1220400
152,30.799999,30.799999,2012-05-22,31.34,30.00,30.10,TSLA,2366200
153,28.77,28.77,2012-05-21,29.26,27.120001,27.58,TSLA,1475200
154,27.559999,27.559999,2012-05-18,28.459999,26.83,28.370001,TSLA,1616500
155,28.57,28.57,2012-05-17,29.790001,28.24,29.299999,TSLA,1149000
156,29.18,29.18,2012-05-16,30.18,28.879999,29.58,TSLA,1257100
157,29.43,29.43,2012-05-15,30.959999,29.219999,30.26,TSLA,1585700
158,30.059999,30.059999,2012-05-14,32.130001,30.049999,31.92,TSLA,1380900
159,32.25,32.25,2012-05-11,33.439999,32.16,32.490002,TSLA,1221300
160,32.959999,32.959999,2012-05-10,34.68,32.400002,32.970001,TSLA,5556300
161,30.059999,30.059999,2012-05-09,30.77,29.76,30.299999,TSLA,1947900
162,30.190001,30.190001,2012-05-08,32.73,29.370001,32.50,TSLA,3097200
163,32.470001,32.470001,2012-05-07,32.580002,31.610001,31.959999,TSLA,1158000
164,31.83,31.83,2012-05-04,32.459999,31.40,32.32,TSLA,1247500
165,32.459999,32.459999,2012-05-03,34.00,32.130001,33.91,TSLA,841300
166,33.939999,33.939999,2012-05-02,34.389999,33.389999,33.50,TSLA,497300
167,33.779999,33.779999,2012-05-01,34.209999,33.130001,33.130001,TSLA,659000
168,33.130001,33.130001,2012-04-30,33.360001,32.580002,33.27,TSLA,413900
169,33.34,33.34,2012-04-27,33.630001,32.91,33.599998,TSLA,591000
170,33.490002,33.490002,2012-04-26,33.52,32.91,32.959999,TSLA,425300
171,32.91,32.91,2012-04-25,32.990002,32.07,32.07,TSLA,712200
172,31.82,31.82,2012-04-24,32.200001,31.00,31.82,TSLA,674500
173,31.940001,31.940001,2012-04-23,32.970001,31.709999,32.860001,TSLA,890800
174,33.16,33.16,2012-04-20,33.73,32.939999,33.139999,TSLA,821800
175,33.16,33.16,2012-04-19,33.43,32.50,32.75,TSLA,774900
176,32.66,32.66,2012-04-18,32.75,31.530001,32.09,TSLA,823100
177,32.240002,32.240002,2012-04-17,33.07,32.040001,32.43,TSLA,1115500
178,32.25,32.25,2012-04-16,33.700001,32.09,33.41,TSLA,1099600
179,33.59,33.59,2012-04-13,34.040001,32.849998,33.939999,TSLA,649600
180,33.439999,33.439999,2012-04-12,34.48,32.919998,33.77,TSLA,1033900
181,33.09,33.09,2012-04-11,33.290001,32.009998,33.240002,TSLA,1105500
182,32.459999,32.459999,2012-04-10,33.849998,32.099998,33.150002,TSLA,1847700
183,33.150002,33.150002,2012-04-09,34.290001,33.099998,34.099998,TSLA,1655700
184,34.48,34.48,2012-04-05,35.439999,34.41,35.099998,TSLA,1509400
185,35.00,35.00,2012-04-04,35.490002,34.689999,35.27,TSLA,4481800
186,38.009998,38.009998,2012-04-03,38.470001,36.669998,36.700001,TSLA,1098100
187,36.580002,36.580002,2012-04-02,37.970001,36.529999,37.330002,TSLA,1028600
188,37.240002,37.240002,2012-03-30,37.939999,36.68,37.52,TSLA,886400
189,37.330002,37.330002,2012-03-29,38.189999,37.029999,38.189999,TSLA,796400
190,37.849998,37.849998,2012-03-28,38.439999,37.110001,37.779999,TSLA,955000
191,37.939999,37.939999,2012-03-27,39.950001,37.029999,37.16,TSLA,2539200
192,37.400002,37.400002,2012-03-26,38.09,35.040001,35.59,TSLA,3140500
193,34.080002,34.080002,2012-03-23,34.630001,33.150002,34.259998,TSLA,1170600
194,34.400002,34.400002,2012-03-22,35.150002,34.299999,34.970001,TSLA,522400
195,35.150002,35.150002,2012-03-21,35.299999,34.599998,34.939999,TSLA,607200
196,34.959999,34.959999,2012-03-20,35.200001,34.57,34.98,TSLA,567000
197,34.98,34.98,2012-03-19,35.32,34.540001,35.259998,TSLA,1015600
198,35.32,35.32,2012-03-16,35.889999,34.830002,34.900002,TSLA,729300
199,35.00,35.00,2012-03-15,35.48,34.779999,35.279999,TSLA,571600
200,35.290001,35.290001,2012-03-14,36.00,34.799999,36.00,TSLA,851500
201,36.09,36.09,2012-03-13,36.59,35.50,36.509998,TSLA,1001600
202,36.009998,36.009998,2012-03-12,36.290001,34.599998,34.689999,TSLA,1963300
203,34.740002,34.740002,2012-03-09,35.310001,33.200001,33.200001,TSLA,1553400
204,33.07,33.07,2012-03-08,33.490002,33.040001,33.110001,TSLA,633300
205,33.119999,33.119999,2012-03-07,33.310001,32.91,33.119999,TSLA,364900
206,33.110001,33.110001,2012-03-06,33.279999,32.619999,33.25,TSLA,573800
207,33.77,33.77,2012-03-05,34.400002,33.459999,34.349998,TSLA,467000
208,34.040001,34.040001,2012-03-02,34.50,33.709999,34.400002,TSLA,550000
209,34.41,34.41,2012-03-01,34.50,33.310001,33.509998,TSLA,703500
210,33.41,33.41,2012-02-29,34.119999,33.139999,33.810001,TSLA,535700
211,33.810001,33.810001,2012-02-28,34.439999,33.169998,33.639999,TSLA,612200
212,33.619999,33.619999,2012-02-27,34.00,33.00,33.41,TSLA,606000
213,33.75,33.75,2012-02-24,34.52,33.27,34.23,TSLA,959900
214,34.529999,34.529999,2012-02-23,34.970001,33.560001,33.990002,TSLA,820400
215,34.220001,34.220001,2012-02-22,34.720001,32.50,34.50,TSLA,1654600
216,34.50,34.50,2012-02-21,34.869999,33.810001,34.869999,TSLA,1135800
217,34.970001,34.970001,2012-02-17,34.970001,33.50,33.990002,TSLA,1376700
218,34.18,34.18,2012-02-16,34.509998,32.540001,33.50,TSLA,2219700
219,33.599998,33.599998,2012-02-15,34.41,32.27,33.099998,TSLA,2761800
220,33.169998,33.169998,2012-02-14,33.790001,31.40,31.74,TSLA,1810800
221,31.49,31.49,2012-02-13,32.060001,30.90,31.549999,TSLA,1157900
222,31.10,31.10,2012-02-10,32.27,29.84,32.259998,TSLA,1874200
223,32.580002,32.580002,2012-02-09,32.900002,31.43,32.00,TSLA,1277100
224,31.93,31.93,2012-02-08,32.009998,31.290001,31.60,TSLA,623700
225,31.60,31.60,2012-02-07,31.799999,30.82,31.799999,TSLA,1021600
226,31.799999,31.799999,2012-02-06,31.90,31.049999,31.10,TSLA,652100
227,31.15,31.15,2012-02-03,31.33,30.25,30.41,TSLA,764500
228,30.25,30.25,2012-02-02,30.879999,29.610001,29.719999,TSLA,805700
229,29.58,29.58,2012-02-01,29.700001,29.00,29.07,TSLA,523200
230,29.07,29.07,2012-01-31,30.00,28.870001,29.90,TSLA,956400
231,29.57,29.57,2012-01-30,29.610001,28.530001,29.49,TSLA,729000
232,29.33,29.33,2012-01-27,29.719999,28.50,28.50,TSLA,748400
233,28.940001,28.940001,2012-01-26,29.58,28.00,28.07,TSLA,1271100
234,27.969999,27.969999,2012-01-25,28.01,27.049999,27.27,TSLA,611200
235,27.42,27.42,2012-01-24,27.68,26.440001,26.629999,TSLA,858000
236,26.77,26.77,2012-01-23,27.209999,26.60,26.809999,TSLA,594600
237,26.60,26.60,2012-01-20,27.00,26.40,26.90,TSLA,662300
238,26.76,26.76,2012-01-19,27.74,26.610001,27.190001,TSLA,1246300
239,26.809999,26.809999,2012-01-18,26.879999,26.25,26.690001,TSLA,1260200
240,26.60,26.60,2012-01-17,27.34,26.41,26.620001,TSLA,4651600
241,22.790001,22.790001,2012-01-13,28.50,22.639999,28.40,TSLA,5500400
242,28.25,28.25,2012-01-12,28.620001,27.809999,28.48,TSLA,729300
243,28.23,28.23,2012-01-11,28.379999,27.299999,27.620001,TSLA,672300
244,27.620001,27.620001,2012-01-10,27.76,27.25,27.440001,TSLA,671800
245,27.25,27.25,2012-01-09,27.49,26.120001,27.00,TSLA,897000
246,26.91,26.91,2012-01-06,27.790001,26.41,27.200001,TSLA,986300
247,27.120001,27.120001,2012-01-05,27.93,26.85,27.76,TSLA,1005500
248,27.709999,27.709999,2012-01-04,28.67,27.50,28.209999,TSLA,630100
249,28.08,28.08,2012-01-03,29.50,27.65,28.940001,TSLA,928100
250,28.559999,28.559999,2011-12-30,28.98,28.25,28.49,TSLA,339800
251,28.73,28.73,2011-12-29,29.34,28.549999,28.59,TSLA,488200
252,28.51,28.51,2011-12-28,29.24,28.040001,28.99,TSLA,575200
253,28.57,28.57,2011-12-27,28.77,27.639999,27.66,TSLA,777500
254,27.90,27.90,2011-12-23,28.00,27.52,28.00,TSLA,591400
255,27.77,27.77,2011-12-22,28.049999,27.299999,27.60,TSLA,1009400
256,27.57,27.57,2011-12-21,28.07,26.030001,27.91,TSLA,1705500
257,27.90,27.90,2011-12-20,28.450001,27.719999,28.049999,TSLA,843300
258,27.75,27.75,2011-12-19,28.50,27.370001,28.09,TSLA,987000
259,28.00,28.00,2011-12-16,28.93,27.98,28.790001,TSLA,1029700
260,28.620001,28.620001,2011-12-15,29.17,28.120001,28.67,TSLA,700300
261,28.530001,28.530001,2011-12-14,29.68,28.00,29.50,TSLA,1163900
262,29.450001,29.450001,2011-12-13,30.93,28.91,30.57,TSLA,994100
263,30.41,30.41,2011-12-12,30.620001,30.02,30.440001,TSLA,758700
264,31.040001,31.040001,2011-12-09,31.120001,30.280001,30.540001,TSLA,1239500
265,30.889999,30.889999,2011-12-08,31.65,29.610001,30.84,TSLA,3305800
266,34.189999,34.189999,2011-12-07,34.889999,33.799999,34.630001,TSLA,674300
267,34.869999,34.869999,2011-12-06,34.98,34.029999,34.200001,TSLA,951800
268,34.419998,34.419998,2011-12-05,35.00,33.43,33.529999,TSLA,1160100
269,33.299999,33.299999,2011-12-02,33.689999,32.400002,32.830002,TSLA,802800
270,32.599998,32.599998,2011-12-01,33.990002,31.98,32.57,TSLA,1030200
271,32.740002,32.740002,2011-11-30,32.93,32.220001,32.50,TSLA,760300
272,31.75,31.75,2011-11-29,33.07,31.629999,32.490002,TSLA,591100
273,32.560001,32.560001,2011-11-28,33.279999,31.809999,32.00,TSLA,681200
274,31.66,31.66,2011-11-25,32.41,31.08,31.549999,TSLA,239600
275,31.450001,31.450001,2011-11-23,32.049999,31.25,31.76,TSLA,451800
276,32.07,32.07,2011-11-22,32.790001,31.049999,31.76,TSLA,732600
277,31.76,31.76,2011-11-21,32.439999,31.049999,32.439999,TSLA,1031600
278,32.599998,32.599998,2011-11-18,34.110001,32.540001,33.639999,TSLA,902800
279,33.68,33.68,2011-11-17,34.900002,33.189999,34.50,TSLA,1349300
280,34.939999,34.939999,2011-11-16,35.00,33.400002,33.48,TSLA,1833200
281,33.93,33.93,2011-11-15,34.400002,32.73,32.919998,TSLA,891000
282,33.220001,33.220001,2011-11-14,33.540001,32.619999,33.00,TSLA,1325700
283,33.639999,33.639999,2011-11-11,34.50,30.57,31.90,TSLA,3868300
284,31.33,31.33,2011-11-10,31.50,30.65,30.940001,TSLA,747300
285,30.879999,30.879999,2011-11-09,31.49,30.299999,30.870001,TSLA,953700
286,31.84,31.84,2011-11-08,32.00,30.719999,31.370001,TSLA,1167900
287,31.27,31.27,2011-11-07,32.00,30.75,31.639999,TSLA,1266300
288,32.310001,32.310001,2011-11-04,32.400002,30.51,31.459999,TSLA,3032900
289,32.459999,32.459999,2011-11-03,32.490002,29.530001,30.00,TSLA,2509700
290,28.709999,28.709999,2011-11-02,29.26,28.25,29.00,TSLA,875300
291,28.879999,28.879999,2011-11-01,28.92,28.00,28.389999,TSLA,635200
292,29.370001,29.370001,2011-10-31,29.51,28.75,29.50,TSLA,1134000
293,29.870001,29.870001,2011-10-28,30.00,28.01,28.50,TSLA,1264000
294,28.76,28.76,2011-10-27,28.950001,28.110001,28.34,TSLA,869400
295,27.98,27.98,2011-10-26,28.370001,27.40,28.190001,TSLA,510500
296,28.25,28.25,2011-10-25,28.860001,27.799999,28.23,TSLA,654400
297,28.549999,28.549999,2011-10-24,28.889999,27.75,27.870001,TSLA,940600
298,28.030001,28.030001,2011-10-21,28.299999,27.01,27.40,TSLA,1142600
299,27.34,27.34,2011-10-20,27.469999,27.00,27.440001,TSLA,999700
300,27.57,27.57,2011-10-19,28.059999,27.299999,28.02,TSLA,792900
301,28.34,28.34,2011-10-18,28.43,26.709999,27.299999,TSLA,999700
302,27.42,27.42,2011-10-17,28.00,27.26,27.860001,TSLA,754500
303,28.049999,28.049999,2011-10-14,28.549999,27.26,28.00,TSLA,1400500
304,27.940001,27.940001,2011-10-13,28.469999,27.440001,27.629999,TSLA,1043500
305,27.799999,27.799999,2011-10-12,28.00,27.200001,27.25,TSLA,1123400
306,27.610001,27.610001,2011-10-11,27.77,27.09,27.51,TSLA,575700
307,27.879999,27.879999,2011-10-10,28.18,27.00,27.309999,TSLA,923500
308,26.99,26.99,2011-10-07,27.60,26.049999,26.98,TSLA,1311600
309,26.959999,26.959999,2011-10-06,27.60,25.02,25.370001,TSLA,1769100
310,25.370001,25.370001,2011-10-05,25.84,23.35,24.030001,TSLA,1229500
311,23.66,23.66,2011-10-04,24.32,22.93,23.290001,TSLA,1200300
312,23.73,23.73,2011-10-03,25.00,23.25,24.950001,TSLA,1023200
313,24.389999,24.389999,2011-09-30,24.889999,23.49,24.799999,TSLA,1336100
314,24.120001,24.120001,2011-09-29,25.82,23.549999,25.719999,TSLA,929600
315,24.59,24.59,2011-09-28,26.50,24.51,26.00,TSLA,723300
316,26.190001,26.190001,2011-09-27,26.99,25.57,26.00,TSLA,674500
317,25.52,25.52,2011-09-26,26.52,24.90,26.52,TSLA,934800
318,26.379999,26.379999,2011-09-23,26.620001,25.35,25.49,TSLA,1156400
319,25.629999,25.629999,2011-09-22,26.110001,24.879999,25.639999,TSLA,775800
320,25.85,25.85,2011-09-21,26.950001,25.700001,25.950001,TSLA,987600
321,26.01,26.01,2011-09-20,26.60,25.67,25.98,TSLA,1180400
322,25.77,25.77,2011-09-19,25.809999,23.82,24.950001,TSLA,1157400
323,25.799999,25.799999,2011-09-16,25.84,24.49,24.780001,TSLA,1417100
324,24.82,24.82,2011-09-15,24.93,24.33,24.58,TSLA,562600
325,24.34,24.34,2011-09-14,24.84,23.790001,24.25,TSLA,830800
326,24.08,24.08,2011-09-13,24.10,22.75,23.01,TSLA,726500
327,22.879999,22.879999,2011-09-12,23.309999,22.450001,22.50,TSLA,566600
328,22.969999,22.969999,2011-09-09,23.57,22.549999,23.370001,TSLA,669300
329,23.610001,23.610001,2011-09-08,24.030001,23.280001,23.58,TSLA,505700
330,23.84,23.84,2011-09-07,24.00,23.280001,23.389999,TSLA,459200
331,22.940001,22.940001,2011-09-06,23.200001,22.290001,22.50,TSLA,809800
332,23.07,23.07,2011-09-02,23.99,22.68,23.66,TSLA,769900
333,24.00,24.00,2011-09-01,24.870001,23.84,24.66,TSLA,848100
334,24.74,24.74,2011-08-31,25.50,24.280001,24.799999,TSLA,823800
335,24.629999,24.629999,2011-08-30,24.77,24.09,24.50,TSLA,366200
336,24.709999,24.709999,2011-08-29,24.85,24.02,24.219999,TSLA,803400
337,23.73,23.73,2011-08-26,23.950001,22.07,22.709999,TSLA,761800
338,23.110001,23.110001,2011-08-25,23.870001,22.90,23.870001,TSLA,679800
339,23.870001,23.870001,2011-08-24,23.93,22.83,23.10,TSLA,684300
340,22.959999,22.959999,2011-08-23,23.110001,21.50,21.93,TSLA,869000
341,21.950001,21.950001,2011-08-22,23.799999,21.68,23.110001,TSLA,986100
342,22.299999,22.299999,2011-08-19,24.219999,22.00,23.860001,TSLA,1375300
343,24.26,24.26,2011-08-18,25.15,23.469999,25.00,TSLA,1056600
344,25.83,25.83,2011-08-17,26.65,25.51,26.389999,TSLA,643700
345,26.10,26.10,2011-08-16,26.540001,25.83,26.129999,TSLA,537700
346,26.23,26.23,2011-08-15,26.75,25.93,26.620001,TSLA,738600
347,26.309999,26.309999,2011-08-12,27.139999,25.360001,25.60,TSLA,1009100
348,25.299999,25.299999,2011-08-11,25.75,24.00,24.040001,TSLA,836500
349,23.82,23.82,2011-08-10,25.440001,23.629999,25.440001,TSLA,1564200
350,25.059999,25.059999,2011-08-09,25.450001,23.700001,24.15,TSLA,1333400
351,23.639999,23.639999,2011-08-08,24.440001,23.10,23.10,TSLA,2608500
352,24.24,24.24,2011-08-05,25.379999,22.83,24.99,TSLA,1964400
353,24.75,24.75,2011-08-04,26.889999,24.67,26.51,TSLA,3064500
354,27.200001,27.200001,2011-08-03,27.83,26.34,27.50,TSLA,1794500
355,27.34,27.34,2011-08-02,29.200001,27.27,28.690001,TSLA,1549400
356,28.77,28.77,2011-08-01,28.98,28.209999,28.67,TSLA,1164900
357,28.17,28.17,2011-07-29,28.40,27.50,27.799999,TSLA,948200
358,28.17,28.17,2011-07-28,28.549999,27.540001,27.60,TSLA,938700
359,27.639999,27.639999,2011-07-27,28.50,27.51,28.50,TSLA,958500
360,28.00,28.00,2011-07-26,28.77,27.969999,28.309999,TSLA,760600
361,28.49,28.49,2011-07-25,29.25,28.440001,29.01,TSLA,673300
362,29.290001,29.290001,2011-07-22,29.540001,28.549999,28.700001,TSLA,583500
363,28.700001,28.700001,2011-07-21,29.16,28.10,28.91,TSLA,1011500
364,28.690001,28.690001,2011-07-20,30.440001,27.799999,28.00,TSLA,3048300
365,27.889999,27.889999,2011-07-19,28.110001,27.540001,27.58,TSLA,1026100
366,27.23,27.23,2011-07-18,27.450001,26.629999,27.34,TSLA,851900
367,27.58,27.58,2011-07-15,27.83,27.40,27.790001,TSLA,709000
368,27.610001,27.610001,2011-07-14,28.959999,27.25,28.530001,TSLA,1159000
369,28.639999,28.639999,2011-07-13,29.030001,27.90,28.43,TSLA,1066000
370,28.17,28.17,2011-07-12,29.09,28.00,28.370001,TSLA,1045400
371,28.35,28.35,2011-07-11,28.530001,28.00,28.40,TSLA,975800
372,28.809999,28.809999,2011-07-08,29.889999,28.59,29.889999,TSLA,1240600
373,29.73,29.73,2011-07-07,30.00,29.01,29.139999,TSLA,1327900
374,28.959999,28.959999,2011-07-06,29.139999,28.549999,29.139999,TSLA,926900
375,29.139999,29.139999,2011-07-05,29.52,28.709999,29.02,TSLA,996000
376,29.02,29.02,2011-07-01,29.60,28.799999,29.07,TSLA,854900
377,29.129999,29.129999,2011-06-30,29.33,28.40,28.50,TSLA,946700
378,28.290001,28.290001,2011-06-29,29.09,28.07,28.50,TSLA,1461800
379,28.110001,28.110001,2011-06-28,28.25,27.67,27.790001,TSLA,889200
380,27.459999,27.459999,2011-06-27,28.280001,27.309999,27.73,TSLA,1809400
381,27.57,27.57,2011-06-24,27.969999,27.26,27.639999,TSLA,3608500
382,27.709999,27.709999,2011-06-23,27.719999,26.209999,27.200001,TSLA,1170000
383,27.209999,27.209999,2011-06-22,28.25,27.10,27.370001,TSLA,1475600
384,27.530001,27.530001,2011-06-21,27.73,26.00,26.24,TSLA,1496000
385,26.01,26.01,2011-06-20,26.459999,25.50,26.290001,TSLA,1537800
386,26.50,26.50,2011-06-17,27.700001,26.139999,26.870001,TSLA,1714000
387,26.50,26.50,2011-06-16,28.00,25.74,27.67,TSLA,1842200
388,27.32,27.32,2011-06-15,28.450001,27.07,28.440001,TSLA,1345000
389,28.60,28.60,2011-06-14,29.700001,28.52,28.540001,TSLA,1573400
390,28.43,28.43,2011-06-13,28.879999,27.879999,28.07,TSLA,1713400
391,27.860001,27.860001,2011-06-10,28.299999,27.35,27.52,TSLA,1566600
392,27.620001,27.620001,2011-06-09,28.10,27.10,27.43,TSLA,1603200
393,27.120001,27.120001,2011-06-08,28.60,27.02,28.440001,TSLA,1695900
394,28.370001,28.370001,2011-06-07,29.389999,28.26,28.940001,TSLA,1222100
395,28.700001,28.700001,2011-06-06,30.129999,28.26,30.10,TSLA,2331100
396,30.129999,30.129999,2011-06-03,31.50,29.50,29.950001,TSLA,6209200
397,28.76,28.76,2011-06-02,29.32,28.51,28.52,TSLA,986300
398,28.52,28.52,2011-06-01,30.10,28.379999,30.00,TSLA,1529900
399,30.139999,30.139999,2011-05-31,30.280001,29.549999,29.690001,TSLA,3290500
400,29.549999,29.549999,2011-05-27,29.67,28.82,29.540001,TSLA,1687100
401,29.48,29.48,2011-05-26,29.76,28.10,28.82,TSLA,3336900
402,28.98,28.98,2011-05-25,29.01,26.17,26.90,TSLA,4693100
403,26.719999,26.719999,2011-05-24,27.50,26.60,27.02,TSLA,613700
404,26.82,26.82,2011-05-23,27.620001,26.620001,27.620001,TSLA,863600
405,27.969999,27.969999,2011-05-20,28.280001,27.35,28.26,TSLA,842500
406,28.200001,28.200001,2011-05-19,28.440001,26.60,27.030001,TSLA,2655100
407,26.35,26.35,2011-05-18,26.469999,25.52,26.10,TSLA,729500
408,25.959999,25.959999,2011-05-17,27.00,25.719999,27.00,TSLA,1234200
409,26.60,26.60,2011-05-16,27.99,26.549999,27.99,TSLA,755700
410,27.549999,27.549999,2011-05-13,28.190001,27.299999,28.00,TSLA,661500
411,27.67,27.67,2011-05-12,27.74,26.65,27.07,TSLA,628000
412,27.07,27.07,2011-05-11,28.299999,26.92,28.200001,TSLA,962500
413,28.33,28.33,2011-05-10,28.950001,27.91,28.24,TSLA,1535300
414,27.91,27.91,2011-05-09,28.00,26.85,27.00,TSLA,916400
415,27.120001,27.120001,2011-05-06,27.700001,26.620001,26.90,TSLA,981700
416,26.440001,26.440001,2011-05-05,27.440001,26.17,27.200001,TSLA,1218500
417,26.690001,26.690001,2011-05-04,27.00,25.75,26.780001,TSLA,1044500
418,26.870001,26.870001,2011-05-03,27.389999,26.50,27.379999,TSLA,913900
419,27.450001,27.450001,2011-05-02,27.799999,27.059999,27.60,TSLA,784600
420,27.60,27.60,2011-04-29,27.870001,27.42,27.690001,TSLA,726000
421,27.66,27.66,2011-04-28,27.690001,26.719999,27.07,TSLA,1600000
422,27.08,27.08,2011-04-27,27.360001,26.629999,26.93,TSLA,996900
423,26.93,26.93,2011-04-26,27.25,26.309999,26.66,TSLA,1400000
424,26.389999,26.389999,2011-04-25,26.73,25.969999,26.700001,TSLA,800900
425,26.74,26.74,2011-04-21,26.98,25.59,25.85,TSLA,1386100
426,25.75,25.75,2011-04-20,26.09,25.299999,25.700001,TSLA,837200
427,25.16,25.16,2011-04-19,25.26,24.65,25.26,TSLA,548700
428,25.030001,25.030001,2011-04-18,25.620001,24.360001,25.129999,TSLA,1033900
429,25.58,25.58,2011-04-15,26.18,25.41,25.65,TSLA,943500
430,25.139999,25.139999,2011-04-14,25.280001,24.200001,24.870001,TSLA,983400
431,24.93,24.93,2011-04-13,25.690001,24.809999,25.129999,TSLA,1211500
432,24.65,24.65,2011-04-12,25.209999,24.299999,25.08,TSLA,1357400
433,25.27,25.27,2011-04-11,26.530001,25.02,26.469999,TSLA,1369400
434,26.49,26.49,2011-04-08,27.60,26.360001,27.58,TSLA,1946400
435,27.24,27.24,2011-04-07,27.940001,26.450001,26.85,TSLA,2810300
436,26.49,26.49,2011-04-06,27.01,25.799999,26.99,TSLA,1288300
437,26.700001,26.700001,2011-04-05,27.00,25.690001,25.90,TSLA,3180900
438,25.83,25.83,2011-04-04,27.00,25.23,26.83,TSLA,2609300
439,26.66,26.66,2011-04-01,28.18,26.57,27.450001,TSLA,2864800
440,27.75,27.75,2011-03-31,28.709999,26.50,26.549999,TSLA,11517800
441,23.709999,23.709999,2011-03-30,24.49,23.01,24.110001,TSLA,1223300
442,23.92,23.92,2011-03-29,24.00,23.209999,23.299999,TSLA,755400
443,23.25,23.25,2011-03-28,23.540001,22.549999,22.700001,TSLA,1058100
444,22.75,22.75,2011-03-25,23.00,22.40,22.43,TSLA,568000
445,22.33,22.33,2011-03-24,22.379999,21.98,22.139999,TSLA,462200
446,22.209999,22.209999,2011-03-23,22.27,21.77,22.110001,TSLA,422800
447,22.190001,22.190001,2011-03-22,22.860001,22.00,22.73,TSLA,582900
448,22.73,22.73,2011-03-21,23.049999,22.540001,23.049999,TSLA,411700
449,22.959999,22.959999,2011-03-18,23.190001,22.51,23.190001,TSLA,687900
450,22.809999,22.809999,2011-03-17,23.43,22.639999,23.24,TSLA,922600
451,22.82,22.82,2011-03-16,23.25,22.690001,22.860001,TSLA,1169700
452,22.950001,22.950001,2011-03-15,22.959999,21.799999,22.200001,TSLA,1318800
453,23.25,23.25,2011-03-14,24.00,23.200001,23.82,TSLA,1166000
454,24.07,24.07,2011-03-11,24.25,23.530001,23.85,TSLA,930800
455,24.01,24.01,2011-03-10,24.49,23.73,24.440001,TSLA,1017000
456,24.719999,24.719999,2011-03-09,24.99,24.27,24.66,TSLA,924800
457,24.66,24.66,2011-03-08,24.959999,24.00,24.60,TSLA,1399900
458,24.940001,24.940001,2011-03-07,25.40,24.700001,24.93,TSLA,2033600
459,24.950001,24.950001,2011-03-04,24.99,23.780001,24.48,TSLA,1580100
460,24.360001,24.360001,2011-03-03,24.790001,24.059999,24.48,TSLA,640200
461,24.02,24.02,2011-03-02,24.280001,23.73,23.82,TSLA,663300
462,23.940001,23.940001,2011-03-01,24.32,23.700001,24.049999,TSLA,1106400
463,23.889999,23.889999,2011-02-28,24.10,23.50,23.74,TSLA,1051200
464,23.610001,23.610001,2011-02-25,23.85,22.690001,22.809999,TSLA,1346300
465,22.530001,22.530001,2011-02-24,22.58,21.50,21.780001,TSLA,1055300
466,21.83,21.83,2011-02-23,22.50,21.110001,22.18,TSLA,1605600
467,21.870001,21.870001,2011-02-22,23.00,21.780001,22.879999,TSLA,2064600
468,23.18,23.18,2011-02-18,23.49,22.959999,23.33,TSLA,2370700
469,23.60,23.60,2011-02-17,25.49,23.549999,24.629999,TSLA,2618400
470,24.73,24.73,2011-02-16,24.969999,23.07,23.10,TSLA,4115100
471,22.84,22.84,2011-02-15,23.17,22.559999,23.01,TSLA,953700
472,23.08,23.08,2011-02-14,24.139999,23.049999,23.639999,TSLA,1283100
473,23.25,23.25,2011-02-11,23.75,22.940001,23.25,TSLA,634500
474,23.219999,23.219999,2011-02-10,23.639999,22.809999,23.26,TSLA,836100
475,23.209999,23.209999,2011-02-09,24.18,22.790001,24.129999,TSLA,2635600
476,24.49,24.49,2011-02-08,25.25,23.00,23.780001,TSLA,3504900
477,23.07,23.07,2011-02-07,23.26,22.879999,23.26,TSLA,895100
478,23.459999,23.459999,2011-02-04,23.67,23.219999,23.440001,TSLA,544000
479,23.629999,23.629999,2011-02-03,23.90,23.15,23.82,TSLA,512000
480,23.940001,23.940001,2011-02-02,24.18,23.67,24.16,TSLA,569500
481,23.91,23.91,2011-02-01,24.73,23.540001,24.309999,TSLA,707800
482,24.10,24.10,2011-01-31,24.120001,23.50,24.049999,TSLA,830300
483,24.01,24.01,2011-01-28,24.879999,23.75,24.879999,TSLA,1048400
484,24.92,24.92,2011-01-27,25.08,24.530001,24.74,TSLA,895700
485,24.75,24.75,2011-01-26,24.879999,24.10,24.709999,TSLA,1079900
486,24.68,24.68,2011-01-25,24.889999,24.02,24.65,TSLA,1271500
487,24.49,24.49,2011-01-24,24.809999,23.23,23.530001,TSLA,1645100
488,23.040001,23.040001,2011-01-21,23.59,22.709999,23.120001,TSLA,1217000
489,22.620001,22.620001,2011-01-20,24.450001,22.370001,24.030001,TSLA,2279900
490,24.030001,24.030001,2011-01-19,25.469999,23.75,25.27,TSLA,2371500
491,25.639999,25.639999,2011-01-18,25.639999,24.75,25.48,TSLA,1621700
492,25.75,25.75,2011-01-14,26.58,25.610001,26.15,TSLA,1192000
493,26.219999,26.219999,2011-01-13,26.969999,26.16,26.959999,TSLA,723600
494,26.959999,26.959999,2011-01-12,27.40,26.52,27.01,TSLA,964400
495,26.959999,26.959999,2011-01-11,28.709999,26.92,28.59,TSLA,1710200
496,28.450001,28.450001,2011-01-10,28.68,28.049999,28.17,TSLA,1342700
497,28.24,28.24,2011-01-07,28.58,27.90,28.00,TSLA,2247900
498,27.879999,27.879999,2011-01-06,28.00,26.809999,26.83,TSLA,2061200
499,26.83,26.83,2011-01-05,26.90,26.190001,26.48,TSLA,1446700
500,26.67,26.67,2011-01-04,26.950001,26.02,26.66,TSLA,1187400
501,26.620001,26.620001,2011-01-03,27.00,25.90,26.84,TSLA,1283000
