,Adj_Close,Close,Date,High,Low,Open,Symbol,Volume
0,70.220263,532.169991,2012-12-31,535.400024,509.000008,510.529976,AAPL,164873100
1,67.240812,509.589981,2012-12-28,514.480026,508.119987,510.290024,AAPL,88569600
2,67.962587,515.060013,2012-12-27,516.25,504.659988,513.539978,AAPL,113780100
3,67.690766,512.999992,2012-12-26,519.460007,511.120003,519.000023,AAPL,75609100
4,68.636852,520.169983,2012-12-24,524.250023,518.709976,520.350014,AAPL,43938300
5,68.526018,519.330017,2012-12-21,519.669998,510.239983,512.469994,AAPL,149067100
6,68.8427,521.730019,2012-12-20,530.200012,518.88002,530.000008,AAPL,120422400
7,69.447031,526.30999,2012-12-19,533.700012,525.499985,531.470001,AAPL,112342300
8,70.448541,533.900017,2012-12-18,534.899986,520.249985,525.00,AAPL,156421300
9,68.460037,518.829979,2012-12-17,519.999992,501.230003,508.929993,AAPL,189401800
10,67.267203,509.789986,2012-12-14,518.12999,505.580009,514.749992,AAPL,252394800
11,69.893024,529.689987,2012-12-13,537.640022,525.800018,531.149994,AAPL,156314900
12,71.121488,539.00,2012-12-12,547.999992,536.270004,547.769974,AAPL,121786000
13,71.436852,541.390015,2012-12-11,549.559975,537.370003,539.770004,AAPL,148086400
14,69.910177,529.819977,2012-12-10,538.510002,521.580002,525.00,AAPL,157621100
15,70.362773,533.250015,2012-12-07,555.199997,530.000008,553.400009,AAPL,196760200
16,72.208759,547.239975,2012-12-06,553.31002,518.629974,528.94001,AAPL,294303100
17,71.093779,538.790009,2012-12-05,569.249985,538.769981,568.910004,AAPL,261159500
18,75.983872,575.849976,2012-12-04,581.800018,572.129997,581.800018,AAPL,139267100
19,77.34825,586.190025,2012-12-03,594.590004,585.500023,593.650009,AAPL,91070000
20,77.22817,585.279991,2012-11-30,588.400009,582.679985,586.789986,AAPL,97829900
21,77.766528,589.359978,2012-11-29,594.250023,585.249977,590.220024,AAPL,128674700
22,76.919409,582.940018,2012-11-28,585.800003,572.259987,577.269981,AAPL,130216100
23,77.162197,584.780006,2012-11-27,590.419975,580.100006,589.549995,AAPL,133332500
24,77.788965,589.530022,2012-11-26,589.999992,573.710007,575.900017,AAPL,157644900
25,75.409892,571.500023,2012-11-23,572.000008,562.600006,567.169991,AAPL,68206600
26,74.116773,561.700012,2012-11-21,567.369995,556.599976,564.249977,AAPL,93250500
27,74.012528,560.909981,2012-11-20,571.95002,554.580009,571.910019,AAPL,160688500
28,74.648535,565.730011,2012-11-19,567.499985,539.88002,540.709999,AAPL,205829400
29,69.627806,527.680008,2012-11-16,530.000008,505.75,525.200005,AAPL,316723400
30,69.355985,525.619987,2012-11-15,539.499985,522.620026,537.530006,AAPL,197477700
31,70.841753,536.880005,2012-11-14,547.45002,536.180016,545.500015,AAPL,119292600
32,71.636097,542.900009,2012-11-13,550.479996,536.359993,538.910011,AAPL,133237300
33,71.626859,542.829994,2012-11-12,554.500008,538.649979,554.149986,AAPL,128950500
34,72.185011,547.059998,2012-11-09,554.87999,533.719986,540.420006,AAPL,232478400
35,70.956548,537.749985,2012-11-08,562.230011,535.290009,560.629974,AAPL,264036500
36,73.628554,558.000008,2012-11-07,574.539986,555.750023,573.839996,AAPL,198412200
37,76.557859,582.849976,2012-11-06,590.739983,580.090019,590.230011,AAPL,93729300
38,76.790354,584.620003,2012-11-05,587.769981,577.599976,583.520004,AAPL,132283900
39,75.763191,576.800011,2012-11-02,596.950005,574.749977,595.890007,AAPL,149843400
40,78.356057,596.540009,2012-11-01,603.000023,594.170021,598.219994,AAPL,90324500
41,78.195809,595.320007,2012-10-31,601.959999,587.70002,594.879997,AAPL,127500800
42,79.335933,603.999992,2012-10-26,614.000008,591.000015,609.430023,AAPL,254608200
43,80.063616,609.539986,2012-10-25,621.999977,605.549988,619.999985,AAPL,164081400
44,81.021163,616.829979,2012-10-24,626.549988,610.639984,621.440018,AAPL,139631800
45,80.565377,613.359993,2012-10-23,633.900009,611.699982,631.000023,AAPL,176786400
46,83.2804,634.029999,2012-10-22,635.37999,610.759987,612.419998,AAPL,136682700
47,80.103025,609.840019,2012-10-19,631.769974,609.619987,631.050011,AAPL,186021500
48,83.097824,632.640007,2012-10-18,642.059982,630.00,639.590019,AAPL,119156100
49,84.670093,644.610001,2012-10-17,652.790001,644.00,648.870018,AAPL,97259400
50,85.350489,649.789986,2012-10-16,650.300011,631.000023,635.370003,AAPL,137442900
51,83.376287,634.760002,2012-10-15,635.129997,623.850006,632.350014,AAPL,108125500
52,82.712966,629.710007,2012-10-12,635.37999,625.300026,629.55999,AAPL,115003700
53,82.501488,628.099983,2012-10-11,647.20002,628.099983,646.499977,AAPL,136520300
54,84.184094,640.909996,2012-10-10,644.979996,637.00,639.739983,AAPL,127589000
55,83.519461,635.850014,2012-10-09,640.490013,623.550026,638.650024,AAPL,209649300
56,83.824195,638.170013,2012-10-08,647.559975,636.109993,646.880013,AAPL,159498500
57,85.718273,652.589996,2012-10-05,666.000023,651.280006,665.200005,AAPL,148501500
58,87.584767,666.799988,2012-10-04,674.249985,665.550026,671.250023,AAPL,92681400
59,88.195547,671.449974,2012-10-03,671.860023,662.630013,664.860023,AAPL,106070300
60,86.86365,661.309982,2012-10-02,666.349991,650.649979,661.81002,AAPL,156998100
61,86.611458,659.389992,2012-10-01,676.750015,656.499992,671.159981,AAPL,135898700
62,87.624177,667.100021,2012-09-28,681.110008,666.75,678.750008,AAPL,133777700
63,89.491984,681.32,2012-09-27,682.170006,660.350014,664.290024,AAPL,148522500
64,87.371978,665.179977,2012-09-26,672.690002,661.20002,668.740005,AAPL,144125800
65,88.470075,673.540009,2012-09-25,692.780022,673.000023,688.260025,AAPL,129697400
66,90.735879,690.790016,2012-09-24,695.119995,682.999985,686.859993,AAPL,159941600
67,91.957438,700.089989,2012-09-21,705.070023,699.359985,702.409988,AAPL,142897300
68,91.774862,698.699997,2012-09-20,700.059975,693.619987,699.159981,AAPL,84142100
69,92.221458,702.100021,2012-09-19,703.989998,699.569977,700.259979,AAPL,81718700
70,92.196499,701.910004,2012-09-18,702.329987,696.419998,699.879997,AAPL,93375800
71,91.916724,699.780022,2012-09-17,699.799995,694.610023,699.349998,AAPL,99507800
72,90.800241,691.280014,2012-09-14,696.980011,687.889977,689.959984,AAPL,150118500
73,89.710028,682.980011,2012-09-13,685.500015,674.769997,677.370003,AAPL,149590000
74,87.97751,669.790016,2012-09-12,669.899979,656.000008,666.849976,AAPL,178058300
75,86.769083,660.590019,2012-09-11,670.099983,656.499992,665.110016,AAPL,125995800
76,87.051481,662.739975,2012-09-10,683.289978,662.100014,680.45002,AAPL,121999500
77,89.376392,680.43998,2012-09-07,682.480026,675.77002,678.050018,AAPL,82416600
78,88.828662,676.270004,2012-09-06,678.290024,670.800026,673.170013,AAPL,97799100
79,88.035306,670.230026,2012-09-05,676.350006,669.599998,675.570015,AAPL,84093800
80,88.657906,674.970001,2012-09-04,675.139992,664.500015,665.760017,AAPL,91973000
81,87.379862,665.240005,2012-08-31,668.599976,657.250023,667.249985,AAPL,84580300
82,87.199909,663.869987,2012-08-30,671.550003,662.849991,670.640022,AAPL,75674900
83,88.460879,673.469994,2012-08-29,677.669983,672.600014,675.250008,AAPL,50701700
84,88.635578,674.800011,2012-08-28,676.100014,670.669983,674.979988,AAPL,66854200
85,88.751162,675.679977,2012-08-27,680.870003,673.540009,679.989983,AAPL,106752100
86,87.114531,663.219986,2012-08-24,669.479996,655.550011,659.509995,AAPL,109335100
87,87.037038,662.630013,2012-08-23,669.899979,661.149979,666.109985,AAPL,105032200
88,87.856665,668.869995,2012-08-22,668.999985,648.110001,654.419998,AAPL,141330700
89,86.174058,656.059982,2012-08-21,674.880013,650.330025,670.82,AAPL,203179900
90,87.368042,665.150017,2012-08-20,665.150017,649.900002,650.010017,AAPL,153346200
91,85.129821,648.110001,2012-08-17,648.190002,638.809975,640.000015,AAPL,110690300
92,83.583823,636.340012,2012-08-16,636.759995,630.499985,631.210014,AAPL,63633500
93,82.860075,630.829979,2012-08-15,633.999985,627.750015,631.300003,AAPL,64335600
94,82.973043,631.690025,2012-08-14,638.610023,630.209991,631.870003,AAPL,85042300
95,82.751057,630.00,2012-08-13,630.00,623.249992,623.390022,AAPL,69708100
96,81.660844,621.699997,2012-08-10,621.760025,618.699982,618.710022,AAPL,48734700
97,81.533432,620.729988,2012-08-09,621.730011,617.799988,617.849976,AAPL,55410600
98,81.071081,619.860008,2012-08-08,623.88002,617.099998,619.389984,AAPL,61176500
99,81.208411,620.910019,2012-08-07,624.999992,618.039993,622.769981,AAPL,72611700
100,81.422904,622.550003,2012-08-06,624.870003,615.26001,617.290016,AAPL,75525800
101,80.526999,615.70002,2012-08-03,617.980019,611.560005,613.630013,AAPL,86230200
102,79.492451,607.789986,2012-08-02,610.690025,600.25,602.840019,AAPL,83039600
103,79.364278,606.80999,2012-08-01,616.400009,603.000023,615.910011,AAPL,96125400
104,79.880895,610.759987,2012-07-31,611.699982,602.720016,603.229988,AAPL,115581900
105,77.823583,595.030014,2012-07-30,599.439995,587.820023,590.920013,AAPL,94785600
106,76.532688,585.159988,2012-07-27,585.830017,571.590012,575.01001,AAPL,100984100
107,75.188178,574.88002,2012-07-26,580.399986,570.360023,579.760025,AAPL,101658200
108,75.199948,574.970009,2012-07-25,580.799995,570.000015,574.459984,AAPL,219328200
109,78.593927,600.919975,2012-07-24,609.680016,598.509987,607.37999,AAPL,141283100
110,78.974527,603.830002,2012-07-23,605.900009,587.710007,594.399986,AAPL,121993900
111,79.036001,604.300026,2012-07-20,614.440018,603.700012,613.029999,AAPL,99367800
112,80.346509,614.320015,2012-07-19,615.349998,605.999985,611.279999,AAPL,109215400
113,79.292347,606.260017,2012-07-18,608.340012,603.559982,606.590012,AAPL,63175000
114,79.381279,606.93998,2012-07-17,611.499977,603.149986,610.790001,AAPL,73406200
115,79.377361,606.910019,2012-07-16,611.61998,605.019989,605.120018,AAPL,75315100
116,79.123627,604.970001,2012-07-13,607.190025,600.000008,602.949982,AAPL,77856800
117,78.329737,598.900009,2012-07-12,603.469994,592.68,600.240013,AAPL,107010400
118,79.053003,604.430016,2012-07-11,607.659996,597.220024,606.119987,AAPL,117330500
119,79.547387,608.210022,2012-07-10,619.869995,605.309982,617.969978,AAPL,127989400
120,80.290267,613.889992,2012-07-09,613.899979,604.110008,605.299995,AAPL,94851400
121,79.242643,605.879982,2012-07-06,608.439987,601.580017,607.089996,AAPL,104732600
122,79.773649,609.939995,2012-07-05,614.339989,599.649986,600.56002,AAPL,121095800
123,78.396436,599.409981,2012-07-03,600.000008,593.999977,594.879997,AAPL,60428200
124,77.495299,592.519997,2012-07-02,593.469978,583.600006,584.730019,AAPL,100023000
125,76.380976,584.000015,2012-06-29,584.000015,574.249992,577.999985,AAPL,105375200
126,74.425671,569.04998,2012-06-28,574.00,565.610008,571.670013,AAPL,70709100
127,75.138474,574.499985,2012-06-27,576.739983,571.920006,575.000023,AAPL,50749300
128,74.815429,572.030022,2012-06-26,574.489998,567.329994,571.329979,AAPL,69134100
129,74.650634,570.77002,2012-06-25,579.800026,570.37001,577.299995,AAPL,76095600
130,76.132474,582.099998,2012-06-22,582.189987,575.420006,579.040009,AAPL,71117900
131,75.553077,577.669991,2012-06-21,588.219978,577.440025,585.439995,AAPL,81587800
132,76.608544,585.739975,2012-06-20,589.250015,580.799995,588.209991,AAPL,89735800
133,76.826969,587.410027,2012-06-19,589.999992,583.100021,583.400002,AAPL,90351100
134,76.613776,585.779976,2012-06-18,587.889984,570.37001,570.959984,AAPL,110103000
135,75.090082,574.12999,2012-06-15,574.619987,569.550018,570.999985,AAPL,83813800
136,74.750029,571.529984,2012-06-14,573.500015,567.259979,571.23999,AAPL,86393300
137,74.83243,572.160011,2012-06-13,578.479996,570.379997,574.520012,AAPL,73395000
138,75.355585,576.159996,2012-06-12,576.61998,566.70002,574.459984,AAPL,108845100
139,74.702944,571.169975,2012-06-11,588.499985,570.62999,587.719994,AAPL,147816200
140,75.899667,580.319984,2012-06-08,580.580017,568.999992,571.599998,AAPL,86879100
141,74.774881,571.720001,2012-06-07,577.320023,570.50,577.290009,AAPL,94941700
142,74.740879,571.460022,2012-06-06,573.849983,565.499992,567.770004,AAPL,100363900
143,73.612167,562.830025,2012-06-05,566.470001,558.330002,561.269989,AAPL,97053600
144,73.803114,564.289978,2012-06-04,567.499985,548.499977,561.500008,AAPL,139248900
145,73.371509,560.989983,2012-06-01,572.650009,560.520012,569.159996,AAPL,130246900
146,75.560928,577.730019,2012-05-31,581.499985,571.460022,580.740021,AAPL,122918600
147,75.749262,579.169998,2012-05-30,579.98999,566.55999,569.199997,AAPL,132357400
148,74.846812,572.269974,2012-05-29,574.00,565.309975,570.900009,AAPL,95127200
149,73.541536,562.289986,2012-05-25,565.850014,558.469978,564.590012,AAPL,82126800
150,73.937831,565.320015,2012-05-24,576.499977,561.229988,575.870003,AAPL,124057500
151,74.623162,570.559975,2012-05-23,572.800026,553.230019,557.500023,AAPL,146224400
152,72.845742,556.970024,2012-05-22,573.879997,552.580017,569.550018,AAPL,173717600
153,73.409437,561.279976,2012-05-21,561.540009,534.04998,534.499977,AAPL,157776500
154,69.368049,530.37999,2012-05-18,543.409981,522.180016,533.959991,AAPL,183073100
155,69.334046,530.12001,2012-05-17,547.500008,530.12001,545.309998,AAPL,179305000
156,71.421443,546.080002,2012-05-16,556.890022,541.039993,554.050011,AAPL,140224000
157,72.348738,553.169991,2012-05-15,563.219994,551.749985,561.45002,AAPL,119084000
158,73.009223,558.219986,2012-05-14,567.510025,557.599998,562.569992,AAPL,88156600
159,74.119627,566.710007,2012-05-11,574.470024,564.350006,565.000008,AAPL,99886500
160,74.617931,570.519974,2012-05-10,575.87999,568.43998,574.579987,AAPL,83300000
161,74.442679,569.180023,2012-05-09,573.980026,560.850006,563.700005,AAPL,120176000
162,74.311887,568.18,2012-05-08,571.500023,558.730011,569.579979,AAPL,124313000
163,74.481914,569.480003,2012-05-07,572.770012,561.229988,561.500008,AAPL,115029600
164,73.928674,565.25,2012-05-04,578.359993,565.169998,577.080017,AAPL,132498100
165,76.095852,581.819992,2012-05-03,591.400024,580.300011,590.499977,AAPL,97637400
166,76.639935,585.97998,2012-05-02,587.399986,578.859978,580.239983,AAPL,106847300
167,76.1364,582.130013,2012-05-01,596.759987,581.230019,584.900009,AAPL,152749800
168,76.378357,583.979988,2012-04-30,598.400024,582.999992,597.800011,AAPL,126536200
169,78.865975,603.000023,2012-04-27,606.180016,600.499992,605.069977,AAPL,101680600
170,79.480681,607.699997,2012-04-26,614.69001,602.12999,614.269974,AAPL,134017100
171,79.7815,610.000023,2012-04-25,617.999992,605.999985,615.639992,AAPL,226444400
172,73.278652,560.280006,2012-04-24,567.690002,554.999992,562.609993,AAPL,269037300
173,74.772262,571.699974,2012-04-23,576.670021,556.620003,570.610016,AAPL,241632300
174,74.939676,572.980003,2012-04-20,594.620018,570.419998,591.379997,AAPL,257746300
175,76.830888,587.439987,2012-04-19,604.729996,584.519974,600.219986,AAPL,208679800
176,79.564388,608.340012,2012-04-18,620.249977,602.709976,613.720001,AAPL,238632800
177,79.742259,609.699989,2012-04-17,610.000023,571.910019,578.93998,AAPL,256382000
178,75.874822,580.13002,2012-04-16,610.279976,578.249977,610.059998,AAPL,262696700
179,79.157629,605.22998,2012-04-13,624.700012,603.509995,624.109985,AAPL,214911200
180,81.451675,622.769981,2012-04-12,631.330017,620.500023,624.999992,AAPL,153584200
181,81.900287,626.20002,2012-04-11,636.87001,623.339981,636.199982,AAPL,174153700
182,82.193255,628.440018,2012-04-10,644.00,626.000015,639.93,AAPL,222431300
183,83.212101,636.229996,2012-04-09,639.840012,625.300026,626.130005,AAPL,149384200
184,82.878586,633.679977,2012-04-05,634.660027,623.400009,626.980011,AAPL,160324500
185,81.653091,624.30999,2012-04-04,625.859985,617.000023,624.349991,AAPL,143245200
186,82.308345,629.319984,2012-04-03,632.209984,622.510002,627.300018,AAPL,208639900
187,80.910212,618.63002,2012-04-02,618.769997,600.37999,601.830009,AAPL,149587900
188,78.41475,599.550011,2012-03-30,610.559982,597.939987,608.769981,AAPL,182759500
189,79.763186,609.859993,2012-03-29,616.560013,607.230026,612.780006,AAPL,152059600
190,80.778113,617.62001,2012-03-28,621.450005,610.30999,618.379974,AAPL,163865100
191,80.367436,614.480019,2012-03-27,616.280006,606.060013,606.180016,AAPL,151782400
192,79.386511,606.97998,2012-03-26,607.150024,595.259979,599.790016,AAPL,148935500
193,77.956987,596.050011,2012-03-23,601.799995,594.399986,600.490005,AAPL,107622200
194,78.387285,599.340019,2012-03-22,604.499977,595.529999,597.779984,AAPL,155967700
195,78.800575,602.499985,2012-03-21,609.650002,601.410027,602.73999,AAPL,161010500
196,79.253106,605.959984,2012-03-20,606.899979,591.480026,599.51001,AAPL,204165500
197,78.617473,601.100006,2012-03-19,601.769981,589.050011,598.37001,AAPL,225309000
198,76.586312,585.569984,2012-03-16,589.199974,577.999985,584.719978,AAPL,206371900
199,76.585005,585.559998,2012-03-15,600.009995,578.550011,599.609985,AAPL,289929500
200,77.11078,589.580009,2012-03-14,594.719994,575.399979,578.050026,AAPL,354711000
201,74.301424,568.099998,2012-03-13,568.18,555.750023,557.540024,AAPL,172713800
202,72.195712,551.999977,2012-03-12,551.999977,547.000023,548.979988,AAPL,101820600
203,71.302427,545.170021,2012-03-09,547.740013,543.110001,544.209999,AAPL,104729800
204,70.886511,541.989975,2012-03-08,542.989998,532.120003,534.689995,AAPL,129114300
205,69.408596,530.69001,2012-03-07,537.779999,523.299988,536.800003,AAPL,199630200
206,69.352353,530.259987,2012-03-06,533.690025,516.219986,523.659996,AAPL,202559700
207,69.731648,533.160027,2012-03-05,547.47998,526.000023,545.420013,AAPL,202281100
208,71.303733,545.180008,2012-03-02,546.800018,542.519974,544.240013,AAPL,107928100
209,71.210869,544.469978,2012-03-01,548.209984,538.769981,548.169983,AAPL,170817500
210,70.945373,542.440025,2012-02-29,547.610023,535.700005,541.560005,AAPL,238002800
211,70.025922,535.410011,2012-02-28,535.410011,525.850006,527.960014,AAPL,150096800
212,68.763805,525.760017,2012-02-27,528.50,516.280014,521.309982,AAPL,136895500
213,68.325656,522.409981,2012-02-24,522.899979,518.640015,519.669998,AAPL,103768000
214,67.538304,516.389977,2012-02-23,517.830009,509.499992,515.079987,AAPL,142006900
215,67.100162,513.039993,2012-02-22,515.489983,509.070023,513.079994,AAPL,120825600
216,67.336894,514.850021,2012-02-21,514.850021,504.120003,506.880013,AAPL,151398800
217,65.671945,502.12001,2012-02-17,507.77002,500.299995,503.109993,AAPL,133951300
218,65.683714,502.209999,2012-02-16,504.890007,486.62999,491.500008,AAPL,236138000
219,65.089927,497.669975,2012-02-15,526.290016,496.889984,514.259995,AAPL,376530000
220,66.631936,509.459991,2012-02-14,509.56002,502.000008,504.659988,AAPL,115099600
221,65.734725,502.600021,2012-02-13,503.830009,497.089989,499.529991,AAPL,129304000
222,64.534076,493.419998,2012-02-10,497.619987,488.54998,490.960022,AAPL,157825500
223,64.501379,493.170006,2012-02-09,496.750008,480.559998,480.760002,AAPL,221053700
224,62.344664,476.680016,2012-02-08,476.789978,469.699989,470.500008,AAPL,101972500
225,61.317967,468.830009,2012-02-07,469.749977,464.579979,465.250008,AAPL,79055900
226,60.682327,463.969978,2012-02-06,464.979988,458.20002,458.379997,AAPL,62353200
227,60.121244,459.68,2012-02-03,460.000008,455.560013,457.300026,AAPL,71649900
228,59.524845,455.120003,2012-02-02,457.169983,453.980003,455.899994,AAPL,46699100
229,59.664787,456.189987,2012-02-01,458.989998,455.550026,458.410011,AAPL,67511500
230,59.702715,456.47998,2012-01-31,458.240021,453.070023,455.589973,AAPL,97920900
231,59.248878,453.009995,2012-01-30,453.900002,445.390007,445.709988,AAPL,94835300
232,58.499457,447.28001,2012-01-27,448.480011,443.769997,444.339996,AAPL,74927300
233,58.152863,444.62999,2012-01-26,448.789978,443.139996,448.360008,AAPL,80996300
234,58.418366,446.659996,2012-01-25,454.449974,443.729996,454.439987,AAPL,239578500
235,54.985146,420.409996,2012-01-24,425.10001,419.550003,425.10001,AAPL,136909500
236,55.900671,427.409996,2012-01-23,428.449993,422.299999,422.669994,AAPL,76515600
237,54.97076,420.300007,2012-01-20,427.500011,419.750008,427.489998,AAPL,103493600
238,55.94514,427.750004,2012-01-19,431.370007,426.510002,430.150005,AAPL,65434600
239,56.123015,429.110008,2012-01-18,429.46999,426.300011,426.959999,AAPL,69197800
240,55.546233,424.700001,2012-01-17,425.98999,422.959988,424.199989,AAPL,60724300
241,54.906674,419.810009,2012-01-13,420.449997,418.659996,419.699993,AAPL,56505400
242,55.113319,421.389992,2012-01-12,422.900013,418.750011,422.279999,AAPL,53146800
243,55.265034,422.549992,2012-01-11,422.849998,419.309998,422.680008,AAPL,53771200
244,55.355279,423.239994,2012-01-10,426.000004,421.500008,425.909988,AAPL,64549100
245,55.157788,421.73,2012-01-09,427.750004,421.349991,425.499992,AAPL,98506100
246,55.245417,422.400002,2012-01-06,422.749996,419.220009,419.770008,AAPL,79573200
247,54.673867,418.029995,2012-01-05,418.550007,412.670006,414.950005,AAPL,67817400
248,54.073546,413.44001,2012-01-04,414.680012,409.279995,410.000011,AAPL,65005500
249,53.7845,411.23,2012-01-03,412.499989,408.999989,409.399998,AAPL,75555200
250,52.969683,405.000004,2011-12-30,406.280006,403.490009,403.51001,AAPL,44915500
251,52.985378,405.120007,2011-12-29,405.650005,400.509995,403.399994,AAPL,53994500
252,52.66102,402.640003,2011-12-28,408.250011,401.34,406.890007,AAPL,57165500
253,53.16979,406.529999,2011-12-27,409.090004,403.020012,403.099987,AAPL,66269000
254,52.751265,403.330006,2011-12-23,403.590012,399.489998,399.690002,AAPL,67349800
255,52.126092,398.550003,2011-12-22,399.12999,396.099987,397.000008,AAPL,50589700
256,51.851435,396.450008,2011-12-21,397.299988,392.009987,396.689987,AAPL,65737000
257,51.786039,395.949997,2011-12-20,396.099987,387.259998,387.76001,AAPL,84303800
258,49.988994,382.210003,2011-12-19,384.85001,380.480003,382.470009,AAPL,58882600
259,49.833353,381.019989,2011-12-16,384.149994,379.569996,380.360001,AAPL,105369600
260,49.561312,378.939995,2011-12-15,383.739998,378.309994,383.330002,AAPL,64050000
261,49.7248,380.19001,2011-12-14,387.380001,377.679993,386.700012,AAPL,101721900
262,50.852202,388.809994,2011-12-13,395.399998,387.099995,392.999996,AAPL,84732200
263,51.248494,391.839996,2011-12-12,393.89999,389.450008,391.679993,AAPL,75266800
264,51.481301,393.62001,2011-12-09,394.039993,391.029991,392.850006,AAPL,74248300
265,51.094163,390.659996,2011-12-08,395.50,390.23,391.450001,AAPL,94089100
266,50.888824,389.09,2011-12-07,390.940002,386.759987,389.929993,AAPL,76186600
267,51.132091,390.949989,2011-12-06,394.629993,389.379993,392.509998,AAPL,70899500
268,51.40152,393.01001,2011-12-05,396.410007,390.390003,393.489994,AAPL,89302500
269,50.968606,389.700001,2011-12-02,393.629997,388.580002,389.82999,AAPL,94763900
270,50.737109,387.93,2011-12-01,389.000011,380.749996,382.539997,AAPL,96795300
271,49.987684,382.199989,2011-11-30,382.279991,378.300007,381.290009,AAPL,101484600
272,48.810581,373.199997,2011-11-29,378.830006,370.200008,375.840004,AAPL,93963800
273,49.192488,376.12001,2011-11-28,376.719997,370.329998,372.349991,AAPL,86603300
274,47.551081,363.570004,2011-11-25,371.14999,363.320011,368.419994,AAPL,63690200
275,47.99838,366.990002,2011-11-23,375.840004,366.880013,374.509987,AAPL,107067800
276,49.243495,376.510006,2011-11-22,377.930012,370.939999,371.02,AAPL,102255300
277,48.262573,369.009995,2011-11-21,371.679989,365.910004,370.400013,AAPL,111995100
278,49.038156,374.94001,2011-11-18,379.990005,374.880009,378.919994,AAPL,92984500
279,49.361205,377.41,2011-11-17,384.57999,375.499996,383.980003,AAPL,119975100
280,50.323815,384.770008,2011-11-16,391.140007,384.320011,389.250004,AAPL,87302600
281,50.854818,388.829994,2011-11-15,389.499996,379.449993,380.800011,AAPL,107702700
282,49.603165,379.260002,2011-11-14,385.249992,378.200005,383.519993,AAPL,108226300
283,50.304195,384.619991,2011-11-11,388.700005,380.259998,386.609997,AAPL,163446500
284,50.38267,385.220005,2011-11-10,397.209999,382.150002,397.029995,AAPL,186188100
285,51.698409,395.279995,2011-11-09,400.890003,394.230011,396.969994,AAPL,139671000
286,53.130552,406.229992,2011-11-08,407.999992,401.560005,402.210007,AAPL,100110500
287,52.280423,399.730003,2011-11-07,399.999996,396.130001,399.910007,AAPL,67568900
288,52.347125,400.240002,2011-11-04,403.439995,399.160004,402.030003,AAPL,75557300
289,52.717259,403.07,2011-11-03,403.399994,395.359997,399.069988,AAPL,110346600
290,51.976992,397.410004,2011-11-02,400.440006,395.110004,400.090012,AAPL,81837700
291,51.859282,396.51001,2011-11-01,399.500011,393.220001,397.410004,AAPL,132947500
292,52.940909,404.779999,2011-10-31,409.330009,401.050007,402.419998,AAPL,96375300
293,52.963142,404.949989,2011-10-28,406.349995,402.509987,403.000011,AAPL,80710700
294,52.929139,404.69001,2011-10-27,408.999989,401.889999,407.560009,AAPL,123666200
295,52.394211,400.60001,2011-10-26,402.549988,393.150013,401.76001,AAPL,114076200
296,52.024077,397.770012,2011-10-25,406.549999,397.37999,405.029991,AAPL,107606800
297,53.070391,405.770008,2011-10-24,406.500011,395.399998,396.179989,AAPL,125534500
298,51.383209,392.870007,2011-10-21,399.140003,390.750011,398.100006,AAPL,155311100
299,51.702335,395.310009,2011-10-20,400.349991,394.210011,399.999996,AAPL,137317600
300,52.135245,398.619991,2011-10-19,408.420002,397.799999,401.349987,AAPL,276014900
301,55.22449,422.239998,2011-10-18,424.80999,415.990002,421.759987,AAPL,220400600
302,54.930216,419.990013,2011-10-17,426.699993,415.939987,421.740013,AAPL,171511200
303,55.1931,421.999992,2011-10-14,421.999992,415.270012,416.829994,AAPL,143341800
304,53.418288,408.429989,2011-10-13,408.429989,402.849995,404.980003,AAPL,106546300
305,52.602165,402.190006,2011-10-12,409.250008,400.139999,407.340004,AAPL,155571500
306,52.353663,400.289989,2011-10-11,403.179989,391.499989,392.57,AAPL,151421900
307,50.852202,388.809994,2011-10-10,388.809994,378.209991,379.090012,AAPL,110628700
308,48.365898,369.799999,2011-10-07,377.739994,368.490009,375.780003,AAPL,133864500
309,49.355973,377.369999,2011-10-06,384.779995,371.799992,373.330013,AAPL,203145600
310,49.471067,378.249992,2011-10-05,379.819988,360.299995,367.860008,AAPL,196617400
311,48.71903,372.500008,2011-10-04,381.800007,354.23999,374.569988,AAPL,308419300
312,48.993687,374.600002,2011-10-03,382.639999,373.17001,380.369987,AAPL,167274800
313,49.87259,381.319996,2011-09-30,388.889996,381.179993,387.119995,AAPL,136910200
314,51.082393,390.570007,2011-09-29,402.210007,386.209988,401.919987,AAPL,162771700
315,51.924675,397.009995,2011-09-28,403.740002,396.51001,400.189987,AAPL,107409400
316,52.218952,399.260006,2011-09-27,409.250008,398.060005,408.729996,AAPL,158124400
317,52.730338,403.170002,2011-09-26,403.980007,391.300011,399.859993,AAPL,203219100
318,52.878128,404.299988,2011-09-23,406.73999,399.850006,400.280003,AAPL,136569300
319,52.553774,401.820011,2011-09-22,409.820007,396.700001,401.030006,AAPL,242120200
320,53.903519,412.140007,2011-09-21,421.589996,412.000004,419.639992,AAPL,151494000
321,54.074852,413.449997,2011-09-20,422.860012,411.189999,415.250011,AAPL,193938500
322,53.836817,411.630009,2011-09-19,413.229992,395.199993,397.000008,AAPL,205965200
323,52.381131,400.500008,2011-09-16,400.500008,395.030003,395.540001,AAPL,174628300
324,51.394978,392.959995,2011-09-15,393.660011,389.900005,391.43,AAPL,104454700
325,50.916289,389.299992,2011-09-14,392.209991,385.759991,387.019993,AAPL,133681100
326,50.304195,384.619991,2011-09-13,386.209988,380.250011,382.139988,AAPL,110140100
327,49.6921,379.939991,2011-09-12,380.880013,371.899994,372.999992,AAPL,116958100
328,49.370358,377.479988,2011-09-09,385.999996,375.020012,383.929989,AAPL,141203300
329,50.241418,384.140007,2011-09-08,388.609989,382.310005,382.399994,AAPL,104039600
330,50.21395,383.929989,2011-09-07,385.599987,382.000011,385.560013,AAPL,87644200
331,49.665946,379.740013,2011-09-06,380.330013,366.480003,367.37001,AAPL,127424500
332,48.921753,374.050003,2011-09-02,378.00,371.830006,374.740005,AAPL,109734800
333,49.834662,381.030003,2011-09-01,387.34,380.720009,385.819992,AAPL,85931300
334,50.331663,384.830009,2011-08-31,392.080002,381.860008,390.570007,AAPL,130646600
335,51.006534,389.989994,2011-08-30,391.839996,386.209988,388.250008,AAPL,104480600
336,51.003918,389.969994,2011-08-29,391.499989,387.999989,388.179993,AAPL,101317300
337,50.168174,383.579994,2011-08-26,383.799999,370.799995,371.169991,AAPL,160369300
338,48.878593,373.720009,2011-08-25,375.450008,364.999996,365.079998,AAPL,217836500
339,49.200335,376.180012,2011-08-24,378.959995,370.599991,373.46999,AAPL,156566900
340,48.862898,373.600006,2011-08-23,373.640007,357.00,360.299995,AAPL,164208800
341,46.618551,356.439987,2011-08-22,364.879993,355.089996,364.509998,AAPL,133828800
342,46.564927,356.029991,2011-08-19,366.999989,356.000004,362.169998,AAPL,193972100
343,47.875439,366.050007,2011-08-18,372.649998,361.370007,370.839996,AAPL,212858800
344,49.757497,380.440002,2011-08-17,384.519989,378.00,382.310005,AAPL,110515300
345,49.762728,380.480003,2011-08-16,383.370003,376.060009,381.52,AAPL,124687500
346,50.145941,383.410004,2011-08-15,384.970013,378.089989,379.629997,AAPL,115136000
347,49.306272,376.98999,2011-08-12,379.640011,374.230007,378.069988,AAPL,132244000
348,48.875977,373.700008,2011-08-11,375.450008,364.71999,370.519989,AAPL,185492300
349,47.566776,363.690006,2011-08-10,374.64999,362.499992,371.14999,AAPL,219664200
350,48.916521,374.010002,2011-08-09,374.609989,355.000008,361.299992,AAPL,270645900
351,46.196103,353.210007,2011-08-08,367.769993,353.019989,361.689987,AAPL,285958400
352,48.865514,373.620007,2011-08-05,383.499992,362.570007,380.440002,AAPL,301147700
353,49.355973,377.369999,2011-08-04,391.320011,377.349998,389.410007,AAPL,217851900
354,51.343971,392.57,2011-08-03,393.549995,382.23999,390.980003,AAPL,183127000
355,50.865282,388.909996,2011-08-02,397.900002,388.35001,397.650009,AAPL,159884900
356,51.890669,396.749989,2011-08-01,399.500011,392.369995,397.779999,AAPL,153209000
357,51.07062,390.479992,2011-07-29,395.150005,384.000004,387.640007,AAPL,158146100
358,51.245878,391.819996,2011-07-28,396.989994,388.130005,391.619991,AAPL,148508500
359,51.346587,392.59,2011-07-27,402.640003,392.14999,400.589996,AAPL,164831100
360,52.761728,403.410007,2011-07-26,404.499992,399.679989,399.999996,AAPL,119145600
361,52.11955,398.499989,2011-07-25,399.999996,389.619999,390.350002,AAPL,147451500
362,51.439448,393.300003,2011-07-22,395.050003,387.749996,388.319996,AAPL,129182200
363,50.653405,387.290012,2011-07-21,390.060009,383.900002,386.950005,AAPL,131633600
364,50.602394,386.89999,2011-07-20,396.270004,385.999996,396.119987,AAPL,235335100
365,49.287961,376.849987,2011-07-19,378.650002,373.32,378.00,AAPL,204786400
366,48.889057,373.800011,2011-07-18,374.64999,365.280003,365.429993,AAPL,143163300
367,47.727645,364.919994,2011-07-15,364.999996,359.17001,361.170002,AAPL,121116800
368,46.792503,357.770004,2011-07-14,361.610012,356.340012,361.009998,AAPL,107633400
369,46.825199,358.019997,2011-07-13,359.999989,356.380013,358.32999,AAPL,97909700
370,46.266728,353.749992,2011-07-12,357.679989,348.619995,353.529987,AAPL,112902300
371,46.299428,354.000011,2011-07-11,359.769997,352.820011,356.340012,AAPL,110668600
372,47.046233,359.709995,2011-07-08,359.999989,352.199997,353.339996,AAPL,122408300
373,46.717953,357.200005,2011-07-07,357.999996,354.000011,354.669987,AAPL,99915900
374,46.006456,351.759987,2011-07-06,354.099987,346.709991,348.949989,AAPL,111156500
375,45.701719,349.43,2011-07-05,349.830009,342.499989,343.00,AAPL,88763500
376,44.894749,343.260006,2011-07-01,343.500011,334.200012,335.950012,AAPL,108828300
377,43.902058,335.670006,2011-06-30,336.12999,332.840008,334.699997,AAPL,80738700
378,43.688872,334.040009,2011-06-29,336.369995,331.880013,336.040001,AAPL,88136300
379,43.848435,335.26001,2011-06-28,336.699989,333.439995,333.650013,AAPL,73574900
380,43.427291,332.039989,2011-06-27,333.900005,327.25,327.590008,AAPL,84953400
381,42.683102,326.350006,2011-06-24,333.150002,325.090004,331.369987,AAPL,109951800
382,43.321354,331.230011,2011-06-23,331.689995,318.119991,318.94001,AAPL,139939800
383,42.193949,322.610001,2011-06-22,328.899998,322.380009,325.159992,AAPL,97645800
384,42.545772,325.299995,2011-06-21,325.800007,315.200005,316.680012,AAPL,123345600
385,41.240496,315.320007,2011-06-20,317.700008,310.500004,317.360001,AAPL,160161400
386,41.886592,320.259987,2011-06-17,329.249992,319.359993,328.990013,AAPL,153755000
387,42.527461,325.159992,2011-06-16,328.679993,318.330009,326.900005,AAPL,127647800
388,42.735415,326.749989,2011-06-15,330.300003,324.880013,329.750004,AAPL,99799000
389,43.479608,332.439999,2011-06-14,333.250004,329.309994,329.999996,AAPL,83642300
390,42.715798,326.599998,2011-06-13,328.309998,325.070004,327.200012,AAPL,82368300
391,42.624247,325.900009,2011-06-10,331.660007,325.509987,330.549995,AAPL,108488800
392,43.355357,331.48999,2011-06-09,333.669987,330.75,333.250004,AAPL,68772200
393,43.453449,332.239994,2011-06-08,334.799999,330.649998,331.78001,AAPL,83430900
394,43.427291,332.039989,2011-06-07,338.219997,331.900013,338.17001,AAPL,132446300
395,44.212027,338.039993,2011-06-06,347.049999,337.810001,345.700008,AAPL,115485300
396,44.918292,343.44001,2011-06-03,345.330013,342.009991,343.180004,AAPL,78312500
397,45.266189,346.099991,2011-06-02,347.980007,344.300003,346.50,AAPL,84695800
398,45.189023,345.509991,2011-06-01,352.130009,344.649998,348.869987,AAPL,138670700
399,45.492455,347.82999,2011-05-31,347.82999,341.000008,341.10001,AAPL,104438600
400,44.12963,337.409992,2011-05-27,337.629997,334.310001,334.799999,AAPL,50899800
401,43.814429,335.000004,2011-05-26,336.890007,334.430004,335.970013,AAPL,55640200
402,44.047233,336.779991,2011-05-25,338.560005,332.849995,333.430008,AAPL,73556000
403,43.446912,332.190006,2011-05-24,335.899998,331.34,335.499989,AAPL,80481800
404,43.735954,334.39999,2011-05-23,335.98,329.42001,329.970009,AAPL,95900000
405,43.843204,335.220009,2011-05-20,340.949993,335.020004,339.560001,AAPL,84492100
406,44.537695,340.53001,2011-05-19,342.41,338.669994,342.080006,AAPL,65292500
407,44.451372,339.869995,2011-05-18,341.049995,336.00,336.469997,AAPL,83694100
408,43.963529,336.140003,2011-05-17,336.140003,330.73,331.999989,AAPL,113083600
409,43.592086,333.299992,2011-05-16,341.220013,332.600002,339.199993,AAPL,112443800
410,44.53377,340.499996,2011-05-13,346.250008,340.350006,345.660007,AAPL,81529000
411,45.32766,346.569988,2011-05-12,347.119987,342.269997,346.119991,AAPL,80500000
412,45.413983,347.230003,2011-05-11,350.00,345.239998,349.020004,AAPL,84000000
413,45.704335,349.450001,2011-05-10,349.690006,346.660004,348.889988,AAPL,70522900
414,45.462374,347.599998,2011-05-09,349.200008,346.529987,347.860004,AAPL,51186800
415,45.339433,346.660004,2011-05-06,350.00,346.210007,349.690006,AAPL,70033600
416,45.351202,346.749992,2011-05-05,350.950008,346.050003,348.39999,AAPL,83992300
417,45.72003,349.570004,2011-05-04,351.830002,346.880009,348.259987,AAPL,97312600
418,45.54085,348.200012,2011-05-03,349.890011,345.620007,347.989994,AAPL,78337000
419,45.289732,346.279995,2011-05-02,350.469997,345.500004,349.739994,AAPL,110678400
420,45.79327,350.12999,2011-04-29,353.949997,346.669991,346.780006,AAPL,251586300
421,45.351202,346.749992,2011-04-28,349.750008,345.520004,346.190006,AAPL,90239800
422,45.795886,350.14999,2011-04-27,352.349987,347.099987,352.239998,AAPL,89053300
423,45.831202,350.42001,2011-04-26,354.989994,349.349998,353.620003,AAPL,84700000
424,46.169945,353.010002,2011-04-25,353.749992,350.300007,350.340008,AAPL,66636500
425,45.86782,350.699989,2011-04-21,355.129997,348.519993,355.000008,AAPL,188452600
426,44.783578,342.41,2011-04-20,345.749996,341.499992,343.509998,AAPL,175166600
427,44.188485,337.859989,2011-04-19,337.979992,331.709995,333.099987,AAPL,104844600
428,43.402442,331.849998,2011-04-18,332.230007,320.160011,326.099987,AAPL,152474700
429,42.828276,327.459991,2011-04-15,333.639999,326.800003,333.299992,AAPL,113401400
430,43.476992,332.419998,2011-04-14,336.00,332.05999,334.799999,AAPL,75450200
431,43.962219,336.12999,2011-04-13,336.140003,332.52,335.020004,AAPL,86555000
432,43.474376,332.399998,2011-04-12,333.729988,330.200001,330.489994,AAPL,106409800
433,43.265112,330.799988,2011-04-11,335.670006,330.019997,334.060009,AAPL,99736700
434,43.822277,335.060005,2011-04-08,340.150002,333.949993,339.92001,AAPL,94383800
435,44.217259,338.079994,2011-04-07,340.430008,336.029987,338.099995,AAPL,93361800
436,44.212027,338.039993,2011-04-06,343.899994,337.139999,341.220013,AAPL,100634800
437,44.323199,338.889999,2011-04-05,342.249996,336.00,336.990009,AAPL,120682800
438,44.624015,341.189999,2011-04-04,344.60001,338.400002,344.30999,AAPL,115021200
439,45.064776,344.560009,2011-04-01,351.589996,343.300007,351.110012,AAPL,104665400
440,45.581394,348.510006,2011-03-31,349.799995,346.05999,346.359997,AAPL,68504800
441,45.597089,348.630009,2011-03-30,350.879993,347.439995,350.639988,AAPL,82351500
442,45.901826,350.959995,2011-03-29,350.959995,346.05999,347.66,AAPL,88225200
443,45.833817,350.44001,2011-03-28,354.319992,350.44001,353.150005,AAPL,77338800
444,45.977686,351.540009,2011-03-25,352.059994,347.020012,348.069996,AAPL,112227500
445,45.118399,344.970005,2011-03-24,345.999989,338.860012,341.849987,AAPL,101178000
446,44.362437,339.190006,2011-03-23,340.21999,335.950012,339.279995,AAPL,93249100
447,44.625324,341.200012,2011-03-22,342.619991,339.139992,342.55999,AAPL,81480700
448,44.376822,339.299995,2011-03-21,339.740005,335.26001,335.990013,AAPL,102350500
449,43.248111,330.669998,2011-03-18,338.199997,329.999996,337.130013,AAPL,188303500
450,43.767344,334.639996,2011-03-17,339.609989,330.660011,336.830006,AAPL,164855600
451,43.161791,330.01001,2011-03-16,343.00,326.259991,342.000004,AAPL,290502800
452,45.17856,345.429989,2011-03-15,347.840004,340.099987,342.100006,AAPL,180270300
453,46.241879,353.560001,2011-03-14,356.479988,351.30999,353.179993,AAPL,108989300
454,46.03654,351.990005,2011-03-11,352.32,344.999992,345.330013,AAPL,117770100
455,45.340739,346.669991,2011-03-10,349.770008,344.89999,349.120007,AAPL,126884800
456,46.099317,352.46999,2011-03-09,354.760002,350.599987,354.689987,AAPL,113326500
457,46.529615,355.759998,2011-03-08,357.400009,352.250011,354.909992,AAPL,89079200
458,46.477298,355.359989,2011-03-07,361.669987,351.30999,361.399994,AAPL,136530800
459,47.084161,359.999989,2011-03-04,360.290009,357.750004,360.070004,AAPL,113316700
460,47.026616,359.560005,2011-03-03,359.789997,355.920002,357.189991,AAPL,125197100
461,46.053542,352.119995,2011-03-02,354.350006,348.39999,349.959999,AAPL,150647700
462,45.686024,349.309998,2011-03-01,355.719997,347.68,355.470005,AAPL,114034200
463,46.196103,353.210007,2011-02-28,355.049995,351.119999,351.240002,AAPL,100768500
464,45.535618,348.160011,2011-02-25,348.430004,344.799988,345.259998,AAPL,95004700
465,44.845048,342.879997,2011-02-24,345.150009,338.369987,344.019997,AAPL,124975200
466,44.811042,342.619991,2011-02-23,344.640011,338.609993,338.769997,AAPL,167963600
467,44.286577,338.609993,2011-02-22,345.400002,337.720013,342.149994,AAPL,218138900
468,45.849513,350.560013,2011-02-18,359.500004,349.519989,358.709999,AAPL,204014300
469,46.861821,358.300003,2011-02-17,360.270008,356.519989,357.249992,AAPL,132645800
470,47.493532,363.129993,2011-02-16,364.899994,360.50,360.800007,AAPL,120289400
471,47.071085,359.900013,2011-02-15,359.970001,357.549999,359.19001,AAPL,71043700
472,46.976915,359.179996,2011-02-14,359.480003,356.710007,356.790009,AAPL,77604100
473,46.672177,356.85001,2011-02-11,357.799992,353.540001,354.749989,AAPL,91893200
474,46.370052,354.539997,2011-02-10,359.999989,348.000008,357.389996,AAPL,232137500
475,46.84351,358.16,2011-02-09,358.999992,354.869991,355.189999,AAPL,120686300
476,46.456375,355.200012,2011-02-08,355.519993,352.150009,353.680004,AAPL,95260200
477,46.022151,351.87999,2011-02-07,353.250008,347.639999,347.889992,AAPL,121255400
478,45.318506,346.50,2011-02-04,346.700005,343.509998,343.639988,AAPL,80460100
479,44.918292,343.44001,2011-02-03,344.240002,338.549992,343.799992,AAPL,98449400
480,45.033386,344.320004,2011-02-02,345.250011,343.549999,344.449993,AAPL,64738800
481,45.126247,345.030006,2011-02-01,345.649994,340.980007,341.299988,AAPL,106658300
482,44.379438,339.319996,2011-01-31,340.040012,334.299988,335.799995,AAPL,94311700
483,43.958297,336.100002,2011-01-28,344.400005,333.53001,344.169987,AAPL,148014300
484,44.888208,343.209991,2011-01-27,344.689999,342.830009,343.779991,AAPL,71256500
485,44.971915,343.850006,2011-01-26,345.600006,341.499992,342.959999,AAPL,126718900
486,44.651479,341.39999,2011-01-25,341.439991,334.570007,336.329994,AAPL,136717000
487,44.134862,337.449993,2011-01-24,337.449993,326.720001,326.869991,AAPL,143670800
488,42.731493,326.720001,2011-01-21,334.880001,326.630013,333.769989,AAPL,188600300
489,43.510998,332.680004,2011-01-20,338.299999,330.119999,336.429996,AAPL,191197300
490,44.316661,338.840012,2011-01-19,348.599995,336.879993,348.350002,AAPL,283903200
491,44.55339,340.650013,2011-01-18,344.759987,326.000011,329.520012,AAPL,470249500
492,45.577468,348.479992,2011-01-14,348.479992,344.440006,345.889999,AAPL,77210000
493,45.21126,345.680008,2011-01-13,346.640003,343.850006,345.159996,AAPL,74195100
494,45.046465,344.420006,2011-01-12,344.429993,342.000004,343.249992,AAPL,75647600
495,44.682869,341.639996,2011-01-11,344.959991,339.470013,344.87999,AAPL,111027000
496,44.788809,342.450001,2011-01-10,343.229992,337.169987,338.829998,AAPL,112140000
497,43.960913,336.120003,2011-01-07,336.349995,331.900013,333.989994,AAPL,77982800
498,43.648325,333.729988,2011-01-06,335.249996,332.900009,334.719997,AAPL,75107200
499,43.68364,334.000008,2011-01-05,334.339989,329.500011,329.549999,AAPL,63879900
500,43.329202,331.290012,2011-01-04,332.50,328.149994,332.439999,AAPL,77270200
501,43.104243,329.57,2011-01-03,330.260002,324.840012,325.640003,AAPL,111284600
