,Adj_Close,Close,Date,High,Low,Open,Symbol,Volume
0,106.71374,110.379997,2014-12-31,113.129997,110.209999,112.82,AAPL,41403400
1,108.78266,112.519997,2014-12-30,113.919998,112.110001,113.639999,AAPL,29881500
2,110.126498,113.910004,2014-12-29,114.769997,113.699997,113.790001,AAPL,27598900
3,110.203835,113.989998,2014-12-26,114.519997,112.010002,112.099998,AAPL,33721000
4,108.289605,112.010002,2014-12-24,112.709999,112.010002,112.580002,AAPL,14479600
5,108.802,112.540001,2014-12-23,113.330002,112.459999,113.230003,AAPL,26028400
6,109.188715,112.940002,2014-12-22,113.489998,111.970001,112.160004,AAPL,45167500
7,108.067241,111.779999,2014-12-19,113.239998,111.660004,112.260002,AAPL,88429800
8,108.908347,112.650002,2014-12-18,112.650002,110.660004,111.870003,AAPL,59006200
9,105.775965,109.410004,2014-12-17,109.839996,106.82,107.120003,AAPL,53411800
10,103.204313,106.75,2014-12-16,110.160004,106.260002,106.370003,AAPL,60790700
11,104.635158,108.230003,2014-12-15,111.599998,106.349998,110.699997,AAPL,67218100
12,106.085336,109.730003,2014-12-12,111.870003,109.580002,110.459999,AAPL,56028100
13,107.912559,111.620003,2014-12-11,113.800003,111.339996,112.260002,AAPL,41401700
14,108.231593,111.949997,2014-12-10,114.849998,111.540001,114.410004,AAPL,44565300
15,110.329522,114.120003,2014-12-09,114.300003,109.349998,110.190002,AAPL,60208000
16,108.66665,112.400002,2014-12-08,114.650002,111.620003,114.099998,AAPL,57664900
17,111.18029,115.00,2014-12-05,116.080002,114.639999,115.989998,AAPL,38318900
18,111.654013,115.489998,2014-12-04,117.199997,115.290001,115.769997,AAPL,42044500
19,112.079401,115.93,2014-12-03,116.349998,115.110001,115.75,AAPL,43063400
20,110.822577,114.629997,2014-12-02,115.75,112.75,113.50,AAPL,59348900
21,111.247965,115.07,2014-12-01,119.25,111.269997,118.809998,AAPL,83814000
22,114.979756,118.93,2014-11-28,119.400002,118.050003,119.269997,AAPL,24814400
23,115.047431,119.00,2014-11-26,119.099998,117.830002,117.940002,AAPL,40768300
24,113.69393,117.599998,2014-11-25,119.75,117.449997,119.07,AAPL,68840400
25,114.689718,118.629997,2014-11-24,118.769997,116.620003,116.849998,AAPL,47450800
26,112.601466,116.470001,2014-11-21,117.57,116.029999,117.510002,AAPL,57179300
27,112.446776,116.309998,2014-11-20,116.860001,114.849998,114.910004,AAPL,43395500
28,110.861249,114.669998,2014-11-19,115.739998,113.800003,115.440002,AAPL,41869200
29,111.63468,115.470001,2014-11-18,115.690002,113.889999,113.940002,AAPL,44224000
30,110.203835,113.989998,2014-11-17,117.279999,113.300003,114.269997,AAPL,46746700
31,110.387527,114.18,2014-11-14,114.190002,111.209999,113.150002,AAPL,44063600
32,109.072698,112.82,2014-11-13,113.449997,111.599998,111.800003,AAPL,59522900
33,107.554846,111.25,2014-11-12,111.43,109.370003,109.379997,AAPL,46942400
34,106.056326,109.699997,2014-11-11,109.75,108.400002,108.699997,AAPL,27442300
35,105.215228,108.830002,2014-11-10,109.330002,108.669998,109.019997,AAPL,27195500
36,105.389249,109.010002,2014-11-07,109.32,108.550003,108.75,AAPL,33691500
37,105.089541,108.699997,2014-11-06,108.790001,107.800003,108.599998,AAPL,34968500
38,104.789843,108.860001,2014-11-05,109.300003,108.129997,109.099998,AAPL,37435900
39,104.539562,108.599998,2014-11-04,109.489998,107.720001,109.360001,AAPL,41574400
40,105.309654,109.400002,2014-11-03,110.300003,108.010002,108.220001,AAPL,52282600
41,103.961997,108.00,2014-10-31,108.040001,107.209999,108.010002,AAPL,44639300
42,102.980136,106.980003,2014-10-30,107.349998,105.900002,106.959999,AAPL,40654800
43,103.32667,107.339996,2014-10-29,107.370003,106.360001,106.650002,AAPL,52687900
44,102.749105,106.739998,2014-10-28,106.739998,105.349998,105.400002,AAPL,48060900
45,101.180051,105.110001,2014-10-27,105.480003,104.699997,104.849998,AAPL,34187700
46,101.285939,105.220001,2014-10-24,105.489998,104.529999,105.18,AAPL,47053900
47,100.910521,104.830002,2014-10-23,105.050003,103.629997,104.080002,AAPL,71074700
48,99.139313,102.989998,2014-10-22,104.110001,102.599998,102.839996,AAPL,68263100
49,98.638758,102.470001,2014-10-21,103.019997,101.269997,103.019997,AAPL,94623900
50,96.030083,99.760002,2014-10-20,99.959999,98.220001,98.32,AAPL,77517300
51,94.018222,97.669998,2014-10-17,99.00,96.809998,97.50,AAPL,68179700
52,92.660945,96.260002,2014-10-16,97.720001,95.410004,95.550003,AAPL,72154500
53,93.893086,97.540001,2014-10-15,99.150002,95.18,97.970001,AAPL,100933600
54,95.057844,98.75,2014-10-14,100.519997,98.57,100.389999,AAPL,63688600
55,96.078209,99.809998,2014-10-13,101.779999,99.809998,101.330002,AAPL,53583400
56,96.963817,100.730003,2014-10-10,102.029999,100.300003,100.690002,AAPL,66331600
57,97.242968,101.019997,2014-10-09,102.379997,100.610001,101.540001,AAPL,77376500
58,97.0312,100.800003,2014-10-08,101.110001,98.309998,98.760002,AAPL,57404700
59,95.057844,98.75,2014-10-07,100.120003,98.730003,99.43,AAPL,42094200
60,95.895318,99.620003,2014-10-06,100.650002,99.419998,99.949997,AAPL,37051200
61,95.895318,99.620003,2014-10-03,100.209999,99.040001,99.440002,AAPL,43469600
62,96.164848,99.900002,2014-10-02,100.220001,98.040001,99.269997,AAPL,47757800
63,95.471767,99.18,2014-10-01,100.690002,98.699997,100.589996,AAPL,51491300
64,96.983066,100.75,2014-09-30,101.540001,100.529999,100.809998,AAPL,55264100
65,96.366996,100.110001,2014-09-29,100.440002,98.629997,98.650002,AAPL,49766300
66,96.983066,100.75,2014-09-26,100.75,98.400002,98.529999,AAPL,62370500
67,94.210749,97.870003,2014-09-25,100.709999,97.720001,100.510002,AAPL,100092000
68,97.945677,101.75,2014-09-24,102.849998,101.199997,102.160004,AAPL,60171800
69,98.802401,102.639999,2014-09-23,102.940002,100.540001,100.599998,AAPL,63402200
70,97.281473,101.059998,2014-09-22,102.139999,100.580002,101.800003,AAPL,52788400
71,97.185214,100.959999,2014-09-19,102.349998,100.50,102.290001,AAPL,70902400
72,97.984183,101.790001,2014-09-18,102.349998,101.559998,101.93,AAPL,37299400
73,97.782035,101.580002,2014-09-17,101.800003,100.589996,101.269997,AAPL,60926500
74,97.088954,100.860001,2014-09-16,101.260002,98.889999,99.800003,AAPL,66908100
75,97.830161,101.629997,2014-09-15,103.050003,101.440002,102.809998,AAPL,61316500
76,97.859046,101.660004,2014-09-12,102.190002,101.080002,101.209999,AAPL,62626100
77,97.637642,101.43,2014-09-11,101.440002,99.620003,100.410004,AAPL,62353100
78,97.223719,101.00,2014-09-10,101.110001,97.760002,98.010002,AAPL,100869600
79,94.326258,97.989998,2014-09-09,103.080002,96.139999,99.080002,AAPL,189846300
80,94.682426,98.360001,2014-09-08,99.309998,98.050003,99.300003,AAPL,46356700
81,95.26962,98.970001,2014-09-05,99.389999,98.309998,98.800003,AAPL,58457000
82,94.451402,98.120003,2014-09-04,100.089996,97.790001,98.849998,AAPL,85718000
83,95.240743,98.940002,2014-09-03,103.199997,98.580002,103.099998,AAPL,125421000
84,99.437727,103.300003,2014-09-02,103.739998,102.720001,103.059998,AAPL,53564000
85,98.667636,102.50,2014-08-29,102.900002,102.199997,102.860001,AAPL,44595000
86,98.426983,102.25,2014-08-28,102.779999,101.559998,101.589996,AAPL,68460000
87,98.311467,102.129997,2014-08-27,102.57,100.699997,101.019997,AAPL,52369000
88,97.117831,100.889999,2014-08-26,101.50,100.860001,101.419998,AAPL,33152000
89,97.74353,101.540001,2014-08-25,102.169998,101.279999,101.790001,AAPL,40270000
90,97.531754,101.32,2014-08-22,101.470001,100.190002,100.290001,AAPL,44184000
91,96.819424,100.580002,2014-08-21,100.940002,100.110001,100.57,AAPL,33478000
92,96.809796,100.57,2014-08-20,101.089996,99.949997,100.440002,AAPL,52699000
93,96.771291,100.529999,2014-08-19,100.68,99.32,99.410004,AAPL,69399000
94,95.452518,99.160004,2014-08-18,99.370003,97.980003,98.489998,AAPL,47572000
95,94.316637,97.980003,2014-08-15,98.190002,96.860001,97.900002,AAPL,48951000
96,93.85458,97.50,2014-08-14,97.57,96.800003,97.330002,AAPL,28116000
97,93.604299,97.239998,2014-08-13,97.239998,96.040001,96.150002,AAPL,31916000
98,92.381786,95.970001,2014-08-12,96.879997,95.610001,96.040001,AAPL,33795000
99,92.401035,95.989998,2014-08-11,96.080002,94.839996,95.269997,AAPL,36585000
100,91.197772,94.739998,2014-08-08,94.82,93.279999,94.260002,AAPL,41865000
101,90.947498,94.480003,2014-08-07,95.949997,94.099998,94.93,AAPL,46711000
102,90.957116,94.959999,2014-08-06,95.480003,94.709999,94.75,AAPL,38558000
103,91.110375,95.120003,2014-08-05,95.68,94.360001,95.360001,AAPL,55933000
104,91.560557,95.589996,2014-08-04,96.580002,95.169998,96.370003,AAPL,39958000
105,92.077795,96.129997,2014-08-01,96.620003,94.809998,94.900002,AAPL,48511000
106,91.570137,95.599998,2014-07-31,97.449997,95.330002,97.160004,AAPL,56843000
107,94.012649,98.150002,2014-07-30,98.699997,97.669998,98.440002,AAPL,33010000
108,94.23295,98.379997,2014-07-29,99.440002,98.25,99.330002,AAPL,43143000
109,94.845971,99.019997,2014-07-28,99.239998,97.550003,97.82,AAPL,55318000
110,93.55288,97.669998,2014-07-25,97.839996,96.639999,96.849998,AAPL,43469000
111,92.939858,97.029999,2014-07-24,97.32,96.419998,97.040001,AAPL,45729000
112,93.093117,97.190002,2014-07-23,97.879997,95.169998,95.419998,AAPL,92918000
113,90.727235,94.720001,2014-07-22,94.889999,94.120003,94.68,AAPL,55197000
114,89.980116,93.940002,2014-07-21,95.00,93.720001,94.989998,AAPL,39079000
115,90.449459,94.43,2014-07-18,94.739998,93.019997,93.620003,AAPL,49988000
116,89.16594,93.089996,2014-07-17,95.279999,92.57,95.029999,AAPL,57298000
117,90.784704,94.779999,2014-07-16,97.099998,94.739998,96.970001,AAPL,53396300
118,91.301942,95.32,2014-07-15,96.849998,95.029999,96.800003,AAPL,45477900
119,92.384306,96.449997,2014-07-14,96.889999,95.650002,95.860001,AAPL,42810000
120,91.206158,95.220001,2014-07-11,95.889999,94.860001,95.360001,AAPL,34018000
121,91.033746,95.040001,2014-07-10,95.550003,93.519997,93.760002,AAPL,39686000
122,91.368991,95.389999,2014-07-09,95.949997,94.760002,95.440002,AAPL,36436000
123,91.330676,95.349998,2014-07-08,96.800003,93.919998,96.269997,AAPL,65222000
124,91.924543,95.970001,2014-07-07,95.989998,94.099998,94.139999,AAPL,56468000
125,90.066319,94.029999,2014-07-03,94.099998,93.199997,93.669998,AAPL,22891800
126,89.539507,93.480003,2014-07-02,94.059998,93.089996,93.870003,AAPL,28465000
127,89.577815,93.519997,2014-07-01,94.07,93.129997,93.519997,AAPL,38223000
128,89.012689,92.93,2014-06-30,93.730003,92.089996,92.099998,AAPL,49482300
129,88.102737,91.980003,2014-06-27,92.00,90.769997,90.82,AAPL,64029000
130,87.068261,90.900002,2014-06-26,91.050003,89.800003,90.370003,AAPL,32629000
131,86.551023,90.360001,2014-06-25,90.699997,89.650002,90.209999,AAPL,36869000
132,86.474394,90.279999,2014-06-24,91.739998,90.190002,90.75,AAPL,39036000
133,87.001212,90.830002,2014-06-23,91.620003,90.599998,91.32,AAPL,43694000
134,87.077842,90.910004,2014-06-20,92.550003,90.900002,91.849998,AAPL,100898000
135,87.987793,91.860001,2014-06-19,92.300003,91.339996,92.290001,AAPL,35528000
136,88.294304,92.18,2014-06-18,92.290001,91.349998,92.269997,AAPL,33514000
137,88.198521,92.080002,2014-06-17,92.699997,91.800003,92.309998,AAPL,29726000
138,88.313457,92.199997,2014-06-16,92.75,91.449997,91.510002,AAPL,35561000
139,87.43224,91.279999,2014-06-13,92.440002,90.879997,92.199997,AAPL,54525000
140,88.399667,92.290001,2014-06-12,94.120003,91.900002,94.040001,AAPL,54749000
141,89.903486,93.860001,2014-06-11,94.760002,93.470001,94.129997,AAPL,45681000
142,90.277046,94.25,2014-06-10,95.050003,93.57,94.730003,AAPL,62777000
143,89.750227,93.699997,2014-06-09,93.879997,91.75,92.699997,AAPL,75415000
144,88.336725,645.570023,2014-06-06,651.259979,644.470024,649.900002,AAPL,87484600
145,88.580287,647.349983,2014-06-05,649.370003,642.610008,646.199997,AAPL,75951400
146,88.234095,644.819992,2014-06-04,647.890022,636.109993,637.44001,AAPL,83870500
147,87.237933,637.539986,2014-06-03,638.740013,628.25,628.459991,AAPL,73177300
148,86.021471,628.650009,2014-06-02,634.830017,622.500015,633.959984,AAPL,92337700
149,86.616706,633.000015,2014-05-30,644.169991,628.900002,637.979996,AAPL,141005200
150,86.94237,635.37999,2014-05-29,636.87001,627.769989,627.849991,AAPL,94118500
151,85.386556,624.01001,2014-05-28,629.830009,623.779991,626.019989,AAPL,78870400
152,85.608231,625.63002,2014-05-27,625.859985,615.630005,615.879997,AAPL,87216500
153,84.034622,614.129997,2014-05-23,614.730011,606.470009,607.25,AAPL,58052400
154,83.095929,607.269974,2014-05-22,609.850006,604.100021,606.599998,AAPL,50190000
155,82.964572,606.310005,2014-05-21,606.699974,602.059975,603.830002,AAPL,49214900
156,82.745638,604.710022,2014-05-20,606.399994,600.730011,604.510017,AAPL,58709000
157,82.729217,604.590019,2014-05-19,607.330002,597.329987,597.849998,AAPL,79438800
158,81.760423,597.510017,2014-05-16,597.529991,585.399994,588.629974,AAPL,69064100
159,80.571322,588.819992,2014-05-15,596.599983,588.040001,594.70002,AAPL,57711500
160,81.262339,593.869987,2014-05-14,597.400002,591.740005,592.430008,AAPL,41601000
161,81.247292,593.760025,2014-05-13,594.540016,590.699982,591.999985,AAPL,39934300
162,81.120034,592.830017,2014-05-12,593.659996,587.399986,587.489975,AAPL,53302200
163,80.122506,585.540024,2014-05-09,586.25,580.330025,584.540001,AAPL,72899400
164,80.457751,587.990013,2014-05-08,594.410027,586.400017,588.249992,AAPL,57574300
165,80.601425,592.329979,2014-05-07,597.289986,587.72998,595.249992,AAPL,70716100
166,80.884468,594.410027,2014-05-06,604.409988,594.410027,601.799995,AAPL,93641100
167,81.775753,600.959976,2014-05-05,600.999977,589.999992,590.140022,AAPL,71766800
168,80.63545,592.580025,2014-05-02,594.199982,589.709999,592.340019,AAPL,47878600
169,80.485767,591.480026,2014-05-01,594.799995,586.360016,591.999985,AAPL,61012000
170,80.296616,590.089981,2014-04-30,599.430008,589.799988,592.639999,AAPL,114160200
171,80.601425,592.329979,2014-04-29,595.979996,589.509995,593.739998,AAPL,84344400
172,80.840922,594.090019,2014-04-28,595.749977,572.54998,572.800026,AAPL,167371400
173,77.826851,571.93998,2014-04-25,571.990021,563.959984,564.529984,AAPL,97568800
174,77.259421,567.770004,2014-04-24,570.000015,560.730003,568.210014,AAPL,189977900
175,71.405466,524.750008,2014-04-23,531.13002,524.449974,529.060013,AAPL,98735000
176,72.35119,531.70002,2014-04-22,531.830009,526.500008,528.309982,AAPL,50640800
177,72.279071,531.170021,2014-04-21,532.139977,523.959976,525.339981,AAPL,45637200
178,71.431323,524.940025,2014-04-17,527.76001,519.199974,519.999992,AAPL,71083600
179,70.624395,519.01001,2014-04-16,521.090004,514.139992,518.049988,AAPL,53691400
180,70.481514,517.959999,2014-04-15,521.639977,511.329994,520.270012,AAPL,66622500
181,70.987711,521.679977,2014-04-14,522.159988,517.210022,521.900009,AAPL,51418500
182,70.706042,519.610023,2014-04-11,522.830017,517.140007,519.000023,AAPL,67929400
183,71.232652,523.480019,2014-04-10,532.240005,523.169998,530.680023,AAPL,59913000
184,72.163406,530.320015,2014-04-09,530.490005,522.020012,522.639999,AAPL,51542400
185,71.227209,523.440018,2014-04-08,526.120026,518.699989,525.190018,AAPL,60972100
186,71.231286,523.469978,2014-04-07,530.900002,521.890022,528.019989,AAPL,72462600
187,72.36752,531.820023,2014-04-04,540.000023,530.579994,539.810005,AAPL,68812800
188,73.315962,538.790009,2014-04-03,542.50,537.640022,541.390015,AAPL,40586000
189,73.827602,542.549988,2014-04-02,543.479996,540.260002,542.379997,AAPL,45105200
190,73.705135,541.649994,2014-04-01,541.870026,536.769989,537.760025,AAPL,50190000
191,73.037003,536.739975,2014-03-31,540.809975,535.930023,539.230019,AAPL,42167300
192,73.053333,536.859978,2014-03-28,538.940025,534.249985,538.319984,AAPL,50141000
193,73.13498,537.459991,2014-03-27,541.499977,535.120018,540.019997,AAPL,55507900
194,73.450674,539.779991,2014-03-26,549.000015,538.860023,546.520012,AAPL,74942000
195,74.159626,544.98999,2014-03-25,545.750008,539.589973,541.499977,AAPL,70573300
196,73.370393,539.190018,2014-03-24,540.500008,535.05999,538.420013,AAPL,88925200
197,72.510393,532.86998,2014-03-21,533.75,526.330017,531.929985,AAPL,93511600
198,71.942963,528.700005,2014-03-20,532.669975,527.350014,529.889992,AAPL,52099600
199,72.291316,531.26001,2014-03-19,536.23999,528.999985,532.259979,AAPL,56189000
200,72.310363,531.399986,2014-03-18,531.969986,525.200005,525.899994,AAPL,52411800
201,71.676256,526.740013,2014-03-17,529.969994,525.850006,527.699982,AAPL,49886200
202,71.397298,524.68998,2014-03-14,530.890015,523.000008,528.789993,AAPL,59299800
203,72.20831,530.650009,2014-03-13,539.659988,529.159988,537.440018,AAPL,64435700
204,73.019315,536.609985,2014-03-12,537.349976,532.00,534.510017,AAPL,49831600
205,72.948554,536.089973,2014-03-11,538.740021,532.589973,535.450012,AAPL,69806100
206,72.245046,530.919975,2014-03-10,533.330017,528.339996,528.360023,AAPL,44646000
207,72.179735,530.440018,2014-03-07,531.980026,526.050011,531.090019,AAPL,55182400
208,72.221914,530.749985,2014-03-06,534.440002,528.099991,532.789978,AAPL,46372200
209,72.440998,532.360008,2014-03-05,534.750023,529.129974,530.919975,AAPL,50015700
210,72.288591,531.239983,2014-03-04,532.640015,527.769997,530.999977,AAPL,64785000
211,71.815053,527.76001,2014-03-03,530.650009,522.80999,523.419991,AAPL,59695300
212,71.608214,526.239975,2014-02-28,532.749977,522.119987,529.079987,AAPL,92992200
213,71.802807,527.670021,2014-02-27,528.780006,516.049995,517.140007,AAPL,75470500
214,70.398508,517.349998,2014-02-26,525.00,515.599998,523.610008,AAPL,69054300
215,71.039424,522.060013,2014-02-25,529.569984,521.000015,529.38002,AAPL,57988000
216,71.786478,527.550018,2014-02-24,529.920006,522.420021,523.150024,AAPL,72227400
217,71.473502,525.249992,2014-02-21,534.569992,524.599991,532.789978,AAPL,69696200
218,72.276345,531.149994,2014-02-20,537.000008,528.999985,532.989983,AAPL,76464500
219,73.122734,537.370003,2014-02-19,546.890007,534.350014,544.749985,AAPL,78442000
220,74.295704,545.990013,2014-02-18,551.190025,545.609978,546.00,AAPL,65062900
221,74.023555,543.990021,2014-02-14,545.980026,541.209984,542.469986,AAPL,68231100
222,74.083422,544.429977,2014-02-13,544.850014,534.199997,534.659981,AAPL,76849500
223,72.925423,535.919983,2014-02-12,539.560013,533.239975,536.95002,AAPL,77025200
224,72.930866,535.959984,2014-02-11,537.749985,529.500023,530.610008,AAPL,70564200
225,71.982424,528.989998,2014-02-10,531.990013,518.00,518.659988,AAPL,86389800
226,70.715562,519.679985,2014-02-07,522.929993,517.380013,521.379997,AAPL,92570100
227,69.739904,512.509995,2014-02-06,513.499977,507.81002,510.060005,AAPL,64441300
228,69.335766,512.589996,2014-02-05,515.279991,506.249985,506.560005,AAPL,82086200
229,68.821759,508.790016,2014-02-04,509.459991,502.760025,505.849976,AAPL,94170300
230,67.839727,501.529984,2014-02-03,507.730019,499.300026,502.610008,AAPL,100366000
231,67.713929,500.599976,2014-01-31,501.529984,493.549988,495.179985,AAPL,116199300
232,67.603012,499.779984,2014-01-30,506.499977,496.70002,502.539993,AAPL,169625400
233,67.734221,500.749992,2014-01-29,507.37001,498.62001,503.950012,AAPL,125702500
234,68.511996,506.499977,2014-01-28,514.999985,502.070023,508.760002,AAPL,266380800
235,74.463686,550.500023,2014-01-27,554.799988,545.750008,550.07,AAPL,138719700
236,73.864459,546.070015,2014-01-24,555.61998,544.749985,554.000023,AAPL,107338700
237,75.23199,556.179993,2014-01-23,556.50,544.810013,549.94001,AAPL,100809800
238,74.600299,551.509979,2014-01-22,557.289978,547.809975,550.910019,AAPL,94996300
239,74.27025,549.069977,2014-01-21,550.07,540.420006,540.990005,AAPL,82131700
240,73.134023,540.669998,2014-01-17,552.069992,539.899994,551.480019,AAPL,106684900
241,74.970931,554.250015,2014-01-16,556.850021,551.680023,554.900017,AAPL,57319500
242,75.391604,557.359993,2014-01-15,560.200005,551.659996,553.520012,AAPL,97909700
243,73.907745,546.390022,2014-01-14,546.730003,537.659996,538.220009,AAPL,83140400
244,72.465814,535.730019,2014-01-13,542.50,529.880005,529.910019,AAPL,94623200
245,72.088419,532.939995,2014-01-10,540.799988,531.109993,539.829979,AAPL,76244000
246,72.57267,536.519997,2014-01-09,546.859993,535.349983,546.800018,AAPL,69787200
247,73.511417,543.460022,2014-01-08,545.55999,538.68998,538.809982,AAPL,64632400
248,73.048809,540.040024,2014-01-07,545.959999,537.919975,544.320015,AAPL,79302300
249,73.574988,543.929993,2014-01-06,546.800018,533.599983,537.450005,AAPL,103152700
250,73.175958,540.980019,2014-01-03,553.699989,540.429993,552.860023,AAPL,98116900
251,74.81943,553.12999,2014-01-02,557.029999,552.020004,555.680008,AAPL,58671200
252,75.886676,561.019997,2013-12-31,561.279976,554.000023,554.170013,AAPL,55771100
253,75.007448,554.519981,2013-12-30,560.089989,552.319984,557.460022,AAPL,63407400
254,75.760878,560.089989,2013-12-27,564.409981,559.500015,563.820007,AAPL,56471100
255,76.276243,563.900009,2013-12-26,569.499977,563.379997,568.099998,AAPL,51002000
256,76.786189,567.669975,2013-12-24,571.880005,566.029991,569.889999,AAPL,41888700
257,77.113536,570.090004,2013-12-23,570.719978,562.76001,568.000023,AAPL,125326600
258,74.263489,549.019989,2013-12-20,551.610008,544.82,545.43,AAPL,109103400
259,73.646678,544.459991,2013-12-19,549.999985,543.729988,549.50,AAPL,80077200
260,74.500203,550.769989,2013-12-18,551.450005,538.799995,549.700005,AAPL,141465800
261,75.071026,554.990005,2013-12-17,559.439987,553.379982,555.809998,AAPL,57475600
262,75.410545,557.500023,2013-12-16,562.640007,555.009979,555.02002,AAPL,70648200
263,74.995276,554.429993,2013-12-13,562.880013,553.669975,562.849998,AAPL,83205500
264,75.821747,560.539986,2013-12-12,565.339989,560.030014,562.140022,AAPL,65572500
265,75.932664,561.359978,2013-12-11,570.970024,559.68998,567.00,AAPL,89929700
266,76.499427,565.54998,2013-12-10,567.88002,561.199974,563.580002,AAPL,69567400
267,76.618463,566.43,2013-12-09,569.579979,560.899994,560.899994,AAPL,80123400
268,75.751408,560.019974,2013-12-06,566.750008,559.569977,565.789986,AAPL,86088100
269,76.817303,567.899994,2013-12-05,575.139999,566.410027,572.650009,AAPL,111895000
270,76.425035,565.000008,2013-12-04,569.19001,560.819992,565.499992,AAPL,94452400
271,76.603582,566.319984,2013-12-03,566.380013,557.68,558.299988,AAPL,112742000
272,74.562431,551.230026,2013-12-02,564.329979,550.819977,558.000008,AAPL,118136200
273,75.217109,556.069977,2013-11-29,558.330002,547.809975,549.480026,AAPL,79531900
274,73.849577,545.959999,2013-11-27,546.00,533.399979,536.310005,AAPL,90862100
275,72.150639,533.399979,2013-11-26,536.140015,523.999977,524.11998,AAPL,100345700
276,70.843977,523.739998,2013-11-25,525.86998,521.000015,521.019989,AAPL,57327900
277,70.311029,519.799988,2013-11-22,522.159988,518.529999,519.519981,AAPL,55931400
278,70.492286,521.139992,2013-11-21,521.210007,513.670021,517.599991,AAPL,65506700
279,69.661754,514.999985,2013-11-20,520.419975,514.330009,519.229988,AAPL,48479200
280,70.277214,519.549995,2013-11-19,523.37999,517.969986,519.029984,AAPL,52234700
281,70.152767,518.629974,2013-11-18,527.19001,518.200005,524.990013,AAPL,61236000
282,71.013061,524.990013,2013-11-15,529.089973,524.489975,526.580009,AAPL,79480100
283,71.441853,528.160019,2013-11-14,529.279991,521.869995,522.80999,AAPL,70604800
284,70.423304,520.63002,2013-11-13,522.249977,516.959976,518.00,AAPL,49305200
285,70.339434,520.009979,2013-11-12,523.919975,516.999977,517.670006,AAPL,51069200
286,70.209583,519.050011,2013-11-11,521.669991,514.410011,519.990005,AAPL,56863100
287,70.413833,520.560005,2013-11-08,521.130005,512.589996,514.580002,AAPL,69829200
288,69.322243,512.490021,2013-11-07,523.190025,512.380005,519.580009,AAPL,65655100
289,70.46253,520.920013,2013-11-06,524.860023,518.200005,524.149994,AAPL,55843900
290,70.662726,525.449997,2013-11-05,528.890022,523.000008,524.580017,AAPL,66303300
291,70.837551,526.75,2013-11-04,526.820015,518.810005,521.099991,AAPL,61156900
292,69.933843,520.030006,2013-11-01,524.799995,515.840004,524.020004,AAPL,68722500
293,70.292901,522.699974,2013-10-31,527.48999,521.269981,525.00,AAPL,68924100
294,70.588765,524.900024,2013-10-30,527.520004,517.020004,519.610023,AAPL,88540900
295,69.483336,516.680023,2013-10-29,539.249992,514.540001,536.270004,AAPL,158951800
296,71.258475,529.880005,2013-10-28,530.999977,523.209999,529.039986,AAPL,137610200
297,70.731314,525.960022,2013-10-25,533.229988,525.110016,531.319984,AAPL,84448000
298,71.531471,531.910011,2013-10-24,532.470024,522.449982,525.00,AAPL,96191200
299,70.596831,524.959999,2013-10-23,525.669975,519.000023,519.000023,AAPL,78430800
300,69.912326,519.870003,2013-10-22,528.450012,508.029999,526.410019,AAPL,133515900
301,70.112704,521.360023,2013-10-21,524.300011,511.520012,511.770004,AAPL,99526700
302,68.43573,508.889992,2013-10-18,509.259987,505.709999,505.990005,AAPL,72635500
303,67.84536,504.499985,2013-10-17,504.779991,499.680008,499.979988,AAPL,63398300
304,67.389473,501.110001,2013-10-16,502.530006,499.230011,500.789993,AAPL,62775300
305,67.062684,498.679985,2013-10-15,502.000008,495.52002,497.510025,AAPL,80018400
306,66.707655,496.039978,2013-10-14,497.579987,489.349998,489.830009,AAPL,65474500
307,66.273285,492.809998,2013-10-11,493.839981,485.159996,486.989998,AAPL,66934700
308,65.846982,489.639992,2013-10-10,492.379974,487.039986,491.319977,AAPL,69650700
309,65.436816,486.589989,2013-10-09,487.790016,478.279999,484.639984,AAPL,75431300
310,64.677001,480.93998,2013-10-08,490.640015,480.540024,489.940025,AAPL,72729300
311,65.592817,487.750015,2013-10-07,492.649994,485.350014,486.559975,AAPL,78073100
312,64.958069,483.030014,2013-10-04,484.599983,478.600006,483.859993,AAPL,64717100
313,65.00917,483.409996,2013-10-03,492.350014,480.739975,490.510025,AAPL,80688300
314,65.836223,489.55999,2013-10-02,491.799988,483.749977,485.63002,AAPL,72296000
315,65.621057,487.960007,2013-10-01,489.140007,478.379974,478.449989,AAPL,88470900
316,64.113528,476.749977,2013-09-30,481.659996,474.410004,477.250015,AAPL,65039100
317,64.920414,482.750008,2013-09-27,484.669998,480.720001,483.779991,AAPL,57010100
318,65.387059,486.219994,2013-09-26,488.56002,483.899994,486.000015,AAPL,59305400
319,64.756348,481.530006,2013-09-25,489.639992,481.429977,489.199982,AAPL,79239300
320,65.774364,489.100006,2013-09-24,495.469978,487.819977,494.880005,AAPL,91086100
321,65.981465,490.640015,2013-09-23,496.910011,482.599991,496.100006,AAPL,190526700
322,62.857484,467.410004,2013-09-20,478.550018,465.999985,477.999992,AAPL,174825700
323,63.515092,472.299995,2013-09-19,475.830009,469.249992,470.700012,AAPL,101135300
324,62.490353,464.680008,2013-09-18,466.350006,460.659996,463.18,AAPL,114215500
325,61.231617,455.320007,2013-09-17,459.710014,447.499989,447.959999,AAPL,99845200
326,60.532317,450.119995,2013-09-16,461.609978,447.220009,460.999977,AAPL,135926700
327,62.519936,464.899986,2013-09-13,471.830025,464.699982,469.339981,AAPL,74708900
328,63.567543,472.690018,2013-09-12,475.399986,466.010025,468.500015,AAPL,101012800
329,62.897826,467.709984,2013-09-11,473.689987,464.809998,467.009995,AAPL,224674100
330,66.519385,494.639999,2013-09-10,507.450012,489.500015,506.199997,AAPL,185798900
331,68.069942,506.169983,2013-09-09,507.919983,503.479988,505.000023,AAPL,85171800
332,67.000825,498.220001,2013-09-06,499.379974,489.950012,498.43998,AAPL,89881400
333,66.604104,495.269974,2013-09-05,500.679977,493.639977,500.250008,AAPL,59091900
334,67.064034,498.690025,2013-09-04,502.240013,496.279984,499.560005,AAPL,86258200
335,65.704433,488.579994,2013-09-03,500.599976,487.350006,493.099991,AAPL,82982200
336,65.521543,487.220016,2013-08-30,492.949974,486.50,491.999992,AAPL,68074300
337,66.124014,491.700012,2013-08-29,496.500015,491.130013,491.650024,AAPL,59914400
338,66.016427,490.899994,2013-08-28,495.800026,486.000015,486.000015,AAPL,76902000
339,65.705776,488.589981,2013-08-27,502.509979,486.299995,498.000023,AAPL,106047200
340,67.639609,502.970016,2013-08-26,510.199982,500.50,500.749992,AAPL,82741400
341,67.377371,501.020012,2013-08-23,503.349998,499.350014,503.269997,AAPL,55682900
342,67.638259,502.959976,2013-08-22,505.589996,498.199974,504.979996,AAPL,61051900
343,67.557576,502.360016,2013-08-21,507.149979,501.199989,503.590004,AAPL,83969900
344,67.384094,501.07,2013-08-20,510.569977,500.820007,509.709984,AAPL,89672100
345,68.281079,507.740005,2013-08-19,513.739983,504.00,504.339981,AAPL,127629600
346,67.553539,502.330002,2013-08-16,502.940002,498.860016,500.149979,AAPL,90576500
347,66.959133,497.909981,2013-08-15,502.400017,489.079979,496.420013,AAPL,122573500
348,67.03848,498.500008,2013-08-14,504.249992,493.400024,497.88002,AAPL,189093100
349,65.837566,489.569977,2013-08-13,494.660027,468.050018,470.940018,AAPL,220485300
350,62.850762,467.360016,2013-08-12,468.649979,456.629997,456.860016,AAPL,91108500
351,61.114614,454.449974,2013-08-09,460.459991,453.650009,458.639977,AAPL,66716300
352,61.996811,461.010017,2013-08-08,464.100021,457.949974,463.860016,AAPL,63944300
353,62.120533,464.979988,2013-08-07,467.000008,461.769981,463.799988,AAPL,74714500
354,62.156607,465.250008,2013-08-06,471.889999,462.169991,468.020004,AAPL,83714400
355,62.717719,469.449997,2013-08-05,470.669998,462.150017,464.689995,AAPL,79713900
356,61.794553,462.539986,2013-08-02,462.850006,456.660011,458.010002,AAPL,68695900
357,61.011667,456.679985,2013-08-01,456.799988,453.259987,455.749977,AAPL,51562700
358,60.457234,452.529984,2013-07-31,457.339973,449.429993,454.990013,AAPL,80739400
359,60.56278,453.320015,2013-07-30,457.150009,449.229988,449.959991,AAPL,77355600
360,59.823981,447.790009,2013-07-29,449.990005,440.200008,440.799995,AAPL,62014400
361,58.915513,440.990013,2013-07-26,441.040001,434.340008,435.300003,AAPL,50038100
362,58.582851,438.499996,2013-07-25,441.400009,435.810001,440.699993,AAPL,57373400
363,58.851385,440.510002,2013-07-24,444.589989,435.260002,438.929993,AAPL,147984200
364,55.976348,418.98999,2013-07-23,426.959999,418.710011,426.000004,AAPL,92348900
365,56.954288,426.309998,2013-07-22,429.749996,425.470005,429.460003,AAPL,51949100
366,56.772594,424.949993,2013-07-19,433.98,424.350006,433.100006,AAPL,67180400
367,57.6824,431.760002,2013-07-18,434.870007,430.609989,433.380013,AAPL,54719700
368,57.488683,430.310009,2013-07-17,432.220013,428.220001,429.700008,AAPL,49747600
369,57.473985,430.199993,2013-07-16,430.709991,424.170002,426.519989,AAPL,54134500
370,57.105256,427.44001,2013-07-15,431.459995,424.800003,425.009995,AAPL,60479300
371,56.981008,426.510002,2013-07-12,429.789997,423.410011,427.650002,AAPL,69890800
372,57.085214,427.289993,2013-07-11,428.249989,421.169987,422.950001,AAPL,81573100
373,56.208811,420.730003,2013-07-10,424.800003,418.25,419.599991,AAPL,70351400
374,56.425238,422.349987,2013-07-09,423.50,410.379993,413.599987,AAPL,88146100
375,55.449973,415.050007,2013-07-08,420.999996,410.650013,420.109989,AAPL,74534600
376,55.766599,417.419994,2013-07-05,423.290009,415.349987,420.389996,AAPL,68506200
377,56.218161,420.799992,2013-07-03,422.979988,417.450008,420.859993,AAPL,60232200
378,55.909551,418.490005,2013-07-02,421.629997,409.470013,409.960011,AAPL,117466300
379,54.671093,409.219994,2013-07-01,412.269997,401.219997,402.689991,AAPL,97763400
380,52.975733,396.53001,2013-06-28,400.269989,388.869995,391.360012,AAPL,144629100
381,52.608334,393.779987,2013-06-27,401.389988,393.540009,399.249992,AAPL,84311500
382,53.181472,398.069992,2013-06-26,404.790012,395.660004,403.900005,AAPL,91931000
383,53.79068,402.62999,2013-06-25,407.790001,398.830009,405.699993,AAPL,78540700
384,53.778657,402.540001,2013-06-24,408.660007,398.049992,407.400005,AAPL,120186500
385,55.242896,413.500011,2013-06-21,420.00,408.099995,418.490005,AAPL,120279600
386,55.689114,416.840008,2013-06-20,425.980003,415.17001,419.300011,AAPL,89327700
387,56.512077,422.999989,2013-06-19,431.66,422.999989,431.399994,AAPL,77735000
388,57.683734,431.769989,2013-06-18,434.899994,430.210007,431.559998,AAPL,48756400
389,57.714464,432.000008,2013-06-17,435.700012,430.359997,431.439995,AAPL,64853600
390,57.453947,430.050003,2013-06-14,436.290012,428.500008,435.400005,AAPL,67966500
391,58.243511,435.959991,2013-06-13,437.139992,428.75,432.499992,AAPL,71458100
392,57.739846,432.189999,2013-06-12,441.249992,431.499996,439.499992,AAPL,66306800
393,58.462614,437.600002,2013-06-11,442.759987,433.320011,435.740013,AAPL,71528100
394,58.634954,438.889992,2013-06-10,449.080025,436.800011,444.729992,AAPL,112538300
395,59.025063,441.810005,2013-06-07,443.239998,432.770012,436.500004,AAPL,101133900
396,58.577507,438.459995,2013-06-06,447.000004,434.049988,445.470009,AAPL,104233500
397,59.465937,445.110001,2013-06-05,450.720009,443.709995,445.650013,AAPL,72647400
398,60.027048,449.30999,2013-06-04,454.43,447.389999,453.219986,AAPL,73182200
399,60.215424,450.720009,2013-06-03,452.359993,442.480007,450.729996,AAPL,93088100
400,60.083164,449.730026,2013-05-31,457.100021,449.500008,452.500023,AAPL,96075700
401,60.330318,451.580002,2013-05-30,454.500015,444.509987,445.650013,AAPL,88379900
402,59.44456,444.949997,2013-05-29,447.499989,439.39999,440.000004,AAPL,82644100
403,58.975632,441.44001,2013-05-28,451.109978,440.85001,449.900017,AAPL,96536300
404,59.471281,445.150002,2013-05-24,445.66,440.360012,440.85001,AAPL,69041700
405,59.069149,442.139999,2013-05-23,446.160011,435.790001,435.950005,AAPL,88255300
406,58.963606,441.349995,2013-05-22,448.350021,438.21999,444.050003,AAPL,110759600
407,58.737825,439.659996,2013-05-21,445.479996,434.200005,438.150002,AAPL,114005500
408,59.174693,442.930004,2013-05-20,445.800003,430.099991,431.909992,AAPL,112894600
409,57.882798,433.26001,2013-05-17,440.089993,431.009998,439.049995,AAPL,106976100
410,58.059148,434.580013,2013-05-16,437.849995,418.900002,423.239994,AAPL,150801000
411,57.293629,428.850002,2013-05-15,441.00,422.360001,439.160011,AAPL,185403400
412,59.29894,443.860012,2013-05-14,455.200005,442.150013,453.850014,AAPL,111779500
413,60.752491,454.740021,2013-05-13,457.899986,451.50,451.509987,AAPL,79237200
414,60.516018,452.969994,2013-05-10,459.710014,450.480003,457.970001,AAPL,83713000
415,61.023689,456.769974,2013-05-09,463.000023,455.579987,459.80999,AAPL,99621900
416,61.560761,463.839989,2013-05-08,465.37001,455.810005,459.039986,AAPL,118149500
417,60.873275,458.660004,2013-05-07,465.749992,453.699997,464.970001,AAPL,120938300
418,61.145348,460.709984,2013-05-06,462.200005,454.309998,455.709976,AAPL,124160400
419,59.721269,449.980019,2013-05-03,453.230026,449.149986,451.309982,AAPL,90325200
420,59.129335,445.519997,2013-05-02,448.589973,440.630005,441.779991,AAPL,105457100
421,58.302491,439.290001,2013-05-01,444.929996,434.389996,444.459999,AAPL,126727300
422,58.765682,442.779987,2013-04-30,445.250004,432.069996,435.099998,AAPL,172884600
423,57.085449,430.119991,2013-04-29,433.619991,420.00,420.449997,AAPL,160081600
424,55.370709,417.199989,2013-04-26,418.770012,408.250011,409.809994,AAPL,191024400
425,54.200122,408.380001,2013-04-25,413.939995,406.999996,411.23,AAPL,96209400
426,53.812578,405.459988,2013-04-24,415.250011,392.500011,393.540009,AAPL,242412800
427,53.9015,406.12999,2013-04-23,408.380001,398.810009,403.989994,AAPL,166059600
428,52.911413,398.670006,2013-04-22,402.199993,391.269997,392.639988,AAPL,107480100
429,51.831073,390.530006,2013-04-19,399.599987,385.100002,387.970001,AAPL,152318600
430,52.032805,392.049988,2013-04-18,405.790009,389.740002,404.98999,AAPL,166574800
431,53.459546,402.800007,2013-04-17,420.599987,398.109993,420.269993,AAPL,236264000
432,56.570499,426.240009,2013-04-16,426.610004,420.57,421.569996,AAPL,76442800
433,55.722419,419.85001,2013-04-15,427.890007,419.550003,427.00,AAPL,79380000
434,57.042981,429.800011,2013-04-12,434.14999,429.090008,434.14999,AAPL,59653300
435,57.6442,434.329994,2013-04-11,437.989998,431.199989,433.719994,AAPL,82091100
436,57.8247,435.689999,2013-04-10,437.05999,426.009991,428.099998,AAPL,93982000
437,56.66871,426.98,2013-04-09,428.500008,422.749996,426.360012,AAPL,76653500
438,56.566515,426.209995,2013-04-08,427.500011,422.48999,424.849991,AAPL,75207300
439,56.167028,423.199993,2013-04-05,424.949993,419.679993,424.499996,AAPL,95923800
440,56.766921,427.71999,2013-04-04,434.999996,425.25,433.759995,AAPL,89611900
441,57.333636,431.989994,2013-04-03,437.279995,430.310009,431.370007,AAPL,90804000
442,57.041652,429.789997,2013-04-02,438.139988,426.400013,427.599987,AAPL,132379800
443,56.92486,428.910004,2013-04-01,443.700008,427.73999,441.899994,AAPL,97433000
444,58.749758,442.660011,2013-03-28,451.820007,441.619987,449.820015,AAPL,110709900
445,59.999976,452.079987,2013-03-27,456.799988,450.729996,456.460007,AAPL,82809300
446,61.20242,461.140007,2013-03-26,465.839981,460.530006,465.440025,AAPL,73573500
447,61.526257,463.580009,2013-03-25,469.949982,461.780022,464.689995,AAPL,125283900
448,61.304615,461.910011,2013-03-22,462.099976,453.110023,454.580017,AAPL,98776300
449,60.086244,452.729988,2013-03-21,457.979988,450.100021,450.220024,AAPL,95813900
450,59.999976,452.079987,2013-03-20,457.63002,449.589996,457.419975,AAPL,77165200
451,60.319829,454.489975,2013-03-19,460.970016,448.499985,459.500023,AAPL,131693800
452,60.48308,455.720016,2013-03-18,457.459976,441.200005,441.449997,AAPL,151549300
453,58.882478,443.660007,2013-03-15,444.230007,437.250008,437.929996,AAPL,160990200
454,57.401323,432.499992,2013-03-14,434.639988,430.450012,432.830013,AAPL,75968900
455,56.850535,428.349991,2013-03-13,434.500011,425.359989,428.449993,AAPL,101387300
456,56.861153,428.429993,2013-03-12,438.880005,427.57,435.60001,AAPL,116477900
457,58.114028,437.869995,2013-03-11,439.009995,425.140011,429.749996,AAPL,118559000
458,57.297802,431.720001,2013-03-08,435.429993,428.609997,429.800011,AAPL,97870500
459,57.146502,430.580002,2013-03-07,432.009995,421.059998,424.499996,AAPL,117118400
460,56.493519,425.659996,2013-03-06,435.249989,424.430008,434.509998,AAPL,115062500
461,57.220823,431.139988,2013-03-05,435.189987,420.750004,421.480007,AAPL,159608400
462,55.74896,420.049988,2013-03-04,428.200001,419.000004,427.799992,AAPL,145688900
463,57.131904,430.470013,2013-03-01,438.179989,429.979988,438.000011,AAPL,138112100
464,58.582531,441.400009,2013-02-28,447.87001,441.400009,444.050003,AAPL,80628800
465,59.00325,444.569988,2013-02-27,452.439995,440.650005,448.430023,AAPL,146837600
466,59.58722,448.970009,2013-02-26,451.540001,437.660004,443.820011,AAPL,125374900
467,58.768336,442.799988,2013-02-25,455.120003,442.569996,453.850014,AAPL,93144800
468,59.831423,450.809998,2013-02-22,451.599976,446.599995,449.250015,AAPL,82663700
469,59.201006,446.060009,2013-02-21,449.170013,442.819988,446.000008,AAPL,111795600
470,59.571293,448.850006,2013-02-20,457.689995,448.800018,457.689995,AAPL,119075600
471,61.049794,459.990021,2013-02-19,462.730003,453.850014,461.100006,AAPL,108945900
472,61.072355,460.160011,2013-02-15,470.160027,459.920006,468.849983,AAPL,97936300
473,61.925744,466.590012,2013-02-14,471.640007,464.02002,464.520004,AAPL,88818800
474,61.981484,467.009995,2013-02-13,473.639999,463.220001,467.209999,AAPL,118801900
475,62.099606,467.900002,2013-02-12,482.380013,467.739998,479.509987,AAPL,152263300
476,63.696228,479.930023,2013-02-11,484.940018,473.249977,476.499985,AAPL,129372600
477,63.039262,474.980003,2013-02-08,478.809998,468.250023,474.000008,AAPL,158289600
478,62.142077,468.220009,2013-02-07,470.000023,454.11998,463.250015,AAPL,176145200
479,60.347706,457.350014,2013-02-06,466.500023,452.580025,456.469994,AAPL,148426600
480,60.412362,457.840012,2013-02-05,459.739975,442.220001,444.050003,AAPL,143336900
481,58.364484,442.320004,2013-02-04,455.939995,441.999996,453.909988,AAPL,119279300
482,59.855527,453.619995,2013-02-01,459.479996,448.350021,459.110001,AAPL,134871100
483,60.102275,455.489998,2013-01-31,459.279991,454.980026,456.980019,AAPL,79833600
484,60.27909,456.830002,2013-01-30,462.600014,454.500015,456.999992,AAPL,104288800
485,60.469096,458.269981,2013-01-29,460.200012,452.119987,458.50,AAPL,142789500
486,59.355434,449.830002,2013-01-28,453.209999,435.859989,437.829994,AAPL,196379400
487,58.042524,439.880001,2013-01-25,456.229988,434.999996,451.690018,AAPL,302006600
488,59.443838,450.499977,2013-01-24,465.730019,450.249985,460.000008,AAPL,365213100
489,67.824038,514.010002,2013-01-23,514.989998,504.770004,508.80999,AAPL,215377400
490,66.604812,504.770004,2013-01-22,507.879982,496.630005,504.560013,AAPL,115386600
491,65.975408,500.000015,2013-01-18,502.219986,496.399986,498.519981,AAPL,118230700
492,66.329038,502.680023,2013-01-17,510.750008,502.030022,510.309998,AAPL,113419600
493,66.778984,506.089981,2013-01-16,509.440018,492.499977,494.639999,AAPL,172701200
494,64.117541,485.920013,2013-01-15,498.990005,483.379982,498.300003,AAPL,219193100
495,66.206322,501.750015,2013-01-14,507.50,498.509995,502.680023,AAPL,183551900
496,68.654011,520.300026,2013-01-11,525.320007,519.019997,521.000015,AAPL,87626700
497,69.077567,523.509979,2013-01-10,528.719978,515.519997,528.549988,AAPL,150286500
498,68.231766,517.100006,2013-01-09,525.009987,515.990021,522.500023,AAPL,101901100
499,69.315084,525.31002,2013-01-08,531.889984,521.250008,529.209976,AAPL,114676800
500,69.129031,523.900002,2013-01-07,529.300018,515.199989,521.999985,AAPL,121039100
501,69.538077,526.999992,2013-01-04,538.630005,525.829979,536.969994,AAPL,148583400
502,71.530534,542.099991,2013-01-03,549.669991,540.999992,547.87999,AAPL,88241300
503,72.444952,549.029976,2013-01-02,554.999992,541.63002,553.819992,AAPL,140129500
