,Adj_Close,Close,Date,High,Low,Open,Symbol,Volume
0,95.084904,95.599998,2016-06-30,95.769997,94.300003,94.440002,AAPL,35836400
1,93.891372,94.400002,2016-06-29,94.550003,93.629997,93.970001,AAPL,36531000
2,93.085731,93.589996,2016-06-28,93.660004,92.139999,92.900002,AAPL,40444900
3,91.544087,92.040001,2016-06-27,93.050003,91.50,93.00,AAPL,45489600
4,92.89676,93.400002,2016-06-24,94.660004,92.650002,92.910004,AAPL,75311400
5,95.58221,96.099998,2016-06-23,96.290001,95.25,95.940002,AAPL,32240200
6,95.035178,95.550003,2016-06-22,96.889999,95.349998,96.25,AAPL,29219100
7,95.393239,95.910004,2016-06-21,96.349998,94.68,94.940002,AAPL,35546400
8,94.587598,95.099998,2016-06-20,96.57,95.029999,96.00,AAPL,34411900
9,94.816362,95.330002,2016-06-17,96.650002,95.300003,96.620003,AAPL,61008200
10,97.024402,97.550003,2016-06-16,97.75,96.07,96.449997,AAPL,31326800
11,96.616607,97.139999,2016-06-15,98.410004,97.029999,97.82,AAPL,29445200
12,96.934883,97.459999,2016-06-14,98.480003,96.75,97.32,AAPL,31931900
13,96.815526,97.339996,2016-06-13,99.120003,97.099998,98.690002,AAPL,38020500
14,98.297504,98.830002,2016-06-10,99.349998,98.480003,98.529999,AAPL,31712900
15,99.113085,99.650002,2016-06-09,99.989998,98.459999,98.50,AAPL,26601400
16,98.406912,98.940002,2016-06-08,99.559998,98.68,99.019997,AAPL,20848100
17,98.496423,99.029999,2016-06-07,99.870003,98.959999,99.25,AAPL,22409500
18,98.098577,98.629997,2016-06-06,101.889999,97.550003,97.989998,AAPL,23292500
19,97.392403,97.919998,2016-06-03,98.269997,97.449997,97.790001,AAPL,28504900
20,97.193484,97.720001,2016-06-02,97.839996,96.629997,97.599998,AAPL,40191600
21,97.929494,98.459999,2016-06-01,99.540001,98.330002,99.019997,AAPL,29173300
22,99.321953,99.860001,2016-05-31,100.400002,98.82,99.599998,AAPL,42307200
23,99.809311,100.349998,2016-05-27,100.470001,99.25,99.440002,AAPL,36341200
24,99.868992,100.410004,2016-05-26,100.730003,98.639999,99.68,AAPL,56331200
25,99.083248,99.620003,2016-05-25,99.739998,98.110001,98.669998,AAPL,38168800
26,97.372514,97.900002,2016-05-24,98.089996,96.839996,97.220001,AAPL,35140200
27,95.910433,96.43,2016-05-23,97.190002,95.669998,95.870003,AAPL,38018600
28,94.706954,95.220001,2016-05-20,95.43,94.519997,94.639999,AAPL,32026000
29,93.692445,94.199997,2016-05-19,94.639999,93.57,94.639999,AAPL,30442100
30,94.050506,94.559998,2016-05-18,95.209999,93.889999,94.160004,AAPL,42062400
31,92.986272,93.489998,2016-05-17,94.699997,93.010002,94.550003,AAPL,46916900
32,93.37417,93.879997,2016-05-16,94.389999,91.650002,92.389999,AAPL,61259800
33,90.032273,90.519997,2016-05-13,91.669998,90.00,90.00,AAPL,44392800
34,89.853242,90.339996,2016-05-12,92.779999,89.470001,92.720001,AAPL,76314700
35,92.011556,92.510002,2016-05-11,93.57,92.459999,93.480003,AAPL,28719100
36,92.916649,93.419998,2016-05-10,93.57,92.110001,93.330002,AAPL,33686800
37,92.290046,92.790001,2016-05-09,93.769997,92.589996,93.00,AAPL,32936400
38,92.220424,92.720001,2016-05-06,93.449997,91.849998,93.370003,AAPL,43699900
39,92.737619,93.239998,2016-05-05,94.07,92.68,94.00,AAPL,35890500
40,93.115575,94.190002,2016-05-04,95.900002,93.82,95.199997,AAPL,41025500
41,94.09428,95.18,2016-05-03,95.739998,93.68,94.199997,AAPL,56831300
42,92.571846,93.639999,2016-05-02,94.080002,92.400002,93.970001,AAPL,48160100
43,92.670704,93.739998,2016-04-29,94.720001,92.510002,93.989998,AAPL,68531500
44,93.748274,94.830002,2016-04-28,97.879997,94.25,97.610001,AAPL,82242700
45,96.704165,97.82,2016-04-27,98.709999,95.68,96.00,AAPL,114602100
46,103.159676,104.349998,2016-04-26,105.300003,103.910004,103.910004,AAPL,56016200
47,103.881352,105.080002,2016-04-25,105.650002,104.510002,105.00,AAPL,28031600
48,104.474507,105.68,2016-04-22,106.480003,104.620003,105.010002,AAPL,33683100
49,104.7612,105.970001,2016-04-21,106.93,105.519997,106.93,AAPL,31552500
50,105.907963,107.129997,2016-04-20,108.089996,106.059998,106.639999,AAPL,30611000
51,105.690479,106.910004,2016-04-19,108.00,106.230003,107.879997,AAPL,32384900
52,106.253977,107.480003,2016-04-18,108.949997,106.940002,108.889999,AAPL,60821500
53,108.596938,109.849998,2016-04-15,112.300003,109.730003,112.110001,AAPL,46939000
54,110.821272,112.099998,2016-04-14,112.389999,111.330002,111.620003,AAPL,25473900
55,110.761959,112.040001,2016-04-13,112.339996,110.800003,110.800003,AAPL,33257300
56,109.180211,110.440002,2016-04-12,110.50,108.660004,109.339996,AAPL,27232300
57,107.776404,109.019997,2016-04-11,110.610001,108.830002,108.970001,AAPL,29407500
58,107.420517,108.660004,2016-04-08,109.769997,108.169998,108.910004,AAPL,23581700
59,107.301883,108.540001,2016-04-07,110.419998,108.120003,109.949997,AAPL,31801900
60,109.694276,110.959999,2016-04-06,110.980003,109.199997,110.230003,AAPL,26404100
61,108.557393,109.809998,2016-04-05,110.730003,109.419998,109.510002,AAPL,26578700
62,109.852455,111.120003,2016-04-04,112.190002,110.269997,110.419998,AAPL,37356200
63,108.73534,109.989998,2016-04-01,110.00,108.199997,108.779999,AAPL,25874000
64,107.746747,108.989998,2016-03-31,109.900002,108.879997,109.720001,AAPL,25888400
65,108.310245,109.559998,2016-03-30,110.419998,108.599998,108.650002,AAPL,45601100
66,106.451693,107.68,2016-03-29,107.790001,104.879997,104.889999,AAPL,31190100
67,103.990098,105.190002,2016-03-28,106.190002,105.059998,106.00,AAPL,19411400
68,104.464619,105.669998,2016-03-24,106.25,104.889999,105.470001,AAPL,26133000
69,104.91937,106.129997,2016-03-23,107.07,105.900002,106.480003,AAPL,25703500
70,105.502644,106.720001,2016-03-22,107.290001,105.209999,105.25,AAPL,32444400
71,104.701886,105.910004,2016-03-21,107.650002,105.139999,105.93,AAPL,35502700
72,104.711767,105.919998,2016-03-18,106.50,105.190002,106.339996,AAPL,44205200
73,104.593141,105.800003,2016-03-17,106.470001,104.959999,105.519997,AAPL,34420700
74,104.7612,105.970001,2016-03-16,106.309998,104.589996,104.610001,AAPL,38303500
75,103.387056,104.580002,2016-03-15,105.18,103.849998,103.959999,AAPL,40067700
76,101.350549,102.519997,2016-03-14,102.910004,101.779999,101.910004,AAPL,25076100
77,101.09352,102.260002,2016-03-11,102.279999,101.50,102.239998,AAPL,27408200
78,100.01595,101.169998,2016-03-10,102.239998,100.150002,101.410004,AAPL,33513600
79,99.966525,101.120003,2016-03-09,101.580002,100.269997,101.309998,AAPL,27201700
80,99.877548,101.029999,2016-03-08,101.760002,100.400002,100.779999,AAPL,31561900
81,100.70797,101.870003,2016-03-07,102.830002,100.959999,102.389999,AAPL,35828900
82,101.834965,103.010002,2016-03-04,103.75,101.370003,102.370003,AAPL,46055100
83,100.342188,101.50,2016-03-03,101.709999,100.449997,100.580002,AAPL,36955700
84,99.600743,100.75,2016-03-02,100.889999,99.639999,100.510002,AAPL,33169600
85,99.383251,100.529999,2016-03-01,100.769997,97.419998,97.650002,AAPL,50407100
86,95.587058,96.690002,2016-02-29,98.230003,96.650002,96.860001,AAPL,35216300
87,95.80455,96.910004,2016-02-26,98.019997,96.580002,97.199997,AAPL,28991100
88,95.656259,96.760002,2016-02-25,96.760002,95.25,96.050003,AAPL,27582700
89,95.003784,96.099998,2016-02-24,96.379997,93.32,93.980003,AAPL,36255700
90,93.609872,94.690002,2016-02-23,96.50,94.550003,96.400002,AAPL,31942600
91,95.774885,96.879997,2016-02-22,96.900002,95.919998,96.309998,AAPL,34280800
92,94.944471,96.040001,2016-02-19,96.760002,95.800003,96.00,AAPL,35374200
93,95.161963,96.260002,2016-02-18,98.889999,96.089996,98.839996,AAPL,39021000
94,97.000746,98.120003,2016-02-17,98.209999,96.150002,96.669998,AAPL,44863200
95,95.537625,96.639999,2016-02-16,96.849998,94.610001,95.019997,AAPL,49057900
96,92.917852,93.989998,2016-02-12,94.50,93.010002,94.190002,AAPL,40351400
97,92.631159,93.699997,2016-02-11,94.720001,92.589996,93.790001,AAPL,50074700
98,93.194657,94.269997,2016-02-10,96.349998,94.099998,95.919998,AAPL,42343600
99,93.906445,94.989998,2016-02-09,95.940002,93.93,94.290001,AAPL,44331200
100,93.926221,95.010002,2016-02-08,95.699997,93.040001,93.129997,AAPL,54021400
101,92.947509,94.019997,2016-02-05,96.919998,93.690002,96.519997,AAPL,46418100
102,95.498081,96.599998,2016-02-04,97.330002,95.190002,95.860001,AAPL,46471700
103,94.736862,96.349998,2016-02-03,96.839996,94.080002,95.00,AAPL,45964300
104,92.898175,94.480003,2016-02-02,96.040001,94.279999,95.419998,AAPL,37357200
105,94.815524,96.43,2016-02-01,96.709999,95.400002,96.470001,AAPL,40943500
106,95.710285,97.339996,2016-01-29,97.339996,94.349998,94.790001,AAPL,64416500
107,92.514698,94.089996,2016-01-28,94.519997,92.389999,93.790001,AAPL,55678800
108,91.855917,93.419998,2016-01-27,96.629997,93.339996,96.040001,AAPL,133369700
109,98.315919,99.989998,2016-01-26,100.879997,98.07,99.93,AAPL,75077000
110,97.775131,99.440002,2016-01-25,101.529999,99.209999,101.519997,AAPL,51794500
111,99.721977,101.419998,2016-01-22,101.459999,98.370003,98.629997,AAPL,65800500
112,94.687703,96.300003,2016-01-21,97.879997,94.940002,97.059998,AAPL,52161500
113,95.169497,96.790001,2016-01-20,98.190002,93.419998,95.099998,AAPL,72334400
114,95.041677,96.660004,2016-01-19,98.650002,95.50,98.410004,AAPL,53087700
115,95.503801,97.129997,2016-01-15,97.709999,95.360001,96.199997,AAPL,79833900
116,97.853786,99.519997,2016-01-14,100.480003,95.739998,97.959999,AAPL,63170100
117,95.75945,97.389999,2016-01-13,101.190002,97.300003,100.32,AAPL,62439600
118,98.286422,99.959999,2016-01-12,100.690002,98.839996,100.550003,AAPL,49154200
119,96.880363,98.529999,2016-01-11,99.059998,97.339996,98.970001,AAPL,49739400
120,95.336649,96.959999,2016-01-08,99.110001,96.760002,98.550003,AAPL,70798000
121,94.835186,96.449997,2016-01-07,100.129997,96.43,98.68,AAPL,81094400
122,99.01403,100.699997,2016-01-06,102.370003,99.870003,100.559998,AAPL,68457400
123,100.99038,102.709999,2016-01-05,105.849998,102.410004,105.75,AAPL,55791000
124,103.58618,105.349998,2016-01-04,105.370003,102.00,102.610001,AAPL,67649400
125,103.49769,105.260002,2015-12-31,107.029999,104.82,107.010002,AAPL,40912300
126,105.523198,107.32,2015-12-30,108.699997,107.18,108.580002,AAPL,25213800
127,106.919422,108.739998,2015-12-29,109.43,106.860001,106.959999,AAPL,30931200
128,105.031569,106.82,2015-12-28,107.690002,106.18,107.589996,AAPL,26704200
129,106.22131,108.029999,2015-12-24,109.00,107.949997,109.00,AAPL,13596700
130,106.791601,108.610001,2015-12-23,108.849998,107.199997,107.269997,AAPL,32657400
131,105.434708,107.230003,2015-12-22,107.720001,106.449997,107.400002,AAPL,32789400
132,105.533033,107.330002,2015-12-21,107.370003,105.57,107.279999,AAPL,47590600
133,104.254795,106.029999,2015-12-18,109.519997,105.809998,108.910004,AAPL,96453300
134,107.155409,108.980003,2015-12-17,112.25,108.980003,112.019997,AAPL,44772800
135,109.47589,111.339996,2015-12-16,111.989998,108.800003,111.07,AAPL,56238500
136,108.640123,110.489998,2015-12-15,112.800003,110.349998,111.940002,AAPL,52978100
137,110.596811,112.480003,2015-12-14,112.68,109.790001,112.18,AAPL,64318700
138,111.285088,113.18,2015-12-11,115.389999,112.849998,115.190002,AAPL,46886200
139,114.225026,116.169998,2015-12-10,116.940002,115.510002,116.040001,AAPL,29212700
140,113.684239,115.620003,2015-12-09,117.690002,115.080002,117.639999,AAPL,46361400
141,116.250541,118.230003,2015-12-08,118.599998,116.860001,117.519997,AAPL,34309500
142,116.2997,118.279999,2015-12-07,119.860001,117.809998,118.980003,AAPL,32084200
143,117.037143,119.029999,2015-12-04,119.25,115.110001,115.290001,AAPL,57777000
144,113.271265,115.199997,2015-12-03,116.790001,114.220001,116.550003,AAPL,41569500
145,114.333185,116.279999,2015-12-02,118.110001,116.080002,117.339996,AAPL,33386600
146,115.375435,117.339996,2015-12-01,118.809998,116.860001,118.75,AAPL,34852400
147,116.319369,118.300003,2015-11-30,119.410004,117.75,117.989998,AAPL,39180300
148,115.837567,117.809998,2015-11-27,118.410004,117.599998,118.290001,AAPL,13046400
149,116.053885,118.029999,2015-11-25,119.230003,117.919998,119.209999,AAPL,21388300
150,116.889653,118.879997,2015-11-24,119.349998,117.120003,117.330002,AAPL,42803200
151,115.778574,117.75,2015-11-23,119.730003,117.339996,119.269997,AAPL,32482500
152,117.302627,119.300003,2015-11-20,119.919998,118.849998,119.199997,AAPL,34287100
153,116.791328,118.779999,2015-11-19,119.75,116.760002,117.639999,AAPL,43295800
154,115.326277,117.290001,2015-11-18,117.489998,115.50,115.760002,AAPL,46674700
155,111.786551,113.690002,2015-11-17,115.050003,113.32,114.919998,AAPL,27616900
156,112.268345,114.18,2015-11-16,114.239998,111.00,111.379997,AAPL,38106700
157,110.459148,112.339996,2015-11-13,115.57,112.269997,115.199997,AAPL,45812400
158,113.782563,115.720001,2015-11-12,116.82,115.650002,116.260002,AAPL,32525600
159,114.166033,116.110001,2015-11-11,117.419998,115.209999,116.370003,AAPL,45218000
160,114.814979,116.769997,2015-11-10,118.07,116.059998,116.900002,AAPL,59127900
161,118.55136,120.57,2015-11-09,121.809998,120.050003,120.959999,AAPL,33871400
162,119.033154,121.059998,2015-11-06,121.809998,120.620003,121.110001,AAPL,33042300
163,118.895499,120.919998,2015-11-05,122.690002,120.18,121.849998,AAPL,39552700
164,119.446126,122.00,2015-11-04,123.82,121.620003,123.129997,AAPL,44886100
165,120.004194,122.57,2015-11-03,123.489998,120.699997,120.790001,AAPL,45519000
166,118.643292,121.18,2015-11-02,121.360001,119.610001,120.800003,AAPL,32203300
167,116.99846,119.50,2015-10-30,121.220001,119.449997,120.989998,AAPL,49365300
168,118.006897,120.529999,2015-10-29,120.690002,118.269997,118.699997,AAPL,51227300
169,116.773271,119.269997,2015-10-28,119.300003,116.059998,116.93,AAPL,85551400
170,112.152083,114.550003,2015-10-27,116.540001,113.989998,115.400002,AAPL,69884400
171,112.866798,115.279999,2015-10-26,118.129997,114.919998,118.080002,AAPL,66333800
172,116.587254,119.080002,2015-10-23,119.230003,116.330002,116.699997,AAPL,59366900
173,113.082193,115.50,2015-10-22,115.50,114.099998,114.330002,AAPL,41654100
174,111.37862,113.760002,2015-10-21,115.580002,113.699997,114.00,AAPL,41795200
175,111.388405,113.769997,2015-10-20,114.169998,110.82,111.339996,AAPL,48967800
176,109.391116,111.730003,2015-10-19,111.75,110.110001,110.800003,AAPL,29759200
177,108.715557,111.040001,2015-10-16,112.00,110.529999,111.779999,AAPL,38236300
178,109.518392,111.860001,2015-10-15,112.099998,110.489998,110.93,AAPL,37673500
179,107.90293,110.209999,2015-10-14,111.519997,109.559998,111.290001,AAPL,44462400
180,109.449857,111.790001,2015-10-13,112.449997,110.68,110.82,AAPL,33049300
181,109.263832,111.599998,2015-10-12,112.75,111.440002,112.730003,AAPL,30467200
182,109.772951,112.120003,2015-10-09,112.279999,109.489998,110.00,AAPL,52766100
183,107.207794,109.50,2015-10-08,110.190002,108.209999,110.190002,AAPL,61979600
184,108.460998,110.779999,2015-10-07,111.769997,109.410004,111.739998,AAPL,46765600
185,108.979902,111.309998,2015-10-06,111.739998,109.769997,110.629997,AAPL,48857000
186,108.460998,110.779999,2015-10-05,111.370003,109.07,109.879997,AAPL,52064700
187,108.06937,110.379997,2015-10-02,111.010002,107.550003,108.010002,AAPL,58019800
188,107.286121,109.580002,2015-10-01,109.620003,107.309998,109.07,AAPL,63929100
189,107.99105,110.300003,2015-09-30,111.540001,108.730003,110.169998,AAPL,66473000
190,106.777002,109.059998,2015-09-29,113.510002,107.860001,112.830002,AAPL,73365400
191,110.086252,112.440002,2015-09-28,114.57,112.440002,113.849998,AAPL,52109000
192,112.30873,114.709999,2015-09-25,116.690002,114.019997,116.440002,AAPL,56151900
193,112.59266,115.00,2015-09-24,115.50,112.370003,113.25,AAPL,50219500
194,111.926895,114.32,2015-09-23,114.720001,113.300003,113.629997,AAPL,35756700
195,111.026155,113.400002,2015-09-22,114.18,112.519997,113.379997,AAPL,50346200
196,112.798263,115.209999,2015-09-21,115.370003,113.660004,113.669998,AAPL,50222000
197,111.075104,113.449997,2015-09-18,114.300003,111.870003,112.209999,AAPL,74285300
198,111.535266,113.919998,2015-09-17,116.489998,113.720001,115.660004,AAPL,64112600
199,113.973148,116.410004,2015-09-16,116.540001,115.440002,116.25,AAPL,37173500
200,113.845864,116.279999,2015-09-15,116.529999,114.419998,115.93,AAPL,43341200
201,112.896168,115.309998,2015-09-14,116.889999,114.860001,116.580002,AAPL,58363400
202,111.819197,114.209999,2015-09-11,114.209999,111.760002,111.790001,AAPL,49915500
203,110.213528,112.57,2015-09-10,113.279999,109.900002,110.269997,AAPL,62892800
204,107.844189,110.150002,2015-09-09,114.019997,109.769997,113.760002,AAPL,85010800
205,109.958969,112.309998,2015-09-08,112.559998,110.32,111.75,AAPL,54843600
206,106.982605,109.269997,2015-09-04,110.449997,108.510002,108.970001,AAPL,49996300
207,108.059584,110.370003,2015-09-03,112.779999,110.040001,112.489998,AAPL,53233900
208,109.988339,112.339996,2015-09-02,112.339996,109.129997,110.230003,AAPL,61888800
209,105.465056,107.720001,2015-09-01,111.879997,107.360001,110.150002,AAPL,76845900
210,110.399553,112.760002,2015-08-31,114.529999,112.00,112.029999,AAPL,56229300
211,110.918457,113.290001,2015-08-28,113.309998,111.540001,112.169998,AAPL,53164400
212,110.5562,112.919998,2015-08-27,113.239998,110.019997,112.230003,AAPL,84616100
213,107.393819,109.690002,2015-08-26,109.889999,105.050003,107.089996,AAPL,96774600
214,101.568368,103.739998,2015-08-25,111.110001,103.50,111.110001,AAPL,103601600
215,100.961352,103.120003,2015-08-24,108.800003,92.00,94.870003,AAPL,162206300
216,103.546087,105.760002,2015-08-21,111.900002,105.650002,110.43,AAPL,128275500
217,110.291855,112.650002,2015-08-20,114.349998,111.629997,114.080002,AAPL,68501600
218,112.602453,115.010002,2015-08-19,116.519997,114.68,116.099998,AAPL,47445700
219,114.06126,116.50,2015-08-18,117.440002,116.010002,116.43,AAPL,34560700
220,114.707448,117.160004,2015-08-17,117.650002,115.50,116.040001,AAPL,40884700
221,113.532563,115.959999,2015-08-14,116.309998,114.010002,114.32,AAPL,42929500
222,112.739522,115.150002,2015-08-13,116.400002,114.540001,116.040001,AAPL,48535800
223,112.827634,115.239998,2015-08-12,115.419998,109.629997,112.529999,AAPL,101217500
224,111.114268,113.489998,2015-08-11,118.18,113.330002,117.809998,AAPL,97082800
225,117.213856,119.720001,2015-08-10,119.989998,116.529999,116.529999,AAPL,54951600
226,113.101772,115.519997,2015-08-07,116.25,114.50,114.580002,AAPL,38670400
227,112.719936,115.129997,2015-08-06,116.50,114.120003,115.970001,AAPL,52903000
228,112.475172,115.400002,2015-08-05,117.440002,112.099998,112.949997,AAPL,99312600
229,111.734432,114.639999,2015-08-04,117.699997,113.25,117.419998,AAPL,124138600
230,115.438123,118.440002,2015-08-03,122.57,117.519997,121.50,AAPL,69976000
231,118.225637,121.300003,2015-07-31,122.639999,120.910004,122.599998,AAPL,42885000
232,119.268517,122.370003,2015-07-30,122.57,121.709999,122.32,AAPL,33628300
233,119.872798,122.989998,2015-07-29,123.50,122.269997,123.150002,AAPL,37011700
234,120.252913,123.379997,2015-07-28,123.910004,122.550003,123.379997,AAPL,33618100
235,119.658373,122.769997,2015-07-27,123.610001,122.120003,123.089996,AAPL,44455500
236,121.344529,124.50,2015-07-24,125.739998,123.900002,125.32,AAPL,42162300
237,121.987805,125.160004,2015-07-23,127.089996,125.059998,126.199997,AAPL,50999500
238,122.046282,125.220001,2015-07-22,125.50,121.989998,121.989998,AAPL,115450600
239,127.436122,130.75,2015-07-21,132.919998,130.320007,132.850006,AAPL,76756400
240,128.722674,132.070007,2015-07-20,132.970001,130.699997,130.970001,AAPL,58900200
241,126.334757,129.619995,2015-07-17,129.619995,128.309998,129.080002,AAPL,46164700
242,125.25289,128.509995,2015-07-16,128.570007,127.349998,127.739998,AAPL,36222400
243,123.605728,126.82,2015-07-15,127.150002,125.580002,125.720001,AAPL,33649200
244,122.426397,125.610001,2015-07-14,126.370003,125.040001,126.040001,AAPL,31768100
245,122.475132,125.660004,2015-07-13,125.760002,124.32,125.029999,AAPL,41440500
246,120.155449,123.279999,2015-07-10,123.849998,121.209999,121.940002,AAPL,61354500
247,117.026808,120.07,2015-07-09,124.059998,119.220001,123.849998,AAPL,77821600
248,119.463445,122.57,2015-07-08,124.639999,122.540001,124.480003,AAPL,60761600
249,122.504371,125.690002,2015-07-07,126.150002,123.769997,125.889999,AAPL,46946800
250,122.806512,126.00,2015-07-06,126.230003,124.849998,124.940002,AAPL,28060400
251,123.235362,126.440002,2015-07-02,126.690002,125.769997,126.43,AAPL,27211000
252,123.391303,126.599998,2015-07-01,126.940002,125.989998,126.900002,AAPL,30238800
253,122.250959,125.43,2015-06-30,126.120003,124.860001,125.57,AAPL,44370700
254,121.373768,124.529999,2015-06-29,126.470001,124.480003,125.459999,AAPL,49161400
255,123.537503,126.75,2015-06-26,127.989998,126.510002,127.669998,AAPL,44066800
256,124.268494,127.50,2015-06-25,129.199997,127.50,128.860001,AAPL,31938100
257,124.863034,128.110001,2015-06-24,129.800003,127.120003,127.209999,AAPL,55280900
258,123.810405,127.029999,2015-06-23,127.610001,126.879997,127.480003,AAPL,30268900
259,124.375706,127.610001,2015-06-22,128.059998,127.080002,127.489998,AAPL,34039300
260,123.391303,126.599998,2015-06-19,127.82,126.400002,127.709999,AAPL,54716900
261,124.63886,127.879997,2015-06-18,128.309998,127.220001,127.230003,AAPL,35407200
262,124.073566,127.300003,2015-06-17,127.879997,126.739998,127.720001,AAPL,32918100
263,124.365958,127.599998,2015-06-16,127.849998,126.370003,127.029999,AAPL,31494100
264,123.703192,126.919998,2015-06-15,127.239998,125.709999,126.099998,AAPL,43988900
265,123.946856,127.169998,2015-06-12,128.330002,127.110001,128.190002,AAPL,36886200
266,125.330864,128.589996,2015-06-11,130.179993,128.479996,129.179993,AAPL,35390900
267,125.613522,128.880005,2015-06-10,129.339996,127.849998,127.919998,AAPL,39087300
268,124.19052,127.419998,2015-06-09,128.080002,125.620003,126.699997,AAPL,56075400
269,124.560893,127.800003,2015-06-08,129.210007,126.830002,128.899994,AAPL,52674800
270,125.389341,128.649994,2015-06-05,129.690002,128.360001,129.50,AAPL,35626800
271,126.081352,129.360001,2015-06-04,130.580002,128.910004,129.580002,AAPL,38450100
272,126.822085,130.119995,2015-06-03,130.940002,129.899994,130.660004,AAPL,30889400
273,126.666151,129.960007,2015-06-02,130.660004,129.320007,129.860001,AAPL,33667600
274,127.231438,130.539993,2015-06-01,131.389999,130.050003,130.279999,AAPL,32112800
275,126.978033,130.279999,2015-05-29,131.449997,129.899994,131.229996,AAPL,50884500
276,128.440015,131.779999,2015-05-28,131.949997,131.100006,131.860001,AAPL,30733300
277,128.69342,132.039993,2015-05-27,132.259995,130.050003,130.339996,AAPL,45833200
278,126.334757,129.619995,2015-05-26,132.910004,129.119995,132.600006,AAPL,70697600
279,129.180748,132.539993,2015-05-22,132.970001,131.399994,131.600006,AAPL,45596000
280,128.059901,131.389999,2015-05-21,131.630005,129.830002,130.070007,AAPL,39730400
281,126.763608,130.059998,2015-05-20,130.979996,129.339996,130.00,AAPL,36454900
282,126.773364,130.070007,2015-05-19,130.880005,129.639999,130.690002,AAPL,44633200
283,126.890318,130.190002,2015-05-18,130.720001,128.360001,128.380005,AAPL,50882900
284,125.50631,128.770004,2015-05-15,129.490005,128.210007,129.070007,AAPL,38208000
285,125.68174,128.949997,2015-05-14,128.949997,127.160004,127.410004,AAPL,45203500
286,122.81626,126.010002,2015-05-13,127.190002,125.870003,126.150002,AAPL,34694200
287,122.679809,125.870003,2015-05-12,126.879997,124.82,125.599998,AAPL,48160000
288,123.118401,126.32,2015-05-11,127.559998,125.629997,127.389999,AAPL,42035800
289,124.385455,127.620003,2015-05-08,127.620003,126.110001,126.68,AAPL,55550400
290,122.085269,125.260002,2015-05-07,126.080002,124.019997,124.769997,AAPL,43940900
291,121.334791,125.010002,2015-05-06,126.75,123.360001,126.559998,AAPL,72141000
292,122.101567,125.800003,2015-05-05,128.449997,125.779999,128.149994,AAPL,49271400
293,124.916303,128.699997,2015-05-04,130.570007,128.259995,129.50,AAPL,50988300
294,125.158953,128.949997,2015-05-01,130.130005,125.300003,126.099998,AAPL,58512600
295,121.470675,125.150002,2015-04-30,128.639999,124.580002,128.639999,AAPL,83195400
296,124.858069,128.639999,2015-04-29,131.589996,128.300003,130.160004,AAPL,63386100
297,126.72162,130.559998,2015-04-28,134.539993,129.570007,134.460007,AAPL,118924000
298,128.750172,132.649994,2015-04-27,133.130005,131.149994,132.309998,AAPL,96954200
299,126.449853,130.279999,2015-04-24,130.630005,129.229996,130.490005,AAPL,44525900
300,125.857786,129.669998,2015-04-23,130.419998,128.139999,128.300003,AAPL,45770900
301,124.838653,128.619995,2015-04-22,128.869995,126.32,126.989998,AAPL,37654500
302,123.178934,126.910004,2015-04-21,128.199997,126.669998,128.100006,AAPL,32435100
303,123.848643,127.599998,2015-04-20,128.119995,125.169998,125.57,AAPL,47054300
304,121.082433,124.75,2015-04-17,126.139999,124.459999,125.550003,AAPL,51957000
305,122.460684,126.169998,2015-04-16,127.099998,126.110001,126.279999,AAPL,28369000
306,123.052751,126.779999,2015-04-15,127.129997,126.010002,126.410004,AAPL,28970400
307,122.586867,126.300003,2015-04-14,127.290001,125.910004,127.00,AAPL,25524600
308,123.120693,126.849998,2015-04-13,128.570007,126.610001,128.369995,AAPL,36365100
309,123.363343,127.099998,2015-04-10,127.209999,125.260002,125.949997,AAPL,40188000
310,122.839218,126.559998,2015-04-09,126.580002,124.660004,125.849998,AAPL,32484000
311,121.907442,125.599998,2015-04-08,126.400002,124.970001,125.849998,AAPL,37329200
312,122.305392,126.010002,2015-04-07,128.119995,125.980003,127.639999,AAPL,35012300
313,123.605993,127.349998,2015-04-06,127.510002,124.330002,124.470001,AAPL,37194000
314,121.635675,125.32,2015-04-02,125.559998,124.190002,125.029999,AAPL,32220100
315,120.597133,124.25,2015-04-01,125.120003,123.099998,124.82,AAPL,40621400
316,120.771841,124.43,2015-03-31,126.489998,124.360001,126.089996,AAPL,42090600
317,122.654809,126.370003,2015-03-30,126.400002,124.00,124.050003,AAPL,47099700
318,119.626532,123.25,2015-03-27,124.699997,122.910004,124.57,AAPL,39546200
319,120.587424,124.239998,2015-03-26,124.879997,122.599998,122.760002,AAPL,47572900
320,119.752707,123.379997,2015-03-25,126.82,123.379997,126.540001,AAPL,51655200
321,122.965401,126.690002,2015-03-24,128.039993,126.559998,127.230003,AAPL,32842300
322,123.47011,127.209999,2015-03-23,127.849998,126.519997,127.120003,AAPL,37709700
323,122.198625,125.900002,2015-03-20,128.399994,125.160004,128.25,AAPL,68695100
324,123.751585,127.50,2015-03-19,129.25,127.400002,128.75,AAPL,45809500
325,124.693069,128.470001,2015-03-18,129.160004,126.370003,127.00,AAPL,65270900
326,123.305109,127.040001,2015-03-17,127.32,125.650002,125.900002,AAPL,51023100
327,121.27655,124.949997,2015-03-16,124.949997,122.870003,123.879997,AAPL,35874300
328,119.956533,123.589996,2015-03-13,125.400002,122.580002,124.400002,AAPL,51827300
329,120.79125,124.449997,2015-03-12,124.900002,121.629997,122.309998,AAPL,48362700
330,118.646223,122.239998,2015-03-11,124.769997,122.110001,124.75,AAPL,68939000
331,120.849491,124.510002,2015-03-10,127.220001,123.800003,126.410004,AAPL,68856600
332,123.402168,127.139999,2015-03-09,129.570007,125.059998,127.959999,AAPL,88528500
333,122.878043,126.599998,2015-03-06,129.369995,126.260002,128.399994,AAPL,72842100
334,122.693634,126.410004,2015-03-05,128.75,125.760002,128.580002,AAPL,56517100
335,124.761003,128.539993,2015-03-04,129.559998,128.320007,129.100006,AAPL,31666300
336,125.556903,129.360001,2015-03-03,129.520004,128.089996,128.960007,AAPL,37816300
337,125.294836,129.089996,2015-03-02,130.279999,128.300003,129.25,AAPL,48096700
338,124.683368,128.460007,2015-02-27,130.570007,128.240005,130.00,AAPL,62014800
339,126.585737,130.419998,2015-02-26,130.869995,126.610001,128.789993,AAPL,91287500
340,125.003653,128.789993,2015-02-25,131.600006,128.149994,131.559998,AAPL,74711700
341,128.284288,132.169998,2015-02-24,133.600006,131.169998,132.940002,AAPL,69228100
342,129.089888,133.00,2015-02-23,133.00,129.660004,130.020004,AAPL,70974100
343,125.692786,129.50,2015-02-20,129.50,128.050003,128.619995,AAPL,48948400
344,124.673652,128.449997,2015-02-19,129.029999,128.330002,128.479996,AAPL,37362400
345,124.935719,128.720001,2015-02-18,128.779999,127.449997,127.629997,AAPL,44891700
346,124.071885,127.830002,2015-02-17,128.880005,126.919998,127.489998,AAPL,63152400
347,123.343934,127.080002,2015-02-13,127.279999,125.650002,127.279999,AAPL,54272200
348,122.742159,126.459999,2015-02-12,127.480003,125.57,126.059998,AAPL,74474500
349,121.208608,124.879997,2015-02-11,124.919998,122.50,122.769997,AAPL,73561800
350,118.43269,122.019997,2015-02-10,122.150002,120.160004,120.169998,AAPL,62008500
351,116.200313,119.720001,2015-02-09,119.839996,118.43,118.550003,AAPL,38889800
352,115.433537,118.93,2015-02-06,120.25,118.449997,120.019997,AAPL,43706600
353,116.413846,119.940002,2015-02-05,120.230003,119.25,120.019997,AAPL,42246200
354,115.588828,119.559998,2015-02-04,120.510002,118.309998,118.50,AAPL,70149700
355,114.709057,118.650002,2015-02-03,119.089996,117.610001,118.50,AAPL,51915700
356,114.689718,118.629997,2015-02-02,119.169998,116.080002,118.050003,AAPL,62739100
357,113.26855,117.160004,2015-01-30,120.00,116.849998,118.400002,AAPL,83745500
358,114.950754,118.900002,2015-01-29,119.190002,115.559998,116.32,AAPL,84436400
359,111.479991,115.309998,2015-01-28,118.120003,115.309998,117.629997,AAPL,146477100
360,105.514929,109.139999,2015-01-27,112.480003,109.029999,112.419998,AAPL,95568700
361,109.343397,113.099998,2015-01-26,114.360001,112.800003,113.739998,AAPL,55615000
362,109.227388,112.980003,2015-01-23,113.75,111.529999,112.300003,AAPL,46464800
363,108.66665,112.400002,2015-01-22,112.470001,109.720001,110.260002,AAPL,53796400
364,105.911314,109.550003,2015-01-21,111.059998,108.269997,108.949997,AAPL,48575900
365,105.108881,108.720001,2015-01-20,108.970001,106.50,107.839996,AAPL,49899900
366,102.469554,105.989998,2015-01-16,107.580002,105.199997,107.029999,AAPL,78513300
367,103.271988,106.82,2015-01-15,110.059998,106.660004,110.00,AAPL,60014000
368,106.153011,109.800003,2015-01-14,110.489998,108.50,109.040001,AAPL,48337000
369,106.559059,110.220001,2015-01-13,112.800003,108.910004,111.43,AAPL,67091900
370,105.621276,109.25,2015-01-12,112.629997,108.800003,112.599998,AAPL,49650800
371,108.289605,112.010002,2015-01-09,113.25,110.209999,112.669998,AAPL,53699500
372,108.173588,111.889999,2015-01-08,112.150002,108.699997,109.230003,AAPL,59364500
373,104.171098,107.75,2015-01-07,108.199997,106.699997,107.199997,AAPL,40105900
374,102.73059,106.260002,2015-01-06,107.43,104.629997,106.540001,AAPL,65797100
375,102.72092,106.25,2015-01-05,108.650002,105.410004,108.290001,AAPL,64285500
376,105.69862,109.330002,2015-01-02,111.440002,107.349998,111.389999,AAPL,53204600
