,Adj_Close,Close,Date,High,Low,Open,Symbol,Volume
0,114.279999,114.279999,2016-06-30,115.18,113.669998,114.669998,FB,23192700
1,114.160004,114.160004,2016-06-29,114.25,113.040001,113.370003,FB,20968300
2,112.699997,112.699997,2016-06-28,112.75,110.550003,110.629997,FB,26813800
3,108.970001,108.970001,2016-06-27,111.57,108.230003,111.57,FB,36130400
4,112.080002,112.080002,2016-06-24,113.68,111.00,111.010002,FB,40643100
5,115.080002,115.080002,2016-06-23,115.089996,113.540001,114.370003,FB,16176900
6,113.910004,113.910004,2016-06-22,114.739998,113.610001,114.650002,FB,14846300
7,114.379997,114.379997,2016-06-21,115.209999,113.970001,114.120003,FB,19166300
8,113.370003,113.370003,2016-06-20,114.720001,112.75,113.769997,FB,20785400
9,113.019997,113.019997,2016-06-17,114.43,112.559998,114.419998,FB,24644300
10,114.389999,114.389999,2016-06-16,114.50,112.940002,113.870003,FB,19236300
11,114.599998,114.599998,2016-06-15,115.440002,114.07,115.300003,FB,19819400
12,114.940002,114.940002,2016-06-14,114.949997,113.580002,114.07,FB,17618500
13,113.949997,113.949997,2016-06-13,115.480003,113.309998,115.00,FB,31718200
14,116.620003,116.620003,2016-06-10,118.110001,116.260002,117.540001,FB,18510800
15,118.559998,118.559998,2016-06-09,118.68,117.709999,118.129997,FB,13859200
16,118.389999,118.389999,2016-06-08,118.599998,117.269997,117.760002,FB,14505600
17,117.760002,117.760002,2016-06-07,119.300003,117.669998,119.239998,FB,17103000
18,118.790001,118.790001,2016-06-06,119.43,118.360001,118.620003,FB,12744700
19,118.470001,118.470001,2016-06-03,118.980003,117.860001,118.980003,FB,14135100
20,118.93,118.93,2016-06-02,119.440002,118.220001,118.690002,FB,13228300
21,118.779999,118.779999,2016-06-01,119.080002,117.82,118.50,FB,15029500
22,118.809998,118.809998,2016-05-31,120.099998,118.120003,119.459999,FB,23547600
23,119.379997,119.379997,2016-05-27,119.849998,119.010002,119.559998,FB,13493600
24,119.470001,119.470001,2016-05-26,119.760002,117.919998,118.239998,FB,18481300
25,117.889999,117.889999,2016-05-25,118.669998,117.379997,118.129997,FB,20019800
26,117.699997,117.699997,2016-05-24,117.730003,116.120003,116.239998,FB,20183600
27,115.970001,115.970001,2016-05-23,117.599998,115.940002,117.419998,FB,20441000
28,117.349998,117.349998,2016-05-20,117.989998,116.949997,116.959999,FB,18944800
29,116.809998,116.809998,2016-05-19,117.489998,115.879997,117.050003,FB,20544100
30,117.650002,117.650002,2016-05-18,118.269997,116.730003,116.800003,FB,21642300
31,117.349998,117.349998,2016-05-17,119.010002,117.199997,118.82,FB,21328600
32,118.669998,118.669998,2016-05-16,119.610001,117.349998,119.379997,FB,31247800
33,119.809998,119.809998,2016-05-13,120.639999,119.68,120.379997,FB,18124300
34,120.279999,120.279999,2016-05-12,120.839996,118.900002,119.980003,FB,22035500
35,119.519997,119.519997,2016-05-11,121.080002,119.419998,120.410004,FB,22038400
36,120.50,120.50,2016-05-10,120.50,119.00,119.620003,FB,23220000
37,119.239998,119.239998,2016-05-09,120.279999,118.900002,119.540001,FB,21138100
38,119.489998,119.489998,2016-05-06,119.639999,117.110001,117.160004,FB,26395600
39,117.809998,117.809998,2016-05-05,118.980003,117.25,118.040001,FB,22056700
40,118.059998,118.059998,2016-05-04,118.300003,116.57,116.610001,FB,23380200
41,117.43,117.43,2016-05-03,118.160004,117.019997,117.519997,FB,24117500
42,118.57,118.57,2016-05-02,118.730003,116.57,117.830002,FB,28095200
43,117.580002,117.580002,2016-04-29,117.839996,115.839996,116.82,FB,37140600
44,116.730003,116.730003,2016-04-28,120.790001,116.230003,119.580002,FB,87110100
45,108.889999,108.889999,2016-04-27,108.940002,106.309998,107.940002,FB,52213100
46,108.760002,108.760002,2016-04-26,110.50,108.150002,110.489998,FB,22521500
47,110.099998,110.099998,2016-04-25,110.669998,109.07,109.870003,FB,21017900
48,110.559998,110.559998,2016-04-22,111.75,109.010002,111.209999,FB,38458200
49,113.440002,113.440002,2016-04-21,114.040001,112.309998,112.550003,FB,20875200
50,112.419998,112.419998,2016-04-20,113.269997,111.559998,112.43,FB,21027900
51,112.290001,112.290001,2016-04-19,112.449997,109.160004,111.099998,FB,30210500
52,110.449997,110.449997,2016-04-18,110.809998,109.199997,109.739998,FB,21167200
53,109.639999,109.639999,2016-04-15,110.970001,109.199997,110.790001,FB,20922800
54,110.839996,110.839996,2016-04-14,112.040001,110.260002,110.620003,FB,28473300
55,110.510002,110.510002,2016-04-13,112.650002,106.519997,112.230003,FB,88227400
56,110.610001,110.610001,2016-04-12,111.160004,108.989998,109.339996,FB,26248100
57,108.989998,108.989998,2016-04-11,110.910004,108.769997,110.699997,FB,39762300
58,110.629997,110.629997,2016-04-08,114.330002,109.900002,114.25,FB,48497800
59,113.639999,113.639999,2016-04-07,114.889999,113.07,113.790001,FB,20714500
60,113.709999,113.709999,2016-04-06,113.809998,112.419998,112.470001,FB,20814600
61,112.220001,112.220001,2016-04-05,113.32,111.900002,112.110001,FB,22962400
62,112.550003,112.550003,2016-04-04,114.550003,111.610001,114.07,FB,48487900
63,116.059998,116.059998,2016-04-01,116.169998,113.349998,113.75,FB,24760500
64,114.099998,114.099998,2016-03-31,115.010002,113.769997,114.699997,FB,21207500
65,114.699997,114.699997,2016-03-30,116.989998,114.360001,116.730003,FB,33235200
66,116.139999,116.139999,2016-03-29,116.32,113.639999,113.830002,FB,29825300
67,113.690002,113.690002,2016-03-28,114.589996,112.949997,113.32,FB,21351800
68,113.050003,113.050003,2016-03-24,113.089996,111.68,112.129997,FB,17839100
69,112.540001,112.540001,2016-03-23,113.190002,112.00,112.010002,FB,18562000
70,112.25,112.25,2016-03-22,112.879997,111.169998,111.360001,FB,19001100
71,111.849998,111.849998,2016-03-21,112.370003,111.029999,111.660004,FB,18448000
72,111.449997,111.449997,2016-03-18,112.419998,110.269997,111.559998,FB,36256900
73,111.019997,111.019997,2016-03-17,112.690002,110.730003,112.150002,FB,24241200
74,112.18,112.18,2016-03-16,112.50,110.099998,110.489998,FB,24744800
75,110.669998,110.669998,2016-03-15,110.830002,108.839996,109.110001,FB,17618500
76,109.889999,109.889999,2016-03-14,110.330002,108.769997,109.279999,FB,17249400
77,109.410004,109.410004,2016-03-11,109.419998,107.919998,108.480003,FB,20697600
78,107.32,107.32,2016-03-10,108.660004,105.769997,107.910004,FB,24854300
79,107.510002,107.510002,2016-03-09,107.510002,105.489998,106.699997,FB,20493300
80,105.93,105.93,2016-03-08,107.370003,104.400002,104.779999,FB,25617000
81,105.730003,105.730003,2016-03-07,108.07,104.720001,108.07,FB,31436400
82,108.389999,108.389999,2016-03-04,110.050003,107.93,110.050003,FB,24938900
83,109.580002,109.580002,2016-03-03,110.300003,108.540001,110.25,FB,21353100
84,109.949997,109.949997,2016-03-02,110.550003,108.769997,109.68,FB,25670200
85,109.82,109.82,2016-03-01,109.82,107.599998,107.830002,FB,26817300
86,106.919998,106.919998,2016-02-29,108.910004,106.75,107.599998,FB,32779000
87,107.919998,107.919998,2016-02-26,109.449997,107.160004,108.699997,FB,26686200
88,108.07,108.07,2016-02-25,108.07,105.610001,107.110001,FB,29906300
89,106.879997,106.879997,2016-02-24,106.949997,102.739998,104.209999,FB,34412400
90,105.459999,105.459999,2016-02-23,107.470001,105.120003,106.849998,FB,25319300
91,107.160004,107.160004,2016-02-22,108.25,105.339996,105.489998,FB,35709700
92,104.57,104.57,2016-02-19,105.019997,102.059998,102.550003,FB,32404500
93,103.470001,103.470001,2016-02-18,106.00,103.029999,105.800003,FB,29593500
94,105.199997,105.199997,2016-02-17,105.720001,100.400002,102.019997,FB,44073400
95,101.610001,101.610001,2016-02-16,103.93,100.239998,103.800003,FB,45687200
96,102.010002,102.010002,2016-02-12,104.239998,101.089996,103.739998,FB,36176800
97,101.910004,101.910004,2016-02-11,105.110001,98.879997,99.599998,FB,43670600
98,101.00,101.00,2016-02-10,103.25,100.239998,101.550003,FB,45179400
99,99.540001,99.540001,2016-02-09,102.400002,96.82,97.139999,FB,62709000
100,99.75,99.75,2016-02-08,102.68,97.459999,100.410004,FB,71229700
101,104.07,104.07,2016-02-05,109.580002,103.18,109.510002,FB,76894700
102,110.489998,110.489998,2016-02-04,111.940002,109.25,111.800003,FB,38890200
103,112.690002,112.690002,2016-02-03,115.339996,109.75,115.269997,FB,56919300
104,114.610001,114.610001,2016-02-02,117.589996,113.199997,114.800003,FB,59778600
105,115.089996,115.089996,2016-02-01,115.720001,112.010002,112.269997,FB,46132700
106,112.209999,112.209999,2016-01-29,112.839996,108.839996,108.989998,FB,62739500
107,109.110001,109.110001,2016-01-28,110.339996,104.809998,107.199997,FB,107475300
108,94.449997,94.449997,2016-01-27,97.849998,94.230003,97.790001,FB,58699400
109,97.339996,97.339996,2016-01-26,97.879997,95.660004,97.760002,FB,26877100
110,97.010002,97.010002,2016-01-25,99.480003,96.93,98.720001,FB,32482000
111,97.940002,97.940002,2016-01-22,98.07,95.489998,96.410004,FB,30495400
112,94.160004,94.160004,2016-01-21,95.989998,92.620003,94.910004,FB,30518900
113,94.349998,94.349998,2016-01-20,95.00,89.370003,92.830002,FB,59051400
114,95.260002,95.260002,2016-01-19,97.419998,93.919998,96.529999,FB,30998300
115,94.970001,94.970001,2016-01-15,96.379997,93.540001,93.980003,FB,46132800
116,98.370003,98.370003,2016-01-14,98.870003,92.449997,95.849998,FB,48658600
117,95.440002,95.440002,2016-01-13,100.580002,95.209999,100.580002,FB,33410600
118,99.370003,99.370003,2016-01-12,99.959999,97.550003,99.00,FB,28395400
119,97.510002,97.510002,2016-01-11,98.599998,95.389999,97.910004,FB,29932400
120,97.330002,97.330002,2016-01-08,100.50,97.029999,99.879997,FB,35402300
121,97.919998,97.919998,2016-01-07,101.43,97.300003,100.50,FB,45172900
122,102.970001,102.970001,2016-01-06,103.769997,100.900002,101.129997,FB,25096200
123,102.730003,102.730003,2016-01-05,103.709999,101.669998,102.889999,FB,23258200
124,102.220001,102.220001,2016-01-04,102.239998,99.75,101.949997,FB,37912400
