,Adj_Close,Close,Date,High,Low,Open,Symbol,Volume
0,54.650002,54.650002,2013-12-31,54.860001,53.91,54.119999,FB,43076200
1,53.709999,53.709999,2013-12-30,55.18,53.43,54.93,FB,68307000
2,55.439999,55.439999,2013-12-27,57.68,55.25,57.48,FB,60466000
3,57.73,57.73,2013-12-26,58.380001,57.369999,58.32,FB,55101000
4,57.959999,57.959999,2013-12-24,58.580002,56.91,58.27,FB,46617800
5,57.77,57.77,2013-12-23,58.32,55.450001,55.50,FB,98297000
6,55.119999,55.119999,2013-12-20,55.150002,54.23,54.93,FB,239824000
7,55.049999,55.049999,2013-12-19,55.189999,53.950001,54.330002,FB,89753200
8,55.57,55.57,2013-12-18,55.889999,53.75,54.860001,FB,76003000
9,54.860001,54.860001,2013-12-17,55.18,54.240002,54.759998,FB,78751000
10,53.810001,53.810001,2013-12-16,54.50,52.91,53.25,FB,85119000
11,53.32,53.32,2013-12-13,53.50,51.34,51.66,FB,82641000
12,51.830002,51.830002,2013-12-12,52.07,50.66,51.049999,FB,92723000
13,49.380001,49.380001,2013-12-11,50.77,49.009998,50.549999,FB,65776000
14,50.25,50.25,2013-12-10,50.77,48.540001,48.639999,FB,68479000
15,48.84,48.84,2013-12-09,48.970001,47.740002,48.09,FB,36056000
16,47.939999,47.939999,2013-12-06,49.389999,47.709999,48.98,FB,42938000
17,48.34,48.34,2013-12-05,48.700001,47.869999,48.150002,FB,43855000
18,48.619999,48.619999,2013-12-04,48.77,46.259998,46.459999,FB,60890000
19,46.73,46.73,2013-12-03,47.200001,46.290001,46.75,FB,32086000
20,47.060001,47.060001,2013-12-02,47.540001,46.259998,46.900002,FB,50774000
21,47.009998,47.009998,2013-11-29,47.209999,46.50,46.75,FB,22953900
22,46.490002,46.490002,2013-11-27,46.669998,45.529999,45.970001,FB,44993000
23,45.889999,45.889999,2013-11-26,46.169998,43.549999,44.66,FB,82016000
24,44.82,44.82,2013-11-25,46.650002,44.040001,46.360001,FB,82565000
25,46.23,46.23,2013-11-22,47.27,45.959999,47.040001,FB,40545000
26,46.700001,46.700001,2013-11-21,47.459999,46.689999,46.990002,FB,34886000
27,46.43,46.43,2013-11-20,47.549999,46.310001,46.610001,FB,53933000
28,46.360001,46.360001,2013-11-19,47.00,45.720001,46.259998,FB,75602000
29,45.830002,45.830002,2013-11-18,48.84,45.799999,48.470001,FB,85910000
30,49.009998,49.009998,2013-11-15,49.48,48.709999,49.110001,FB,42453000
31,48.990002,48.990002,2013-11-14,49.57,48.029999,48.700001,FB,75117000
32,48.709999,48.709999,2013-11-13,48.740002,46.060001,46.23,FB,79245000
33,46.610001,46.610001,2013-11-12,47.369999,45.830002,46.00,FB,68196000
34,46.200001,46.200001,2013-11-11,47.529999,45.73,47.040001,FB,80910000
35,47.529999,47.529999,2013-11-08,48.650002,47.25,47.810001,FB,70731000
36,47.560001,47.560001,2013-11-07,49.869999,47.299999,49.240002,FB,97128000
37,49.119999,49.119999,2013-11-06,50.450001,48.709999,50.259998,FB,67889000
38,50.110001,50.110001,2013-11-05,50.18,47.509998,47.790001,FB,76835000
39,48.220001,48.220001,2013-11-04,49.75,48.02,49.369999,FB,80371000
40,49.75,49.75,2013-11-01,52.09,49.720001,50.849998,FB,95033000
41,50.209999,50.209999,2013-10-31,52.00,46.50,47.16,FB,248809000
42,49.009998,49.009998,2013-10-30,50.209999,48.75,50.00,FB,127073000
43,49.400002,49.400002,2013-10-29,50.790001,49.25,50.73,FB,102143000
44,50.23,50.23,2013-10-28,51.700001,49.610001,51.540001,FB,73472000
45,51.950001,51.950001,2013-10-25,53.240002,51.880001,53.18,FB,45085000
46,52.450001,52.450001,2013-10-24,52.84,51.59,52.380001,FB,46775000
47,51.900002,51.900002,2013-10-23,52.25,51.130001,51.75,FB,57207000
48,52.68,52.68,2013-10-22,54.759998,52.200001,54.330002,FB,83204000
49,53.849998,53.849998,2013-10-21,54.810001,53.509998,54.68,FB,58235000
50,54.220001,54.220001,2013-10-18,54.830002,53.599998,54.18,FB,88260000
51,52.209999,52.209999,2013-10-17,52.220001,50.950001,51.119999,FB,71522000
52,51.139999,51.139999,2013-10-16,51.240002,49.900002,50.040001,FB,64678000
53,49.50,49.50,2013-10-15,51.00,49.18,49.990002,FB,81167000
54,49.509998,49.509998,2013-10-14,49.630001,47.91,48.310001,FB,68781000
55,49.110001,49.110001,2013-10-11,49.869999,48.790001,49.18,FB,58428000
56,49.049999,49.049999,2013-10-10,49.68,47.830002,47.869999,FB,99774000
57,46.77,46.77,2013-10-09,47.84,45.259998,47.380001,FB,147297000
58,47.139999,47.139999,2013-10-08,50.599998,47.080002,50.599998,FB,136081000
59,50.52,50.52,2013-10-07,51.290001,50.400002,50.73,FB,57204000
60,51.040001,51.040001,2013-10-04,51.16,49.57,49.77,FB,74447000
61,49.18,49.18,2013-10-03,50.720001,49.060001,50.470001,FB,82045000
62,50.279999,50.279999,2013-10-02,51.099998,49.950001,50.130001,FB,62834000
63,50.419998,50.419998,2013-10-01,51.029999,49.450001,49.970001,FB,98114000
64,50.23,50.23,2013-09-30,51.599998,49.799999,50.139999,FB,100095000
65,51.240002,51.240002,2013-09-27,51.279999,49.860001,50.290001,FB,81410500
66,50.389999,50.389999,2013-09-26,50.599998,49.50,50.009998,FB,98220100
67,49.459999,49.459999,2013-09-25,49.540001,48.459999,49.23,FB,87879700
68,48.450001,48.450001,2013-09-24,49.66,48.16,48.509998,FB,136716100
69,47.189999,47.189999,2013-09-23,47.549999,46.290001,47.279999,FB,75177000
70,47.490002,47.490002,2013-09-20,47.599998,45.740002,46.32,FB,115508400
71,45.98,45.98,2013-09-19,46.049999,45.23,45.509998,FB,63972400
72,45.23,45.23,2013-09-18,45.470001,44.400002,44.84,FB,79317000
73,45.07,45.07,2013-09-17,45.439999,42.43,42.50,FB,91934600
74,42.509998,42.509998,2013-09-16,44.939999,42.43,44.849998,FB,70424200
75,44.310001,44.310001,2013-09-13,45.080002,43.93,45.040001,FB,52765300
76,44.75,44.75,2013-09-12,45.619999,44.650002,45.529999,FB,68072300
77,45.040001,45.040001,2013-09-11,45.09,43.110001,43.389999,FB,72328300
78,43.599998,43.599998,2013-09-10,44.259998,43.23,44.240002,FB,54540300
79,44.040001,44.040001,2013-09-09,44.790001,43.700001,44.360001,FB,75794700
80,43.950001,43.950001,2013-09-06,44.610001,42.400002,43.09,FB,117535700
81,42.66,42.66,2013-09-05,42.77,41.77,41.790001,FB,50035400
82,41.779999,41.779999,2013-09-04,42.169998,41.439999,42.009998,FB,42581900
83,41.869999,41.869999,2013-09-03,42.16,41.509998,41.84,FB,48774900
84,41.290001,41.290001,2013-08-30,42.259998,41.060001,42.02,FB,67735100
85,41.279999,41.279999,2013-08-29,41.779999,40.799999,40.889999,FB,58303400
86,40.549999,40.549999,2013-08-28,40.849998,39.880001,39.959999,FB,57918200
87,39.639999,39.639999,2013-08-27,41.200001,39.419998,40.68,FB,72695100
88,41.34,41.34,2013-08-26,41.939999,40.619999,40.900002,FB,94162400
89,40.549999,40.549999,2013-08-23,40.630001,38.93,39.00,FB,86442300
90,38.549999,38.549999,2013-08-22,38.75,38.34,38.369999,FB,21931200
91,38.32,38.32,2013-08-21,38.849998,38.150002,38.380001,FB,46116900
92,38.41,38.41,2013-08-20,38.580002,37.689999,38.349998,FB,57995200
93,37.810001,37.810001,2013-08-19,38.279999,37.139999,37.43,FB,57609600
94,37.080002,37.080002,2013-08-16,37.490002,36.900002,36.970001,FB,45840800
95,36.560001,36.560001,2013-08-15,37.07,36.02,36.360001,FB,56521100
96,36.650002,36.650002,2013-08-14,37.549999,36.619999,36.830002,FB,48423900
97,37.02,37.02,2013-08-13,38.32,36.77,38.240002,FB,65379200
98,38.220001,38.220001,2013-08-12,38.50,38.099998,38.200001,FB,31161000
99,38.50,38.50,2013-08-09,38.740002,38.009998,38.59,FB,43532300
100,38.540001,38.540001,2013-08-08,39.189999,38.43,39.130001,FB,41301000
101,38.869999,38.869999,2013-08-07,38.939999,37.700001,38.610001,FB,68854800
102,38.549999,38.549999,2013-08-06,39.25,37.939999,39.110001,FB,63950800
103,39.189999,39.189999,2013-08-05,39.32,38.25,38.43,FB,79994800
104,38.049999,38.049999,2013-08-02,38.490002,37.50,37.66,FB,73058500
105,37.490002,37.490002,2013-08-01,38.290001,36.919998,37.299999,FB,106066500
106,36.799999,36.799999,2013-07-31,38.310001,36.330002,37.959999,FB,154828700
107,37.630001,37.630001,2013-07-30,37.959999,35.32,35.650002,FB,173582800
108,35.43,35.43,2013-07-29,35.630001,34.009998,34.07,FB,124718800
109,34.009998,34.009998,2013-07-26,34.73,33.560001,33.77,FB,136028900
110,34.360001,34.360001,2013-07-25,34.880001,32.75,33.540001,FB,365457900
111,26.51,26.51,2013-07-24,26.530001,26.049999,26.32,FB,82635600
112,26.129999,26.129999,2013-07-23,26.299999,25.969999,26.10,FB,28221600
113,26.049999,26.049999,2013-07-22,26.129999,25.719999,25.99,FB,27526300
114,25.879999,25.879999,2013-07-19,26.110001,25.60,25.82,FB,46539700
115,26.18,26.18,2013-07-18,26.77,26.120001,26.75,FB,24806900
116,26.65,26.65,2013-07-17,26.780001,26.299999,26.370001,FB,21518500
117,26.32,26.32,2013-07-16,26.75,26.01,26.389999,FB,30817600
118,26.280001,26.280001,2013-07-15,26.43,25.65,25.93,FB,24234000
119,25.91,25.91,2013-07-12,25.93,25.549999,25.74,FB,16537900
120,25.809999,25.809999,2013-07-11,26.00,25.450001,25.959999,FB,26777400
121,25.799999,25.799999,2013-07-10,25.83,25.469999,25.58,FB,26721800
122,25.48,25.48,2013-07-09,25.49,25.030001,25.07,FB,30387900
123,24.709999,24.709999,2013-07-08,25.040001,24.42,24.469999,FB,27064600
124,24.370001,24.370001,2013-07-05,24.66,24.200001,24.65,FB,20229500
125,24.52,24.52,2013-07-03,24.709999,24.15,24.219999,FB,10404400
126,24.41,24.41,2013-07-02,24.77,24.299999,24.700001,FB,18394100
127,24.809999,24.809999,2013-07-01,25.059999,24.620001,24.969999,FB,20582200
128,24.879999,24.879999,2013-06-28,24.98,24.42,24.68,FB,96778900
129,24.66,24.66,2013-06-27,24.84,24.209999,24.24,FB,34694100
130,24.16,24.16,2013-06-26,24.65,23.99,24.51,FB,29890300
131,24.25,24.25,2013-06-25,24.43,24.040001,24.139999,FB,24713200
132,23.940001,23.940001,2013-06-24,24.110001,23.379999,23.950001,FB,40626000
133,24.530001,24.530001,2013-06-21,24.700001,24.049999,24.59,FB,45833900
134,23.90,23.90,2013-06-20,24.75,23.65,24.280001,FB,42765600
135,24.309999,24.309999,2013-06-19,25.190001,24.10,24.200001,FB,31790600
136,24.209999,24.209999,2013-06-18,24.690001,24.08,24.09,FB,36709100
137,24.02,24.02,2013-06-17,24.25,23.75,23.91,FB,33664500
138,23.629999,23.629999,2013-06-14,23.889999,23.26,23.559999,FB,30677100
139,23.73,23.73,2013-06-13,23.83,23.27,23.719999,FB,31189300
140,23.77,23.77,2013-06-12,24.26,23.58,24.16,FB,26445800
141,24.030001,24.030001,2013-06-11,24.35,24.00,24.030001,FB,29885900
142,24.33,24.33,2013-06-10,24.60,23.99,24.059999,FB,58393000
143,23.290001,23.290001,2013-06-07,23.40,22.860001,23.030001,FB,38699200
144,22.969999,22.969999,2013-06-06,23.09,22.67,22.99,FB,31260700
145,22.90,22.90,2013-06-05,23.709999,22.790001,23.35,FB,53819700
146,23.52,23.52,2013-06-04,23.93,23.32,23.889999,FB,34760800
147,23.85,23.85,2013-06-03,24.32,23.709999,24.27,FB,35733800
148,24.35,24.35,2013-05-31,24.950001,24.27,24.629999,FB,35925000
149,24.549999,24.549999,2013-05-30,24.780001,23.93,24.129999,FB,60733200
150,23.32,23.32,2013-05-29,23.809999,23.26,23.790001,FB,64237800
151,24.10,24.10,2013-05-28,24.540001,23.92,24.540001,FB,50079700
152,24.309999,24.309999,2013-05-24,24.969999,24.08,24.969999,FB,58727900
153,25.059999,25.059999,2013-05-23,25.530001,24.77,24.799999,FB,37663100
154,25.16,25.16,2013-05-22,25.85,24.92,25.65,FB,45314500
155,25.66,25.66,2013-05-21,26.08,25.59,25.870001,FB,26261300
156,25.76,25.76,2013-05-20,26.190001,25.690001,26.18,FB,42402900
157,26.25,26.25,2013-05-17,26.60,26.200001,26.40,FB,29462700
158,26.129999,26.129999,2013-05-16,26.549999,25.90,26.48,FB,35499100
159,26.60,26.60,2013-05-15,26.99,26.40,26.92,FB,30299800
160,27.07,27.07,2013-05-14,27.280001,26.82,26.889999,FB,24930300
161,26.82,26.82,2013-05-13,27.33,26.530001,26.60,FB,29068800
162,26.68,26.68,2013-05-10,27.299999,26.57,27.139999,FB,30847100
163,27.040001,27.040001,2013-05-09,27.549999,26.85,27.08,FB,33457200
164,27.120001,27.120001,2013-05-08,27.299999,26.65,26.879999,FB,34654900
165,26.889999,26.889999,2013-05-07,27.85,26.85,27.549999,FB,41259100
166,27.57,27.57,2013-05-06,28.459999,27.48,28.33,FB,43939400
167,28.309999,28.309999,2013-05-03,29.07,28.15,29.040001,FB,58506400
168,28.969999,28.969999,2013-05-02,29.02,27.98,28.01,FB,104257000
169,27.43,27.43,2013-05-01,27.92,27.309999,27.85,FB,64567600
170,27.77,27.77,2013-04-30,27.85,27.01,27.129999,FB,36245700
171,26.98,26.98,2013-04-29,27.41,26.860001,27.16,FB,29201100
172,26.85,26.85,2013-04-26,27.620001,26.60,26.60,FB,33018000
173,26.139999,26.139999,2013-04-25,26.40,26.00,26.07,FB,17150000
174,26.110001,26.110001,2013-04-24,26.40,25.799999,25.93,FB,19729900
175,25.98,25.98,2013-04-23,26.33,25.77,26.219999,FB,25191500
176,25.969999,25.969999,2013-04-22,26.360001,25.700001,25.809999,FB,25687600
177,25.73,25.73,2013-04-19,25.959999,25.33,25.620001,FB,20380900
178,25.690001,25.690001,2013-04-18,26.82,25.15,26.82,FB,39059000
179,26.629999,26.629999,2013-04-17,27.200001,26.389999,26.65,FB,26440600
180,26.92,26.92,2013-04-16,27.110001,26.40,26.809999,FB,27365900
181,26.52,26.52,2013-04-15,27.48,26.360001,27.16,FB,30275400
182,27.40,27.40,2013-04-12,28.00,27.24,28.00,FB,28697400
183,28.02,28.02,2013-04-11,28.10,27.25,27.48,FB,33368500
184,27.57,27.57,2013-04-10,27.84,26.90,27.01,FB,45949400
185,26.59,26.59,2013-04-09,26.889999,26.42,26.58,FB,21311100
186,26.85,26.85,2013-04-08,27.200001,26.629999,27.190001,FB,27256000
187,27.389999,27.389999,2013-04-05,27.799999,26.610001,26.860001,FB,64566600
188,27.07,27.07,2013-04-04,27.23,26.110001,26.620001,FB,82016800
189,26.25,26.25,2013-04-03,26.389999,25.700001,25.83,FB,48195200
190,25.42,25.42,2013-04-02,26.120001,25.299999,25.77,FB,35153300
191,25.530001,25.530001,2013-04-01,25.889999,25.280001,25.629999,FB,22249300
192,25.58,25.58,2013-03-28,26.17,25.52,26.09,FB,28585700
193,26.09,26.09,2013-03-27,26.280001,24.719999,25.00,FB,52297400
194,25.209999,25.209999,2013-03-26,25.48,25.030001,25.08,FB,26957200
195,25.129999,25.129999,2013-03-25,25.799999,25.08,25.75,FB,39199000
196,25.73,25.73,2013-03-22,26.01,25.629999,25.799999,FB,18456300
197,25.74,25.74,2013-03-21,26.110001,25.559999,25.66,FB,24336100
198,25.860001,25.860001,2013-03-20,26.690001,25.780001,26.68,FB,44006500
199,26.549999,26.549999,2013-03-19,26.90,26.209999,26.530001,FB,25254200
200,26.49,26.49,2013-03-18,26.790001,25.780001,26.370001,FB,26653700
201,26.65,26.65,2013-03-15,27.059999,26.559999,27.030001,FB,31597400
202,27.040001,27.040001,2013-03-14,27.43,26.83,27.10,FB,27646400
203,27.08,27.08,2013-03-13,27.65,26.92,27.620001,FB,39619500
204,27.83,27.83,2013-03-12,28.32,27.60,28.10,FB,27569600
205,28.139999,28.139999,2013-03-11,28.639999,27.83,28.01,FB,35642100
206,27.959999,27.959999,2013-03-08,28.469999,27.73,28.43,FB,44198900
207,28.58,28.58,2013-03-07,28.68,27.469999,27.57,FB,74540200
208,27.450001,27.450001,2013-03-06,28.129999,27.35,28.10,FB,33532600
209,27.52,27.52,2013-03-05,28.18,27.209999,27.879999,FB,40622200
210,27.719999,27.719999,2013-03-04,28.059999,27.440001,27.76,FB,32400700
211,27.780001,27.780001,2013-03-01,28.120001,26.809999,27.049999,FB,54064800
212,27.25,27.25,2013-02-28,27.299999,26.34,26.84,FB,83027800
213,26.870001,26.870001,2013-02-27,27.34,26.629999,27.34,FB,44319700
214,27.389999,27.389999,2013-02-26,27.459999,26.700001,27.360001,FB,31611700
215,27.27,27.27,2013-02-25,27.639999,27.15,27.16,FB,34652000
216,27.129999,27.129999,2013-02-22,27.629999,26.82,27.620001,FB,36350200
217,27.280001,27.280001,2013-02-21,28.549999,27.15,28.280001,FB,49642300
218,28.459999,28.459999,2013-02-20,29.049999,28.33,28.92,FB,42098200
219,28.93,28.93,2013-02-19,29.08,28.120001,28.23,FB,49396400
220,28.32,28.32,2013-02-15,28.75,28.09,28.52,FB,33109300
221,28.50,28.50,2013-02-14,28.629999,28.01,28.02,FB,35615800
222,27.91,27.91,2013-02-13,28.32,27.309999,27.360001,FB,50164000
223,27.370001,27.370001,2013-02-12,28.16,27.10,27.67,FB,93498700
224,28.26,28.26,2013-02-11,28.68,28.040001,28.610001,FB,37361800
225,28.549999,28.549999,2013-02-08,29.17,28.51,28.889999,FB,37708800
226,28.65,28.65,2013-02-07,29.15,28.27,29.110001,FB,34540100
227,29.049999,29.049999,2013-02-06,29.290001,28.66,28.74,FB,38375900
228,28.639999,28.639999,2013-02-05,28.959999,28.040001,28.26,FB,47948200
229,28.110001,28.110001,2013-02-04,29.200001,28.01,29.059999,FB,92362200
230,29.73,29.73,2013-02-01,31.02,29.629999,31.01,FB,85856700
231,30.98,30.98,2013-01-31,31.469999,28.74,29.15,FB,190744900
232,31.24,31.24,2013-01-30,31.49,30.879999,30.98,FB,87682100
233,30.790001,30.790001,2013-01-29,32.07,30.709999,32.00,FB,72976500
234,32.470001,32.470001,2013-01-28,32.509998,31.809999,31.879999,FB,59682500
235,31.540001,31.540001,2013-01-25,31.93,31.129999,31.41,FB,54363600
236,31.08,31.08,2013-01-24,31.49,30.809999,31.27,FB,43845100
237,30.82,30.82,2013-01-23,31.50,30.799999,31.10,FB,48899800
238,30.73,30.73,2013-01-22,30.889999,29.74,29.75,FB,55243300
239,29.66,29.66,2013-01-18,30.440001,29.27,30.309999,FB,49631500
240,30.139999,30.139999,2013-01-17,30.42,30.030001,30.08,FB,40256700
241,29.85,29.85,2013-01-16,30.35,29.530001,30.209999,FB,75332700
242,30.10,30.10,2013-01-15,31.709999,29.879999,30.639999,FB,173242600
243,30.950001,30.950001,2013-01-14,32.209999,30.620001,32.080002,FB,98892800
244,31.719999,31.719999,2013-01-11,31.959999,31.10,31.280001,FB,89598000
245,31.299999,31.299999,2013-01-10,31.450001,30.280001,30.60,FB,95316400
246,30.59,30.59,2013-01-09,30.60,29.49,29.67,FB,104787700
247,29.059999,29.059999,2013-01-08,29.60,28.860001,29.51,FB,45871300
248,29.42,29.42,2013-01-07,29.790001,28.65,28.690001,FB,83781800
249,28.76,28.76,2013-01-04,28.93,27.83,28.01,FB,72715400
250,27.77,27.77,2013-01-03,28.469999,27.59,27.879999,FB,63140600
251,28.00,28.00,2013-01-02,28.18,27.42,27.440001,FB,69846400
252,26.620001,26.620001,2012-12-31,26.99,26.110001,26.200001,FB,60374500
253,25.91,25.91,2012-12-28,26.110001,25.15,25.48,FB,56574800
254,26.049999,26.049999,2012-12-27,26.799999,25.52,26.549999,FB,43481700
255,26.51,26.51,2012-12-26,27.18,26.379999,27.030001,FB,33175400
256,26.93,26.93,2012-12-24,26.959999,26.200001,26.50,FB,28230100
257,26.26,26.26,2012-12-21,27.01,26.120001,26.66,FB,54555200
258,27.360001,27.360001,2012-12-20,27.60,27.129999,27.49,FB,35574800
259,27.41,27.41,2012-12-19,28.219999,26.950001,27.83,FB,61390300
260,27.709999,27.709999,2012-12-18,27.91,26.90,26.959999,FB,60512900
261,26.75,26.75,2012-12-17,27.00,26.32,26.77,FB,57742500
262,26.809999,26.809999,2012-12-14,28.33,26.76,28.18,FB,91631600
263,28.24,28.24,2012-12-13,28.75,27.43,27.59,FB,81051600
264,27.58,27.58,2012-12-12,28.139999,27.370001,28.00,FB,46704200
265,27.98,27.98,2012-12-11,28.24,27.66,28.07,FB,77099100
266,27.84,27.84,2012-12-10,28.17,27.10,27.17,FB,50608500
267,27.49,27.49,2012-12-07,27.780001,26.84,27.07,FB,51751900
268,26.969999,26.969999,2012-12-06,27.75,26.82,27.68,FB,46001500
269,27.709999,27.709999,2012-12-05,27.90,27.26,27.75,FB,58976300
270,27.459999,27.459999,2012-12-04,27.76,26.68,27.059999,FB,72869200
271,27.040001,27.040001,2012-12-03,28.879999,26.98,28.00,FB,123526100
272,28.00,28.00,2012-11-30,28.00,26.76,27.26,FB,127049600
273,27.32,27.32,2012-11-29,27.52,26.16,26.50,FB,88759700
274,26.360001,26.360001,2012-11-28,26.49,25.75,25.940001,FB,49205600
275,26.15,26.15,2012-11-27,26.50,25.459999,26.040001,FB,85760600
276,25.940001,25.940001,2012-11-26,26.09,24.809999,24.940001,FB,123865000
277,24.00,24.00,2012-11-23,24.68,23.879999,24.58,FB,29520900
278,24.32,24.32,2012-11-21,24.530001,23.049999,23.219999,FB,89862400
279,23.10,23.10,2012-11-20,23.90,22.700001,22.73,FB,46655300
280,22.92,22.92,2012-11-19,24.120001,22.82,23.959999,FB,85021300
281,23.559999,23.559999,2012-11-16,23.93,22.18,22.25,FB,107182200
282,22.17,22.17,2012-11-15,22.50,21.65,22.34,FB,78857700
283,22.360001,22.360001,2012-11-14,22.50,19.93,20.10,FB,229751000
284,19.860001,19.860001,2012-11-13,20.110001,19.559999,19.610001,FB,71775100
285,20.07,20.07,2012-11-12,20.17,18.870001,19.15,FB,67349200
286,19.209999,19.209999,2012-11-09,20.00,19.129999,19.959999,FB,42295500
287,19.99,19.99,2012-11-08,20.73,19.98,20.52,FB,34254600
288,20.469999,20.469999,2012-11-07,20.950001,20.370001,20.85,FB,33396800
289,21.17,21.17,2012-11-06,21.370001,20.99,21.24,FB,29062700
290,21.25,21.25,2012-11-05,21.48,20.92,21.10,FB,31806700
291,21.18,21.18,2012-11-02,21.690001,21.07,21.26,FB,38344400
292,21.209999,21.209999,2012-11-01,21.440001,21.01,21.08,FB,37713900
293,21.110001,21.110001,2012-10-31,21.50,20.73,20.82,FB,99378200
294,21.940001,21.940001,2012-10-26,22.879999,21.879999,22.40,FB,73175800
295,22.559999,22.559999,2012-10-25,23.309999,22.469999,23.290001,FB,76142000
296,23.23,23.23,2012-10-24,24.25,22.85,24.129999,FB,228949900
297,19.50,19.50,2012-10-23,19.799999,19.10,19.25,FB,78381200
298,19.32,19.32,2012-10-22,19.43,19.049999,19.200001,FB,32447300
299,19.00,19.00,2012-10-19,19.059999,18.799999,19.00,FB,34835000
300,18.98,18.98,2012-10-18,19.790001,18.889999,19.700001,FB,52157400
301,19.879999,19.879999,2012-10-17,20.48,19.370001,19.50,FB,44074500
302,19.48,19.48,2012-10-16,19.690001,19.299999,19.68,FB,21834700
303,19.52,19.52,2012-10-15,19.879999,19.49,19.68,FB,20189700
304,19.52,19.52,2012-10-12,19.799999,19.48,19.75,FB,18809400
305,19.75,19.75,2012-10-11,19.959999,19.610001,19.879999,FB,21817300
306,19.639999,19.639999,2012-10-10,19.940001,19.450001,19.93,FB,39321800
307,20.23,20.23,2012-10-09,20.549999,19.969999,20.389999,FB,27161800
308,20.40,20.40,2012-10-08,20.75,20.16,20.40,FB,32236700
309,20.91,20.91,2012-10-05,21.629999,20.879999,21.49,FB,40529300
310,21.950001,21.950001,2012-10-04,22.40,21.41,22.32,FB,46892100
311,21.83,21.83,2012-10-03,22.49,21.799999,22.299999,FB,32000100
312,22.27,22.27,2012-10-02,22.49,21.82,22.08,FB,29341400
313,21.99,21.99,2012-10-01,22.59,21.73,22.08,FB,51262700
314,21.66,21.66,2012-09-28,21.950001,20.50,20.57,FB,65486000
315,20.32,20.32,2012-09-27,21.00,20.16,20.99,FB,30215900
316,20.620001,20.620001,2012-09-26,20.780001,19.799999,20.15,FB,38271900
317,20.280001,20.280001,2012-09-25,21.209999,20.219999,21.200001,FB,46291700
318,20.790001,20.790001,2012-09-24,21.98,20.360001,21.780001,FB,79106500
319,22.860001,22.860001,2012-09-21,23.24,22.60,22.969999,FB,51218100
320,22.59,22.59,2012-09-20,23.24,22.540001,23.02,FB,57248900
321,23.290001,23.290001,2012-09-19,23.370001,21.77,21.99,FB,78782800
322,21.870001,21.870001,2012-09-18,21.98,21.370001,21.60,FB,36760500
323,21.52,21.52,2012-09-17,22.75,21.50,22.67,FB,50667600
324,22.00,22.00,2012-09-14,22.08,20.90,21.129999,FB,72819800
325,20.709999,20.709999,2012-09-13,21.48,20.610001,20.959999,FB,65041600
326,20.93,20.93,2012-09-12,21.16,20.280001,20.76,FB,121584000
327,19.43,19.43,2012-09-11,19.58,18.85,18.92,FB,50508200
328,18.809999,18.809999,2012-09-10,19.200001,18.549999,19.059999,FB,24797800
329,18.98,18.98,2012-09-07,19.42,18.780001,19.10,FB,36371700
330,18.959999,18.959999,2012-09-06,19.26,18.719999,18.74,FB,46066500
331,18.58,18.58,2012-09-05,18.75,18.18,18.27,FB,60781800
332,17.73,17.73,2012-09-04,18.27,17.549999,18.08,FB,46622400
333,18.059999,18.059999,2012-08-31,18.700001,18.030001,18.68,FB,58764200
334,19.09,19.09,2012-08-30,19.450001,19.059999,19.27,FB,30647500
335,19.10,19.10,2012-08-29,19.379999,19.07,19.32,FB,16124700
336,19.34,19.34,2012-08-28,19.379999,18.950001,19.10,FB,25417000
337,19.15,19.15,2012-08-27,19.530001,19.10,19.49,FB,20704000
338,19.41,19.41,2012-08-24,19.68,19.25,19.52,FB,29622200
339,19.440001,19.440001,2012-08-23,19.73,19.360001,19.50,FB,32813700
340,19.440001,19.440001,2012-08-22,19.530001,18.959999,19.360001,FB,49892200
341,19.16,19.16,2012-08-21,19.98,19.09,19.58,FB,70640600
342,20.01,20.01,2012-08-20,20.129999,18.75,19.049999,FB,101186600
343,19.049999,19.049999,2012-08-17,20.08,19.00,20.01,FB,129293400
344,19.870001,19.870001,2012-08-16,20.48,19.690001,20.440001,FB,157565300
345,21.200001,21.200001,2012-08-15,21.41,20.40,20.639999,FB,47861100
346,20.379999,20.379999,2012-08-14,21.60,20.25,21.41,FB,39308800
347,21.60,21.60,2012-08-13,22.450001,21.40,22.15,FB,24973100
348,21.809999,21.809999,2012-08-10,21.82,21.129999,21.41,FB,25794700
349,21.01,21.01,2012-08-09,21.17,20.610001,20.75,FB,15610700
350,20.719999,20.719999,2012-08-08,21.15,20.219999,20.709999,FB,29537400
351,20.719999,20.719999,2012-08-07,22.450001,20.50,22.200001,FB,36782900
352,21.92,21.92,2012-08-06,22.15,21.299999,21.389999,FB,27778900
353,21.09,21.09,2012-08-03,22.16,19.90,20.360001,FB,80647000
354,20.040001,20.040001,2012-08-02,20.84,19.82,20.77,FB,56374500
355,20.879999,20.879999,2012-08-01,21.58,20.84,21.50,FB,44604400
356,21.709999,21.709999,2012-07-31,23.370001,21.610001,23.370001,FB,56179400
357,23.15,23.15,2012-07-30,24.040001,23.030001,24.00,FB,29285900
358,23.709999,23.709999,2012-07-27,24.540001,22.280001,23.190001,FB,123102300
359,26.85,26.85,2012-07-26,28.23,26.73,27.75,FB,64597400
360,29.34,29.34,2012-07-25,29.49,28.08,28.389999,FB,17230200
361,28.450001,28.450001,2012-07-24,29.450001,28.10,28.82,FB,11539800
362,28.75,28.75,2012-07-23,29.00,28.01,28.120001,FB,12390700
363,28.76,28.76,2012-07-20,29.469999,28.719999,29.00,FB,11869100
364,29.00,29.00,2012-07-19,29.50,28.629999,29.41,FB,13685100
365,29.110001,29.110001,2012-07-18,29.290001,28.15,28.309999,FB,16841800
366,28.09,28.09,2012-07-17,28.59,27.15,28.48,FB,30438600
367,28.25,28.25,2012-07-16,30.50,28.209999,30.50,FB,24672100
368,30.719999,30.719999,2012-07-13,31.07,30.559999,31.040001,FB,8108300
369,30.809999,30.809999,2012-07-12,31.40,30.60,30.700001,FB,11300700
370,30.969999,30.969999,2012-07-11,31.559999,30.549999,31.48,FB,13030300
371,31.469999,31.469999,2012-07-10,32.48,31.16,32.43,FB,14269500
372,32.169998,32.169998,2012-07-09,32.880001,31.99,32.099998,FB,17785200
373,31.73,31.73,2012-07-06,31.90,31.26,31.440001,FB,10945600
374,31.469999,31.469999,2012-07-05,31.629999,31.02,31.32,FB,10032100
375,31.200001,31.200001,2012-07-03,31.440001,30.799999,30.91,FB,8763600
376,30.77,30.77,2012-07-02,31.73,30.549999,31.25,FB,14122000
377,31.10,31.10,2012-06-29,31.99,30.76,31.92,FB,19526900
378,31.360001,31.360001,2012-06-28,32.189999,30.90,31.959999,FB,17713300
379,32.23,32.23,2012-06-27,32.900002,31.90,32.459999,FB,28568000
380,33.099998,33.099998,2012-06-26,33.439999,32.50,32.689999,FB,24858700
381,32.060001,32.060001,2012-06-25,33.02,31.549999,32.860001,FB,24352900
382,33.049999,33.049999,2012-06-22,33.450001,32.060001,32.41,FB,74834000
383,31.84,31.84,2012-06-21,32.50,31.51,31.67,FB,21875300
384,31.60,31.60,2012-06-20,31.93,31.15,31.92,FB,15553600
385,31.91,31.91,2012-06-19,32.18,30.700001,31.540001,FB,30849000
386,31.41,31.41,2012-06-18,32.080002,29.41,29.959999,FB,42978900
387,30.01,30.01,2012-06-15,30.10,28.35,28.51,FB,43563800
388,28.290001,28.290001,2012-06-14,28.32,27.379999,27.65,FB,16855000
389,27.27,27.27,2012-06-13,28.10,27.10,27.66,FB,17102800
390,27.40,27.40,2012-06-12,27.77,26.959999,27.48,FB,15816800
391,27.01,27.01,2012-06-11,28.07,26.84,27.18,FB,28219600
392,27.10,27.10,2012-06-08,27.76,26.440001,26.549999,FB,38034000
393,26.309999,26.309999,2012-06-07,27.35,26.15,27.00,FB,26159500
394,26.809999,26.809999,2012-06-06,27.17,25.52,26.07,FB,61489200
395,25.870001,25.870001,2012-06-05,27.76,25.75,26.700001,FB,42473400
396,26.90,26.90,2012-06-04,27.65,26.440001,27.200001,FB,35230300
397,27.719999,27.719999,2012-06-01,29.15,27.389999,28.889999,FB,41855500
