,Adj_Close,Close,Date,High,Low,Open,Symbol,Volume
0,104.660004,104.660004,2015-12-31,106.169998,104.620003,106.00,FB,18391100
1,106.220001,106.220001,2015-12-30,107.25,106.059998,107.00,FB,13115000
2,107.260002,107.260002,2015-12-29,107.739998,106.25,106.419998,FB,17179900
3,105.93,105.93,2015-12-28,105.980003,104.529999,105.019997,FB,13069700
4,105.019997,105.019997,2015-12-24,105.32,104.50,104.739998,FB,6512100
5,104.629997,104.629997,2015-12-23,106.110001,103.860001,105.889999,FB,19599700
6,105.510002,105.510002,2015-12-22,105.660004,104.809998,105.220001,FB,14597100
7,104.769997,104.769997,2015-12-21,105.150002,103.599998,104.910004,FB,16138800
8,104.040001,104.040001,2015-12-18,106.589996,103.970001,106.080002,FB,35994200
9,106.220001,106.220001,2015-12-17,107.75,106.129997,107.489998,FB,21675700
10,106.790001,106.790001,2015-12-16,107.089996,104.190002,105.370003,FB,22680500
11,104.550003,104.550003,2015-12-15,105.800003,104.279999,105.300003,FB,21764300
12,104.660004,104.660004,2015-12-14,104.739998,101.459999,102.290001,FB,24648100
13,102.120003,102.120003,2015-12-11,104.339996,101.910004,104.150002,FB,26427700
14,105.419998,105.419998,2015-12-10,106.400002,104.410004,105.050003,FB,17454300
15,104.599998,104.599998,2015-12-09,106.440002,103.550003,106.18,FB,23517300
16,106.489998,106.489998,2015-12-08,106.910004,103.949997,104.00,FB,20401800
17,105.610001,105.610001,2015-12-07,106.830002,104.660004,106.480003,FB,15474900
18,106.18,106.18,2015-12-04,107.730003,104.110001,104.809998,FB,21224700
19,104.379997,104.379997,2015-12-03,106.849998,103.349998,106.269997,FB,23236500
20,106.07,106.07,2015-12-02,107.919998,105.790001,107.00,FB,24429100
21,107.120003,107.120003,2015-12-01,107.150002,104.50,104.830002,FB,22781900
22,104.239998,104.239998,2015-11-30,106.099998,103.75,105.839996,FB,20383200
23,105.449997,105.449997,2015-11-27,105.959999,104.860001,105.779999,FB,5913100
24,105.410004,105.410004,2015-11-25,106.599998,105.099998,106.330002,FB,15150800
25,105.739998,105.739998,2015-11-24,106.489998,104.389999,106.00,FB,23577300
26,106.949997,106.949997,2015-11-23,107.470001,106.080002,107.190002,FB,19897200
27,107.32,107.32,2015-11-20,107.870003,106.620003,106.839996,FB,22129600
28,106.260002,106.260002,2015-11-19,107.730003,105.949997,107.360001,FB,25520600
29,107.769997,107.769997,2015-11-18,107.879997,105.389999,105.800003,FB,23836500
30,105.129997,105.129997,2015-11-17,106.199997,104.139999,104.620003,FB,26807200
31,104.040001,104.040001,2015-11-16,104.169998,100.470001,103.32,FB,49309200
32,103.949997,103.949997,2015-11-13,108.25,103.830002,107.709999,FB,30278400
33,108.019997,108.019997,2015-11-12,109.389999,108.00,108.480003,FB,20924700
34,109.010002,109.010002,2015-11-11,109.870003,107.110001,108.269997,FB,25057100
35,107.910004,107.910004,2015-11-10,108.150002,105.239998,105.959999,FB,25031700
36,106.489998,106.489998,2015-11-09,108.25,105.860001,107.00,FB,26383500
37,107.099998,107.099998,2015-11-06,108.739998,105.910004,108.040001,FB,35084300
38,108.760002,108.760002,2015-11-05,110.650002,107.949997,108.800003,FB,63232900
39,103.940002,103.940002,2015-11-04,104.139999,102.480003,103.190002,FB,43469300
40,102.580002,102.580002,2015-11-03,103.650002,102.400002,103.220001,FB,21242300
41,103.309998,103.309998,2015-11-02,103.470001,101.18,101.720001,FB,24003900
42,101.970001,101.970001,2015-10-30,104.720001,101.650002,104.510002,FB,33487100
43,104.879997,104.879997,2015-10-29,105.120003,103.519997,103.959999,FB,20316700
44,104.199997,104.199997,2015-10-28,104.480003,102.919998,103.900002,FB,24081500
45,103.699997,103.699997,2015-10-27,104.099998,102.400002,102.940002,FB,23795500
46,103.769997,103.769997,2015-10-26,103.809998,101.550003,102.199997,FB,25961200
47,102.190002,102.190002,2015-10-23,102.849998,100.160004,101.910004,FB,42809700
48,99.669998,99.669998,2015-10-22,99.730003,97.550003,97.790001,FB,26392100
49,97.110001,97.110001,2015-10-21,98.18,96.470001,97.370003,FB,21917800
50,97.00,97.00,2015-10-20,99.589996,96.559998,98.730003,FB,30881800
51,98.470001,98.470001,2015-10-19,98.57,96.919998,97.18,FB,23729900
52,97.540001,97.540001,2015-10-16,97.589996,95.349998,96.18,FB,25412900
53,95.959999,95.959999,2015-10-15,96.300003,94.900002,94.989998,FB,27557500
54,94.07,94.07,2015-10-14,95.199997,93.610001,94.080002,FB,19253400
55,94.120003,94.120003,2015-10-13,95.370003,93.550003,93.660004,FB,19480300
56,94.260002,94.260002,2015-10-12,94.599998,92.669998,93.32,FB,18449600
57,93.239998,93.239998,2015-10-09,93.739998,92.239998,92.900002,FB,20012900
58,92.470001,92.470001,2015-10-08,93.220001,90.470001,91.889999,FB,27290500
59,92.400002,92.400002,2015-10-07,93.660004,91.370003,93.110001,FB,24129300
60,92.800003,92.800003,2015-10-06,94.169998,92.339996,94.080002,FB,22488300
61,94.010002,94.010002,2015-10-05,94.269997,92.660004,92.940002,FB,27292500
62,92.07,92.07,2015-10-02,92.199997,88.370003,88.900002,FB,37881700
63,90.949997,90.949997,2015-10-01,90.949997,88.360001,90.050003,FB,29283700
64,89.900002,89.900002,2015-09-30,90.019997,88.010002,88.440002,FB,36169100
65,86.669998,86.669998,2015-09-29,90.059998,85.720001,89.099998,FB,42281800
66,89.209999,89.209999,2015-09-28,92.290001,88.18,92.080002,FB,41199900
67,92.769997,92.769997,2015-09-25,95.849998,92.059998,95.790001,FB,28961600
68,94.410004,94.410004,2015-09-24,94.769997,92.239998,93.059998,FB,29106000
69,93.970001,93.970001,2015-09-23,94.32,92.800003,93.400002,FB,21701400
70,92.959999,92.959999,2015-09-22,94.68,91.919998,93.769997,FB,36888900
71,95.550003,95.550003,2015-09-21,96.489998,94.519997,94.620003,FB,28790000
72,94.400002,94.400002,2015-09-18,95.190002,93.050003,93.199997,FB,62300000
73,94.339996,94.339996,2015-09-17,95.510002,92.900002,93.370003,FB,27841800
74,93.449997,93.449997,2015-09-16,93.599998,92.629997,92.900002,FB,16321200
75,92.900002,92.900002,2015-09-15,93.25,91.790001,92.370003,FB,18859400
76,92.309998,92.309998,2015-09-14,92.620003,91.599998,92.309998,FB,20127900
77,92.050003,92.050003,2015-09-11,92.080002,91.129997,91.68,FB,21185000
78,91.980003,91.980003,2015-09-10,92.059998,89.629997,90.07,FB,26437400
79,90.440002,90.440002,2015-09-09,91.980003,90.169998,90.779999,FB,32551100
80,89.529999,89.529999,2015-09-08,90.239998,88.830002,89.690002,FB,27012500
81,88.260002,88.260002,2015-09-04,88.389999,86.699997,87.199997,FB,27328700
82,88.150002,88.150002,2015-09-03,89.82,87.730003,89.760002,FB,27048200
83,89.889999,89.889999,2015-09-02,89.889999,87.629997,88.809998,FB,27190500
84,87.230003,87.230003,2015-09-01,89.389999,86.50,86.849998,FB,36097400
85,89.43,89.43,2015-08-31,91.050003,88.889999,90.599998,FB,32850700
86,91.010002,91.010002,2015-08-28,91.480003,89.790001,89.879997,FB,33215900
87,89.730003,89.730003,2015-08-27,90.059998,87.190002,89.099998,FB,42431400
88,87.190002,87.190002,2015-08-26,87.459999,83.260002,85.949997,FB,45124300
89,83.00,83.00,2015-08-25,87.669998,83.00,86.949997,FB,52021200
90,82.089996,82.089996,2015-08-24,82.089996,72.00,77.029999,FB,83710700
91,86.059998,86.059998,2015-08-21,89.18,85.610001,87.519997,FB,62778700
92,90.559998,90.559998,2015-08-20,94.769997,90.459999,93.540001,FB,44598200
93,95.309998,95.309998,2015-08-19,96.099998,94.160004,94.629997,FB,23251300
94,95.169998,95.169998,2015-08-18,95.849998,94.040001,94.080002,FB,22278800
95,93.93,93.93,2015-08-17,94.459999,93.389999,94.419998,FB,18313500
96,94.419998,94.419998,2015-08-14,94.720001,93.209999,93.540001,FB,15929700
97,93.43,93.43,2015-08-13,94.730003,93.349998,94.050003,FB,17451800
98,94.190002,94.190002,2015-08-12,94.440002,91.190002,92.699997,FB,27050500
99,93.620003,93.620003,2015-08-11,94.760002,92.900002,93.730003,FB,22491000
100,94.150002,94.150002,2015-08-10,95.900002,93.629997,95.68,FB,21624200
101,94.300003,94.300003,2015-08-07,95.400002,93.610001,95.379997,FB,23199100
102,95.120003,95.120003,2015-08-06,98.739998,94.419998,97.18,FB,42271300
103,96.440002,96.440002,2015-08-05,97.089996,95.18,95.25,FB,29813200
104,94.059998,94.059998,2015-08-04,94.730003,93.330002,93.790001,FB,20136000
105,94.139999,94.139999,2015-08-03,95.080002,92.800003,93.529999,FB,29343100
106,94.010002,94.010002,2015-07-31,96.330002,93.949997,94.949997,FB,46509000
107,95.209999,95.209999,2015-07-30,95.809998,91.800003,94.910004,FB,86211300
108,96.989998,96.989998,2015-07-29,97.279999,94.739998,96.32,FB,64648300
109,95.290001,95.290001,2015-07-28,95.559998,93.309998,94.839996,FB,35236000
110,94.169998,94.169998,2015-07-27,96.610001,93.830002,96.580002,FB,38585400
111,96.949997,96.949997,2015-07-24,97.760002,95.879997,97.349998,FB,33444900
112,95.440002,95.440002,2015-07-23,97.449997,94.809998,96.959999,FB,29418800
113,97.040001,97.040001,2015-07-22,97.580002,95.919998,96.739998,FB,28299500
114,98.389999,98.389999,2015-07-21,99.239998,97.139999,98.949997,FB,39453300
115,97.910004,97.910004,2015-07-20,98.599998,95.360001,95.849998,FB,54860500
116,94.970001,94.970001,2015-07-17,95.389999,92.540001,92.550003,FB,54001600
117,90.849998,90.849998,2015-07-16,90.860001,89.769997,90.279999,FB,21804100
118,89.760002,89.760002,2015-07-15,90.989998,89.419998,90.00,FB,30886600
119,89.68,89.68,2015-07-14,90.800003,89.650002,90.459999,FB,26627800
120,90.099998,90.099998,2015-07-13,90.220001,88.419998,88.660004,FB,29976700
121,87.949997,87.949997,2015-07-10,88.220001,86.769997,87.349998,FB,23245900
122,85.879997,85.879997,2015-07-09,87.599998,85.650002,86.730003,FB,23307400
123,85.650002,85.650002,2015-07-08,86.75,85.449997,86.290001,FB,24399300
124,87.220001,87.220001,2015-07-07,87.849998,85.230003,87.800003,FB,33059900
125,87.550003,87.550003,2015-07-06,88.190002,86.389999,86.489998,FB,24635900
126,87.290001,87.290001,2015-07-02,87.440002,86.339996,87.400002,FB,16908800
127,86.910004,86.910004,2015-07-01,87.949997,86.489998,86.769997,FB,25260000
128,85.769997,85.769997,2015-06-30,86.699997,85.57,86.599998,FB,23233200
129,85.800003,85.800003,2015-06-29,87.50,85.730003,86.610001,FB,35957900
130,88.010002,88.010002,2015-06-26,88.339996,86.830002,88.120003,FB,38214600
131,87.980003,87.980003,2015-06-25,89.400002,87.839996,89.260002,FB,27302000
132,88.860001,88.860001,2015-06-24,89.25,87.449997,87.660004,FB,41370200
133,87.879997,87.879997,2015-06-23,87.970001,84.760002,84.959999,FB,50667900
134,84.739998,84.739998,2015-06-22,84.970001,83.309998,83.410004,FB,29383100
135,82.510002,82.510002,2015-06-19,82.980003,82.120003,82.830002,FB,23353200
136,82.910004,82.910004,2015-06-18,83.190002,81.57,81.639999,FB,26782600
137,81.790001,81.790001,2015-06-17,82.220001,81.339996,81.760002,FB,18350300
138,81.059998,81.059998,2015-06-16,81.510002,80.449997,80.82,FB,13693700
139,80.709999,80.709999,2015-06-15,80.93,80.07,80.550003,FB,18805100
140,81.529999,81.529999,2015-06-12,82.089996,81.199997,81.370003,FB,11417900
141,81.830002,81.830002,2015-06-11,82.900002,81.360001,82.309998,FB,18656800
142,82.160004,82.160004,2015-06-10,82.599998,80.809998,80.830002,FB,21531200
143,80.669998,80.669998,2015-06-09,81.190002,79.32,80.599998,FB,16497500
144,80.669998,80.669998,2015-06-08,82.00,80.129997,81.82,FB,16915500
145,82.139999,82.139999,2015-06-05,82.459999,81.510002,81.870003,FB,16143100
146,82.050003,82.050003,2015-06-04,82.949997,81.510002,82.139999,FB,20863900
147,82.440002,82.440002,2015-06-03,82.529999,81.25,81.349998,FB,31775000
148,80.440002,80.440002,2015-06-02,81.349998,79.559998,79.760002,FB,18923300
149,80.290001,80.290001,2015-06-01,80.379997,78.660004,79.300003,FB,18119000
150,79.190002,79.190002,2015-05-29,80.07,78.879997,79.949997,FB,16134600
151,80.150002,80.150002,2015-05-28,81.07,80.00,80.25,FB,11982000
152,80.550003,80.550003,2015-05-27,80.660004,79.43,79.599998,FB,14160900
153,79.330002,79.330002,2015-05-26,80.599998,79.080002,80.43,FB,16321300
154,80.540001,80.540001,2015-05-22,81.309998,80.25,80.349998,FB,19567900
155,80.480003,80.480003,2015-05-21,80.919998,80.080002,80.190002,FB,13402700
156,80.550003,80.550003,2015-05-20,81.099998,79.459999,80.470001,FB,23056900
157,80.629997,80.629997,2015-05-19,81.690002,80.550003,81.25,FB,17955400
158,80.879997,80.879997,2015-05-18,81.379997,80.230003,80.330002,FB,21613700
159,80.419998,80.419998,2015-05-15,81.519997,80.18,81.410004,FB,27069900
160,81.370003,81.370003,2015-05-14,81.849998,78.669998,78.940002,FB,49438000
161,78.440002,78.440002,2015-05-13,78.529999,77.650002,77.720001,FB,21512300
162,77.459999,77.459999,2015-05-12,77.889999,76.790001,77.870003,FB,21285300
163,78.010002,78.010002,2015-05-11,79.029999,77.93,78.480003,FB,18874100
164,78.510002,78.510002,2015-05-08,79.230003,78.029999,79.099998,FB,19943600
165,78.43,78.43,2015-05-07,78.940002,77.559998,78.00,FB,19749400
166,78.099998,78.099998,2015-05-06,78.809998,77.050003,77.970001,FB,28663000
167,77.559998,77.559998,2015-05-05,78.800003,77.220001,78.550003,FB,22311300
168,78.809998,78.809998,2015-05-04,79.690002,78.629997,79.330002,FB,14692000
169,78.989998,78.989998,2015-05-01,79.760002,78.110001,79.239998,FB,24136400
170,78.769997,78.769997,2015-04-30,80.959999,78.32,80.010002,FB,28999000
171,80.470001,80.470001,2015-04-29,81.389999,79.519997,80.010002,FB,26430300
172,80.68,80.68,2015-04-28,81.900002,80.230003,81.830002,FB,23775300
173,81.910004,81.910004,2015-04-27,82.93,81.629997,81.870003,FB,25446000
174,81.529999,81.529999,2015-04-24,82.940002,81.480003,82.769997,FB,29660400
175,82.410004,82.410004,2015-04-23,85.589996,82.410004,84.099998,FB,73728100
176,84.629997,84.629997,2015-04-22,84.739998,83.650002,84.32,FB,45548000
177,83.620003,83.620003,2015-04-21,84.489998,83.540001,84.00,FB,27171900
178,83.089996,83.089996,2015-04-20,83.150002,81.239998,81.540001,FB,28796800
179,80.779999,80.779999,2015-04-17,82.110001,80.370003,81.480003,FB,24076300
180,82.309998,82.309998,2015-04-16,83.07,82.150002,82.470001,FB,13769700
181,82.709999,82.709999,2015-04-15,83.660004,82.269997,83.550003,FB,22390900
182,83.519997,83.519997,2015-04-14,83.690002,82.440002,83.169998,FB,19634200
183,83.010002,83.010002,2015-04-13,83.940002,81.919998,81.93,FB,26883100
184,82.040001,82.040001,2015-04-10,82.610001,81.910004,82.209999,FB,12529700
185,82.169998,82.169998,2015-04-09,82.800003,81.709999,82.50,FB,15927300
186,82.279999,82.279999,2015-04-08,83.099998,81.839996,82.629997,FB,18966700
187,82.32,82.32,2015-04-07,83.419998,82.220001,82.650002,FB,17467000
188,82.440002,82.440002,2015-04-06,82.809998,80.800003,80.800003,FB,19062900
189,81.559998,81.559998,2015-04-02,82.559998,81.440002,82.25,FB,19664100
190,81.669998,81.669998,2015-04-01,82.720001,80.870003,82.50,FB,22058200
191,82.220001,82.220001,2015-03-31,83.50,82.209999,82.900002,FB,19734300
192,83.199997,83.199997,2015-03-30,84.339996,82.410004,83.809998,FB,24527700
193,83.300003,83.300003,2015-03-27,83.949997,82.879997,83.379997,FB,18372600
194,83.010002,83.010002,2015-03-26,83.769997,82.139999,82.720001,FB,32794800
195,82.919998,82.919998,2015-03-25,85.519997,82.919998,85.50,FB,37436100
196,85.309998,85.309998,2015-03-24,86.07,84.519997,84.709999,FB,32576500
197,84.43,84.43,2015-03-23,84.959999,83.300003,83.919998,FB,27357300
198,83.800003,83.800003,2015-03-20,84.599998,83.07,83.389999,FB,44466300
199,82.75,82.75,2015-03-19,83.00,81.00,81.120003,FB,42099500
200,80.910004,80.910004,2015-03-18,81.239998,79.169998,79.25,FB,36912400
201,79.360001,79.360001,2015-03-17,79.779999,78.339996,78.360001,FB,22170000
202,78.07,78.07,2015-03-16,78.120003,77.360001,77.959999,FB,19305400
203,78.050003,78.050003,2015-03-13,79.379997,77.68,78.599998,FB,18557300
204,78.93,78.93,2015-03-12,79.050003,77.910004,78.099998,FB,16093300
205,77.57,77.57,2015-03-11,78.43,77.260002,77.800003,FB,20215700
206,77.550003,77.550003,2015-03-10,79.260002,77.550003,78.50,FB,23067100
207,79.440002,79.440002,2015-03-09,79.910004,78.629997,79.68,FB,18925100
208,80.010002,80.010002,2015-03-06,81.330002,79.830002,80.900002,FB,24488600
209,81.209999,81.209999,2015-03-05,81.989998,81.050003,81.230003,FB,27825700
210,80.900002,80.900002,2015-03-04,81.150002,78.849998,79.300003,FB,28126700
211,79.599998,79.599998,2015-03-03,79.699997,78.519997,79.610001,FB,18635000
212,79.75,79.75,2015-03-02,79.860001,78.519997,79.00,FB,21662500
213,78.970001,78.970001,2015-02-27,81.230003,78.620003,80.68,FB,30739200
214,80.410004,80.410004,2015-02-26,81.370003,79.720001,79.879997,FB,31111900
215,79.559998,79.559998,2015-02-25,80.199997,78.50,78.50,FB,25593800
216,78.449997,78.449997,2015-02-24,79.480003,78.099998,78.50,FB,18897100
217,78.839996,78.839996,2015-02-23,80.190002,78.379997,79.959999,FB,24139100
218,79.900002,79.900002,2015-02-20,80.339996,79.199997,79.550003,FB,36931700
219,79.419998,79.419998,2015-02-19,79.839996,76.949997,76.989998,FB,45851200
220,76.709999,76.709999,2015-02-18,76.900002,75.449997,75.940002,FB,22426400
221,75.599998,75.599998,2015-02-17,76.910004,75.080002,75.300003,FB,25254400
222,75.739998,75.739998,2015-02-13,76.480003,75.50,76.459999,FB,18621900
223,76.230003,76.230003,2015-02-12,76.870003,75.889999,76.860001,FB,17235000
224,76.510002,76.510002,2015-02-11,76.75,75.029999,75.089996,FB,20877400
225,75.190002,75.190002,2015-02-10,75.339996,74.50,74.849998,FB,15811300
226,74.440002,74.440002,2015-02-09,74.830002,73.449997,74.050003,FB,16194300
227,74.470001,74.470001,2015-02-06,75.699997,74.25,75.68,FB,20989300
228,75.610001,75.610001,2015-02-05,75.980003,75.209999,75.709999,FB,15062600
229,75.629997,75.629997,2015-02-04,76.349998,75.010002,75.089996,FB,20277400
230,75.400002,75.400002,2015-02-03,75.580002,73.860001,75.190002,FB,26957700
231,74.989998,74.989998,2015-02-02,76.139999,73.75,76.110001,FB,41955300
232,75.910004,75.910004,2015-01-30,78.160004,75.75,78.00,FB,42649500
233,78.00,78.00,2015-01-29,78.019997,74.209999,76.849998,FB,61293500
234,76.239998,76.239998,2015-01-28,77.639999,76.00,76.900002,FB,53306400
235,75.779999,75.779999,2015-01-27,76.879997,75.629997,76.709999,FB,20110000
236,77.50,77.50,2015-01-26,78.470001,77.290001,77.980003,FB,19260800
237,77.830002,77.830002,2015-01-23,78.190002,77.040001,77.650002,FB,16746500
238,77.650002,77.650002,2015-01-22,77.75,76.68,77.169998,FB,19519500
239,76.739998,76.739998,2015-01-21,77.300003,75.849998,76.160004,FB,25096700
240,76.239998,76.239998,2015-01-20,76.309998,74.82,75.720001,FB,22821600
241,75.18,75.18,2015-01-16,75.32,73.839996,74.040001,FB,21791500
242,74.050003,74.050003,2015-01-15,76.57,73.540001,76.400002,FB,34134000
243,76.279999,76.279999,2015-01-14,77.199997,76.029999,76.419998,FB,25918600
244,76.449997,76.449997,2015-01-13,78.080002,75.849998,77.230003,FB,25179600
245,76.720001,76.720001,2015-01-12,78.00,76.209999,77.839996,FB,19190200
246,77.739998,77.739998,2015-01-09,78.620003,77.199997,78.199997,FB,21157000
247,78.18,78.18,2015-01-08,78.230003,76.080002,76.739998,FB,23961000
248,76.150002,76.150002,2015-01-07,77.360001,75.82,76.760002,FB,22045300
249,76.150002,76.150002,2015-01-06,77.589996,75.360001,77.230003,FB,27399300
250,77.190002,77.190002,2015-01-05,79.25,76.860001,77.980003,FB,26452200
251,78.449997,78.449997,2015-01-02,78.93,77.699997,78.580002,FB,18177500
252,78.019997,78.019997,2014-12-31,79.800003,77.860001,79.540001,FB,20040400
253,79.220001,79.220001,2014-12-30,80.589996,79.099998,79.849998,FB,14370800
254,80.019997,80.019997,2014-12-29,80.959999,79.709999,80.489998,FB,14134700
255,80.779999,80.779999,2014-12-26,81.279999,80.510002,81.019997,FB,10647400
256,80.769997,80.769997,2014-12-24,81.43,80.75,81.029999,FB,7685500
257,80.610001,80.610001,2014-12-23,82.169998,80.400002,82.019997,FB,19865800
258,81.449997,81.449997,2014-12-22,81.889999,80.00,80.080002,FB,31395800
259,79.879997,79.879997,2014-12-19,80.00,78.330002,78.75,FB,43335000
260,78.400002,78.400002,2014-12-18,78.400002,76.510002,76.889999,FB,34222100
261,76.110001,76.110001,2014-12-17,76.410004,74.900002,75.010002,FB,29203900
262,74.690002,74.690002,2014-12-16,77.389999,74.589996,76.190002,FB,31554600
263,76.989998,76.989998,2014-12-15,78.580002,76.559998,78.459999,FB,29396500
264,77.830002,77.830002,2014-12-12,78.879997,77.019997,77.160004,FB,28091600
265,77.730003,77.730003,2014-12-11,78.519997,76.480003,76.519997,FB,33462100
266,76.18,76.18,2014-12-10,77.550003,76.07,76.650002,FB,32210500
267,76.839996,76.839996,2014-12-09,76.93,74.779999,75.199997,FB,25358600
268,76.519997,76.519997,2014-12-08,77.25,75.400002,76.18,FB,25733900
269,76.360001,76.360001,2014-12-05,76.760002,75.360001,75.800003,FB,24306400
270,75.239998,75.239998,2014-12-04,75.550003,74.660004,74.830002,FB,14362800
271,74.879997,74.879997,2014-12-03,75.730003,74.400002,75.379997,FB,16689900
272,75.459999,75.459999,2014-12-02,75.910004,75.040001,75.330002,FB,16724600
273,75.099998,75.099998,2014-12-01,77.309998,74.800003,77.260002,FB,31789900
274,77.699997,77.699997,2014-11-28,78.269997,77.230003,77.669998,FB,15992000
275,77.620003,77.620003,2014-11-26,77.779999,75.510002,75.529999,FB,32695300
276,75.629997,75.629997,2014-11-25,75.739998,74.129997,74.209999,FB,32250200
277,74.010002,74.010002,2014-11-24,74.349998,73.349998,73.540001,FB,22103800
278,73.75,73.75,2014-11-21,74.50,73.50,74.50,FB,23055400
279,73.599998,73.599998,2014-11-20,73.989998,72.510002,72.800003,FB,19154900
280,73.330002,73.330002,2014-11-19,74.540001,73.110001,74.010002,FB,25441200
281,74.339996,74.339996,2014-11-18,74.800003,73.900002,74.449997,FB,20690500
282,74.239998,74.239998,2014-11-17,75.660004,73.879997,74.879997,FB,28701200
283,74.879997,74.879997,2014-11-14,74.93,74.040001,74.269997,FB,19476900
284,74.25,74.25,2014-11-13,75.239998,73.639999,74.739998,FB,26448500
285,74.720001,74.720001,2014-11-12,75.139999,73.540001,74.279999,FB,26536600
286,74.610001,74.610001,2014-11-11,74.980003,74.029999,74.949997,FB,18715700
287,75.00,75.00,2014-11-10,75.480003,74.610001,75.360001,FB,21575100
288,75.599998,75.599998,2014-11-07,75.860001,75.019997,75.389999,FB,20774000
289,75.260002,75.260002,2014-11-06,75.599998,74.309998,74.889999,FB,21383000
290,74.830002,74.830002,2014-11-05,76.800003,74.419998,76.510002,FB,35913000
291,75.760002,75.760002,2014-11-04,75.769997,73.650002,74.230003,FB,39326000
292,73.879997,73.879997,2014-11-03,75.519997,73.699997,75.470001,FB,40727000
293,74.989998,74.989998,2014-10-31,75.699997,74.449997,74.93,FB,44544000
294,74.110001,74.110001,2014-10-30,75.349998,72.900002,75.050003,FB,83270000
295,75.860001,75.860001,2014-10-29,76.879997,74.779999,75.449997,FB,106120000
296,80.769997,80.769997,2014-10-28,81.160004,79.57,80.18,FB,71343100
297,80.279999,80.279999,2014-10-27,80.800003,79.760002,80.739998,FB,30169000
298,80.669998,80.669998,2014-10-24,80.82,79.32,80.199997,FB,32248000
299,80.040001,80.040001,2014-10-23,80.629997,79.010002,79.379997,FB,35056000
300,78.370003,78.370003,2014-10-22,79.849998,78.010002,78.82,FB,41808900
301,78.690002,78.690002,2014-10-21,78.739998,77.150002,77.559998,FB,32252000
302,76.949997,76.949997,2014-10-20,77.089996,75.379997,75.599998,FB,34701000
303,75.949997,75.949997,2014-10-17,76.00,73.75,74.230003,FB,76342000
304,72.629997,72.629997,2014-10-16,73.349998,70.580002,70.790001,FB,53529000
305,73.209999,73.209999,2014-10-15,73.800003,70.32,71.690002,FB,61528000
306,73.589996,73.589996,2014-10-14,74.18,72.050003,74.00,FB,50299000
307,72.989998,72.989998,2014-10-13,74.779999,72.519997,73.230003,FB,43938000
308,72.910004,72.910004,2014-10-10,76.50,72.760002,75.589996,FB,52146000
309,75.910004,75.910004,2014-10-09,77.760002,75.849998,77.279999,FB,32487000
310,77.519997,77.519997,2014-10-08,77.709999,75.099998,76.18,FB,32976000
311,76.290001,76.290001,2014-10-07,77.949997,76.239998,77.050003,FB,25317000
312,77.559998,77.559998,2014-10-06,77.889999,76.849998,77.190002,FB,25729000
313,77.440002,77.440002,2014-10-03,78.059998,77.260002,77.760002,FB,23340000
314,77.080002,77.080002,2014-10-02,77.480003,75.639999,76.57,FB,36488000
315,76.550003,76.550003,2014-10-01,78.82,75.900002,78.779999,FB,55090000
316,79.040001,79.040001,2014-09-30,79.709999,78.599998,79.349998,FB,35899000
317,79.00,79.00,2014-09-29,79.199997,77.910004,78.120003,FB,34031000
318,78.790001,78.790001,2014-09-26,78.839996,77.330002,77.589996,FB,28872000
319,77.220001,77.220001,2014-09-25,78.940002,77.129997,78.599998,FB,37533000
320,78.540001,78.540001,2014-09-24,78.620003,77.510002,78.099998,FB,30680000
321,78.290001,78.290001,2014-09-23,78.629997,76.040001,76.330002,FB,36814000
322,76.800003,76.800003,2014-09-22,77.529999,75.949997,77.00,FB,31961000
323,77.910004,77.910004,2014-09-19,78.300003,76.440002,77.400002,FB,76671000
324,77.00,77.00,2014-09-18,77.330002,76.519997,76.769997,FB,23031000
325,76.43,76.43,2014-09-17,77.25,75.57,75.959999,FB,28693000
326,76.080002,76.080002,2014-09-16,76.230003,73.07,73.519997,FB,37742000
327,74.580002,74.580002,2014-09-15,77.25,73.43,77.150002,FB,49679000
328,77.480003,77.480003,2014-09-12,78.300003,77.099998,78.019997,FB,26744000
329,77.919998,77.919998,2014-09-11,78.360001,77.050003,77.129997,FB,32219000
330,77.43,77.43,2014-09-10,77.949997,76.510002,76.519997,FB,29909000
331,76.669998,76.669998,2014-09-09,78.169998,76.199997,77.589996,FB,28882000
332,77.889999,77.889999,2014-09-08,78.169998,77.010002,77.260002,FB,28183000
333,77.260002,77.260002,2014-09-05,77.379997,75.599998,76.099998,FB,29476000
334,75.949997,75.949997,2014-09-04,76.93,75.529999,75.889999,FB,26676000
335,75.830002,75.830002,2014-09-03,77.480003,75.599998,77.139999,FB,32389000
336,76.68,76.68,2014-09-02,76.699997,74.82,75.010002,FB,34979000
337,74.82,74.82,2014-08-29,74.82,74.010002,74.300003,FB,26241000
338,73.860001,73.860001,2014-08-28,74.43,73.730003,74.00,FB,21947000
339,74.629997,74.629997,2014-08-27,75.489998,74.459999,75.269997,FB,36323000
340,75.959999,75.959999,2014-08-26,75.989998,74.730003,75.00,FB,23993000
341,75.019997,75.019997,2014-08-25,75.279999,74.790001,74.940002,FB,19734000
342,74.57,74.57,2014-08-22,74.730003,73.57,74.339996,FB,20897000
343,74.57,74.57,2014-08-21,75.190002,74.410004,74.919998,FB,20102000
344,74.809998,74.809998,2014-08-20,75.18,74.620003,74.970001,FB,22917000
345,75.290001,75.290001,2014-08-19,75.580002,74.510002,74.809998,FB,26679000
346,74.589996,74.589996,2014-08-18,74.720001,73.959999,74.00,FB,23974000
347,73.629997,73.629997,2014-08-15,74.650002,73.00,74.32,FB,38846600
348,74.300003,74.300003,2014-08-14,74.379997,73.690002,73.970001,FB,22207000
349,73.769997,73.769997,2014-08-13,74.25,73.050003,73.120003,FB,29266000
350,72.830002,72.830002,2014-08-12,73.330002,72.220001,73.089996,FB,27419000
351,73.440002,73.440002,2014-08-11,73.910004,73.059998,73.459999,FB,24591000
352,73.059998,73.059998,2014-08-08,73.43,72.559998,73.400002,FB,27202000
353,73.169998,73.169998,2014-08-07,74.00,72.699997,73.00,FB,38141000
354,72.470001,72.470001,2014-08-06,73.720001,71.790001,72.019997,FB,30986000
355,72.690002,72.690002,2014-08-05,73.589996,72.18,73.199997,FB,34986000
356,73.510002,73.510002,2014-08-04,73.879997,72.360001,72.360001,FB,30777000
357,72.360001,72.360001,2014-08-01,73.220001,71.550003,72.220001,FB,43535000
358,72.650002,72.650002,2014-07-31,74.169998,72.440002,74.00,FB,43992000
359,74.68,74.68,2014-07-30,75.190002,74.129997,74.209999,FB,36853000
360,73.709999,73.709999,2014-07-29,74.919998,73.419998,74.720001,FB,41324000
361,74.919998,74.919998,2014-07-28,75.50,73.849998,75.169998,FB,41725000
362,75.190002,75.190002,2014-07-25,75.669998,74.660004,74.989998,FB,45917000
363,74.980003,74.980003,2014-07-24,76.739998,74.510002,75.959999,FB,124168000
364,71.290001,71.290001,2014-07-23,71.330002,69.610001,69.739998,FB,78435000
365,69.269997,69.269997,2014-07-22,69.769997,68.610001,69.760002,FB,40398000
366,69.400002,69.400002,2014-07-21,69.959999,68.50,68.809998,FB,49539000
367,68.419998,68.419998,2014-07-18,68.459999,66.160004,66.800003,FB,42456000
368,66.410004,66.410004,2014-07-17,67.849998,66.040001,67.029999,FB,38188000
369,67.660004,67.660004,2014-07-16,67.940002,67.07,67.540001,FB,29594000
370,67.169998,67.169998,2014-07-15,68.089996,66.260002,67.959999,FB,44213200
371,67.900002,67.900002,2014-07-14,68.169998,66.900002,67.129997,FB,38537000
372,66.339996,66.339996,2014-07-11,66.589996,64.790001,65.279999,FB,39212000
373,64.870003,64.870003,2014-07-10,65.339996,63.049999,63.310001,FB,44422000
374,64.970001,64.970001,2014-07-09,65.120003,63.150002,63.41,FB,51432000
375,62.759998,62.759998,2014-07-08,65.559998,62.209999,65.059998,FB,68926000
376,65.290001,65.290001,2014-07-07,66.57,65.120003,66.300003,FB,28745000
377,66.290001,66.290001,2014-07-03,67.00,65.760002,66.860001,FB,25203200
378,66.449997,66.449997,2014-07-02,68.300003,65.790001,68.040001,FB,41895000
379,68.059998,68.059998,2014-07-01,68.440002,67.389999,67.580002,FB,33243000
380,67.290001,67.290001,2014-06-30,67.919998,67.129997,67.459999,FB,27202000
381,67.599998,67.599998,2014-06-27,67.699997,66.839996,67.309998,FB,46461000
382,67.129997,67.129997,2014-06-26,68.00,66.900002,68.00,FB,47714000
383,67.440002,67.440002,2014-06-25,67.480003,65.57,65.580002,FB,44308000
384,65.720001,65.720001,2014-06-24,67.169998,65.269997,65.360001,FB,57335000
385,65.370003,65.370003,2014-06-23,65.660004,64.220001,64.32,FB,34560000
386,64.50,64.50,2014-06-20,64.809998,63.349998,64.459999,FB,46466000
387,64.339996,64.339996,2014-06-19,65.580002,64.209999,65.459999,FB,34245000
388,65.599998,65.599998,2014-06-18,65.75,64.050003,64.489998,FB,35570000
389,64.400002,64.400002,2014-06-17,64.879997,63.93,64.099998,FB,27715000
390,64.190002,64.190002,2014-06-16,64.879997,63.75,64.160004,FB,31046000
391,64.50,64.50,2014-06-13,64.970001,63.830002,64.699997,FB,29419000
392,64.290001,64.290001,2014-06-12,66.470001,64.059998,65.849998,FB,55730000
393,65.779999,65.779999,2014-06-11,65.800003,64.900002,65.32,FB,44242000
394,65.769997,65.769997,2014-06-10,65.82,63.50,63.529999,FB,69206900
395,62.880001,62.880001,2014-06-09,63.34,61.790001,62.400002,FB,37617000
396,62.50,62.50,2014-06-06,63.48,62.150002,63.369999,FB,42442000
397,63.189999,63.189999,2014-06-05,64.360001,62.82,63.66,FB,47352000
398,63.34,63.34,2014-06-04,63.59,62.07,62.450001,FB,36514000
399,62.869999,62.869999,2014-06-03,63.419998,62.32,62.619999,FB,32217000
400,63.080002,63.080002,2014-06-02,63.59,62.049999,63.23,FB,35947400
401,63.299999,63.299999,2014-05-30,64.169998,62.560001,63.950001,FB,45253500
402,63.830002,63.830002,2014-05-29,64.300003,63.509998,63.84,FB,42700000
403,63.509998,63.509998,2014-05-28,64.139999,62.619999,63.389999,FB,47795000
404,63.48,63.48,2014-05-27,63.509998,61.57,61.619999,FB,55682000
405,61.349998,61.349998,2014-05-23,61.450001,60.150002,60.41,FB,38294000
406,60.52,60.52,2014-05-22,61.48,60.400002,60.939999,FB,54200000
407,60.490002,60.490002,2014-05-21,60.50,58.25,58.560001,FB,58992000
408,58.560001,58.560001,2014-05-20,60.189999,58.18,59.50,FB,53931000
409,59.209999,59.209999,2014-05-19,59.560001,57.57,57.889999,FB,43034000
410,58.02,58.02,2014-05-16,58.450001,57.310001,58.310001,FB,47933000
411,57.919998,57.919998,2014-05-15,59.380001,57.52,59.259998,FB,56814000
412,59.23,59.23,2014-05-14,60.450001,58.950001,59.529999,FB,47429000
413,59.830002,59.830002,2014-05-13,60.889999,59.509998,59.66,FB,48525000
414,59.830002,59.830002,2014-05-12,59.900002,57.98,57.98,FB,48575000
415,57.240002,57.240002,2014-05-09,57.650002,56.380001,56.849998,FB,52584000
416,56.759998,56.759998,2014-05-08,58.82,56.50,57.23,FB,61251000
417,57.389999,57.389999,2014-05-07,59.299999,56.259998,58.77,FB,78587000
418,58.529999,58.529999,2014-05-06,61.150002,58.490002,60.98,FB,55901000
419,61.220001,61.220001,2014-05-05,61.349998,59.18,59.669998,FB,46057000
420,60.459999,60.459999,2014-05-02,61.889999,60.18,61.299999,FB,54189000
421,61.150002,61.150002,2014-05-01,62.279999,60.209999,60.43,FB,82429000
422,59.779999,59.779999,2014-04-30,59.849998,57.16,57.580002,FB,76093000
423,58.150002,58.150002,2014-04-29,58.279999,55.84,56.09,FB,75557000
424,56.139999,56.139999,2014-04-28,58.310001,54.66,58.049999,FB,107758000
425,57.709999,57.709999,2014-04-25,60.009998,57.57,59.970001,FB,92502000
426,60.869999,60.869999,2014-04-24,63.650002,59.77,63.599998,FB,138769000
427,61.360001,61.360001,2014-04-23,63.48,61.259998,63.450001,FB,96565000
428,63.029999,63.029999,2014-04-22,63.439999,62.220001,62.650002,FB,60631000
429,61.240002,61.240002,2014-04-21,61.240002,59.150002,59.459999,FB,60364000
430,58.939999,58.939999,2014-04-17,60.580002,58.720001,59.299999,FB,88040000
431,59.720001,59.720001,2014-04-16,60.189999,57.740002,59.790001,FB,78774000
432,59.09,59.09,2014-04-15,59.68,55.880001,59.290001,FB,108623000
433,58.889999,58.889999,2014-04-14,60.450001,57.779999,60.09,FB,72325000
434,58.529999,58.529999,2014-04-11,60.310001,57.310001,57.599998,FB,91452000
435,59.16,59.16,2014-04-10,63.18,58.68,63.080002,FB,114988000
436,62.41,62.41,2014-04-09,62.459999,59.189999,59.630001,FB,100215000
437,58.189999,58.189999,2014-04-08,58.709999,57.169998,57.68,FB,78836000
438,56.950001,56.950001,2014-04-07,58.00,55.439999,55.900002,FB,108488000
439,56.75,56.75,2014-04-04,60.200001,56.32,59.939999,FB,125214400
440,59.490002,59.490002,2014-04-03,63.169998,59.130001,62.549999,FB,83859000
441,62.720001,62.720001,2014-04-02,63.91,62.209999,63.209999,FB,66277000
442,62.619999,62.619999,2014-04-01,62.66,60.240002,60.459999,FB,59291000
443,60.240002,60.240002,2014-03-31,61.52,59.869999,60.779999,FB,53011000
444,60.009998,60.009998,2014-03-28,61.950001,59.34,61.34,FB,67052000
445,60.970001,60.970001,2014-03-27,61.900002,57.98,60.509998,FB,112650000
446,60.389999,60.389999,2014-03-26,64.949997,60.369999,64.739998,FB,97503900
447,64.889999,64.889999,2014-03-25,66.190002,63.779999,64.889999,FB,68786000
448,64.099998,64.099998,2014-03-24,67.360001,63.360001,67.190002,FB,85696000
449,67.239998,67.239998,2014-03-21,67.919998,66.18,67.529999,FB,59999900
450,66.970001,66.970001,2014-03-20,68.230003,66.82,68.010002,FB,44439000
451,68.239998,68.239998,2014-03-19,69.290001,67.470001,69.169998,FB,43981000
452,69.190002,69.190002,2014-03-18,69.599998,68.300003,68.760002,FB,40827000
453,68.739998,68.739998,2014-03-17,68.949997,66.620003,68.18,FB,52197000
454,67.720001,67.720001,2014-03-14,69.43,67.459999,68.489998,FB,48227000
455,68.830002,68.830002,2014-03-13,71.349998,68.150002,71.290001,FB,57091000
456,70.879997,70.879997,2014-03-12,71.349998,69.00,69.860001,FB,46340500
457,70.099998,70.099998,2014-03-11,72.589996,69.959999,72.50,FB,59408300
458,72.029999,72.029999,2014-03-10,72.150002,70.510002,70.769997,FB,59871600
459,69.800003,69.800003,2014-03-07,71.18,69.470001,71.080002,FB,38927000
460,70.839996,70.839996,2014-03-06,71.889999,70.25,71.879997,FB,46026500
461,71.57,71.57,2014-03-05,71.970001,69.620003,69.690002,FB,74567700
462,68.800003,68.800003,2014-03-04,68.900002,67.620003,68.660004,FB,42013500
463,67.410004,67.410004,2014-03-03,68.050003,66.510002,66.959999,FB,56824100
464,68.459999,68.459999,2014-02-28,69.879997,67.379997,69.470001,FB,66783700
465,68.940002,68.940002,2014-02-27,70.010002,68.870003,69.339996,FB,41653700
466,69.260002,69.260002,2014-02-26,71.220001,68.849998,70.190002,FB,55322700
467,69.849998,69.849998,2014-02-25,71.00,69.449997,70.949997,FB,52077000
468,70.779999,70.779999,2014-02-24,71.440002,68.540001,68.739998,FB,76620300
469,68.589996,68.589996,2014-02-21,69.959999,68.449997,69.690002,FB,70932400
470,69.629997,69.629997,2014-02-20,70.110001,65.730003,67.730003,FB,130928900
471,68.059998,68.059998,2014-02-19,69.080002,67.00,67.050003,FB,62087100
472,67.300003,67.300003,2014-02-18,67.540001,66.07,66.940002,FB,43809900
473,67.089996,67.089996,2014-02-14,67.580002,66.720001,67.50,FB,36694900
474,67.330002,67.330002,2014-02-13,67.330002,64.050003,64.18,FB,61911700
475,64.449997,64.449997,2014-02-12,65.059998,64.050003,64.919998,FB,47282100
476,64.849998,64.849998,2014-02-11,65.00,63.349998,63.75,FB,45675600
477,63.549999,63.549999,2014-02-10,64.489998,63.470001,64.300003,FB,43666100
478,64.32,64.32,2014-02-07,64.57,62.220001,62.27,FB,60704300
479,62.16,62.16,2014-02-06,62.779999,61.459999,61.459999,FB,42086500
480,62.189999,62.189999,2014-02-05,63.16,61.27,62.740002,FB,51685100
481,62.75,62.75,2014-02-04,63.139999,61.82,62.049999,FB,45985500
482,61.48,61.48,2014-02-03,63.77,60.700001,63.029999,FB,74866600
483,62.57,62.57,2014-01-31,63.369999,60.169998,60.470001,FB,87794600
484,61.080002,61.080002,2014-01-30,62.50,60.459999,62.119999,FB,150178900
485,53.529999,53.529999,2014-01-29,54.950001,53.189999,54.610001,FB,92995600
486,55.139999,55.139999,2014-01-28,55.279999,54.00,54.02,FB,48191200
487,53.549999,53.549999,2014-01-27,54.939999,51.849998,54.73,FB,73924100
488,54.450001,54.450001,2014-01-24,56.419998,54.400002,56.150002,FB,55200700
489,56.630001,56.630001,2014-01-23,56.68,55.689999,56.369999,FB,47951800
490,57.509998,57.509998,2014-01-22,59.310001,57.099998,58.849998,FB,61352900
491,58.509998,58.509998,2014-01-21,58.580002,56.50,56.599998,FB,48669200
492,56.299999,56.299999,2014-01-17,57.82,56.07,57.299999,FB,40849200
493,57.189999,57.189999,2014-01-16,58.02,56.830002,57.259998,FB,34541800
494,57.599998,57.599998,2014-01-15,58.57,57.27,57.98,FB,33663400
495,57.740002,57.740002,2014-01-14,57.779999,56.099998,56.459999,FB,37503600
496,55.91,55.91,2014-01-13,58.25,55.380001,57.91,FB,63010900
497,57.939999,57.939999,2014-01-10,58.299999,57.060001,57.130001,FB,42449500
498,57.220001,57.220001,2014-01-09,58.959999,56.650002,58.650002,FB,92253300
499,58.23,58.23,2014-01-08,58.41,57.23,57.599998,FB,56682400
500,57.919998,57.919998,2014-01-07,58.549999,57.220001,57.700001,FB,77207400
501,57.200001,57.200001,2014-01-06,57.259998,54.049999,54.419998,FB,68852600
502,54.560001,54.560001,2014-01-03,55.650002,54.529999,55.02,FB,38246200
503,54.709999,54.709999,2014-01-02,55.220001,54.189999,54.830002,FB,43195500
