,Adj_Close,Close,Date,High,Low,Open,Symbol,Volume
0,703.530029,703.530029,2016-06-30,703.77002,694.900024,697.650024,GOOGL,2112500
1,695.190002,695.190002,2016-06-29,699.50,692.679993,694.26001,GOOGL,2156200
2,691.26001,691.26001,2016-06-28,692.73999,684.849976,691.369995,GOOGL,1912300
3,681.140015,681.140015,2016-06-27,683.330017,672.659973,682.48999,GOOGL,2907300
4,685.200012,685.200012,2016-06-24,705.00,684.909973,690.169983,GOOGL,4771800
5,714.869995,714.869995,2016-06-23,714.880005,700.25,710.549988,GOOGL,2125000
6,710.469971,710.469971,2016-06-22,714.210022,705.880005,714.049988,GOOGL,1452900
7,708.880005,708.880005,2016-06-21,715.380005,704.659973,710.049988,GOOGL,1515900
8,706.130005,706.130005,2016-06-20,715.869995,705.409973,710.309998,GOOGL,2282700
9,704.25,704.25,2016-06-17,721.390015,701.119995,721.390015,GOOGL,4113100
10,724.25,724.25,2016-06-16,730.390015,715.539978,727.960022,GOOGL,2250100
11,732.190002,732.190002,2016-06-15,737.150024,731.309998,734.919983,GOOGL,1161700
12,733.25,733.25,2016-06-14,736.00,726.50,729.309998,GOOGL,1329200
13,731.880005,731.880005,2016-06-13,739.00,729.820007,729.820007,GOOGL,1167700
14,733.190002,733.190002,2016-06-10,739.640015,730.51001,735.950012,GOOGL,1452500
15,742.52002,742.52002,2016-06-09,743.929993,736.50,737.070007,GOOGL,959000
16,742.929993,742.929993,2016-06-08,743.809998,735.77002,739.50,GOOGL,1615700
17,731.090027,731.090027,2016-06-07,736.710022,730.799988,733.27002,GOOGL,1215700
18,730.059998,730.059998,2016-06-06,738.50,728.289978,738.50,GOOGL,1499600
19,735.859985,735.859985,2016-06-03,741.48999,733.909973,741.48999,GOOGL,1230400
20,744.27002,744.27002,2016-06-02,747.299988,737.00,746.099976,GOOGL,1695800
21,748.460022,748.460022,2016-06-01,751.369995,744.340027,748.469971,GOOGL,1039400
22,748.849976,748.849976,2016-05-31,753.47998,745.570007,748.76001,GOOGL,2124200
23,747.599976,747.599976,2016-05-27,747.909973,737.01001,737.51001,GOOGL,1740100
24,736.929993,736.929993,2016-05-26,741.099976,733.00,736.00,GOOGL,1360100
25,738.099976,738.099976,2016-05-25,739.890015,732.599976,735.00,GOOGL,1610800
26,733.030029,733.030029,2016-05-24,734.200012,719.650024,719.849976,GOOGL,1894200
27,717.25,717.25,2016-05-23,723.50,716.940002,719.97998,GOOGL,1240800
28,721.710022,721.710022,2016-05-20,727.700012,715.01001,716.460022,GOOGL,1739900
29,715.309998,715.309998,2016-05-19,720.50,710.309998,718.299988,GOOGL,1529900
30,721.780029,721.780029,2016-05-18,725.570007,715.02002,718.50,GOOGL,1626800
31,720.190002,720.190002,2016-05-17,735.849976,718.00,731.059998,GOOGL,1670200
32,730.299988,730.299988,2016-05-16,732.679993,720.00,724.320007,GOOGL,1126900
33,724.830017,724.830017,2016-05-13,731.289978,723.51001,726.619995,GOOGL,1262200
34,728.070007,728.070007,2016-05-12,735.369995,724.27002,732.00,GOOGL,1354700
35,730.549988,730.549988,2016-05-11,740.799988,727.900024,740.52002,GOOGL,1491700
36,739.380005,739.380005,2016-05-10,740.00,731.609985,734.960022,GOOGL,1631700
37,729.130005,729.130005,2016-05-09,734.289978,723.50,726.700012,GOOGL,1903700
38,725.179993,725.179993,2016-05-06,725.98999,711.950012,712.200012,GOOGL,1997600
39,714.710022,714.710022,2016-05-05,717.549988,709.450012,715.00,GOOGL,1483400
40,711.369995,711.369995,2016-05-04,715.049988,704.049988,706.77002,GOOGL,1610200
41,708.440002,708.440002,2016-05-03,713.369995,707.330017,712.50,GOOGL,1931000
42,714.409973,714.409973,2016-05-02,715.409973,706.359985,711.919983,GOOGL,1673800
43,707.880005,707.880005,2016-04-29,712.109985,703.780029,704.119995,GOOGL,2913900
44,705.059998,705.059998,2016-04-28,729.26001,703.200012,723.289978,GOOGL,3129500
45,721.460022,721.460022,2016-04-27,727.150024,709.080017,725.320007,GOOGL,3313100
46,725.369995,725.369995,2016-04-26,745.590027,720.320007,744.419983,GOOGL,2793200
47,742.210022,742.210022,2016-04-25,744.880005,735.099976,735.349976,GOOGL,2472100
48,737.77002,737.77002,2016-04-22,753.919983,730.369995,743.909973,GOOGL,7039900
49,780.00,780.00,2016-04-21,781.679993,771.549988,777.309998,GOOGL,3881400
50,774.919983,774.919983,2016-04-20,779.659973,771.27002,779.159973,GOOGL,1713100
51,776.25,776.25,2016-04-19,790.950012,770.27002,790.50,GOOGL,2197600
52,787.679993,787.679993,2016-04-18,788.549988,777.609985,780.190002,GOOGL,1677000
53,780.00,780.00,2016-04-15,780.929993,774.929993,775.50,GOOGL,1585600
54,775.390015,775.390015,2016-04-14,779.609985,773.219971,775.359985,GOOGL,1349600
55,771.909973,771.909973,2016-04-13,775.75,764.590027,770.309998,GOOGL,1771300
56,764.320007,764.320007,2016-04-12,764.919983,751.570007,758.429993,GOOGL,1369400
57,757.539978,757.539978,2016-04-11,767.219971,757.340027,765.450012,GOOGL,1588700
58,759.469971,759.469971,2016-04-08,767.130005,755.77002,765.869995,GOOGL,1171700
59,760.119995,760.119995,2016-04-07,769.359985,757.50,765.320007,GOOGL,1274900
60,768.070007,768.070007,2016-04-06,768.419983,756.299988,757.840027,GOOGL,1265600
61,758.570007,758.570007,2016-04-05,762.869995,755.599976,758.130005,GOOGL,1223900
62,765.119995,765.119995,2016-04-04,772.440002,761.789978,769.51001,GOOGL,1346200
63,769.669983,769.669983,2016-04-01,770.039978,755.200012,757.159973,GOOGL,1583700
64,762.900024,762.900024,2016-03-31,769.080017,758.25,768.340027,GOOGL,1627700
65,768.340027,768.340027,2016-03-30,777.309998,767.580017,768.210022,GOOGL,2019800
66,765.890015,765.890015,2016-03-29,767.179993,748.289978,753.679993,GOOGL,2003100
67,753.280029,753.280029,2016-03-28,758.299988,752.039978,756.169983,GOOGL,1083800
68,754.840027,754.840027,2016-03-24,757.559998,750.50,751.200012,GOOGL,1555800
69,757.559998,757.559998,2016-03-23,765.390015,756.030029,763.349976,GOOGL,1233900
70,760.049988,760.049988,2016-03-22,765.00,757.880005,758.440002,GOOGL,1104800
71,762.159973,762.159973,2016-03-21,763.340027,751.27002,753.909973,GOOGL,1438700
72,755.409973,755.409973,2016-03-18,762.140015,751.820007,761.630005,GOOGL,2811100
73,758.47998,758.47998,2016-03-17,765.340027,757.359985,757.650024,GOOGL,2228200
74,757.359985,757.359985,2016-03-16,759.00,746.50,749.049988,GOOGL,1465300
75,750.570007,750.570007,2016-03-15,753.01001,742.840027,746.02002,GOOGL,1491600
76,750.23999,750.23999,2016-03-14,754.26001,743.659973,744.969971,GOOGL,1641200
77,744.869995,744.869995,2016-03-11,744.900024,736.700012,739.950012,GOOGL,1769000
78,732.169983,732.169983,2016-03-10,736.539978,723.289978,727.789978,GOOGL,2230800
79,725.409973,725.409973,2016-03-09,726.23999,712.659973,715.169983,GOOGL,1977200
80,713.530029,713.530029,2016-03-08,722.25,704.00,708.390015,GOOGL,2626500
81,712.799988,712.799988,2016-03-07,727.210022,705.140015,725.150024,GOOGL,3084500
82,730.219971,730.219971,2016-03-04,735.00,725.619995,734.799988,GOOGL,2425800
83,731.590027,731.590027,2016-03-03,741.00,729.630005,739.47998,GOOGL,2026700
84,739.47998,739.47998,2016-03-02,743.119995,733.25,742.869995,GOOGL,1814600
85,742.169983,742.169983,2016-03-01,742.330017,718.640015,721.299988,GOOGL,3005600
86,717.219971,717.219971,2016-02-29,730.599976,716.840027,721.00,GOOGL,2253400
87,724.859985,724.859985,2016-02-26,736.159973,721.940002,733.599976,GOOGL,2123700
88,729.119995,729.119995,2016-02-25,729.51001,713.22998,722.929993,GOOGL,1807300
89,720.900024,720.900024,2016-02-24,721.219971,702.02002,710.609985,GOOGL,1854600
90,717.289978,717.289978,2016-02-23,730.900024,715.669983,726.099976,GOOGL,2066600
91,729.049988,729.049988,2016-02-22,734.849976,723.450012,729.51001,GOOGL,1875800
92,722.109985,722.109985,2016-02-19,724.030029,713.119995,715.900024,GOOGL,1745900
93,717.51001,717.51001,2016-02-18,736.00,715.549988,733.960022,GOOGL,2363800
94,731.969971,731.969971,2016-02-17,733.76001,716.609985,727.00,GOOGL,2457700
95,717.640015,717.640015,2016-02-16,722.880005,710.179993,718.650024,GOOGL,2172200
96,706.890015,706.890015,2016-02-12,716.00,701.580017,712.210022,GOOGL,2326900
97,706.359985,706.359985,2016-02-11,712.320007,691.190002,696.340027,GOOGL,3250200
98,706.849976,706.849976,2016-02-10,723.219971,705.390015,711.789978,GOOGL,3015700
99,701.02002,701.02002,2016-02-09,720.960022,688.50,692.950012,GOOGL,4215000
100,704.159973,704.159973,2016-02-08,704.52002,682.01001,687.679993,GOOGL,4470500
101,703.76001,703.76001,2016-02-05,726.719971,700.140015,725.50,GOOGL,5477800
102,730.030029,730.030029,2016-02-04,745.23999,722.599976,744.590027,GOOGL,5246100
103,749.380005,749.380005,2016-02-03,791.429993,736.26001,786.280029,GOOGL,6555700
104,780.909973,780.909973,2016-02-02,810.349976,780.599976,800.50,GOOGL,6792300
105,770.77002,770.77002,2016-02-01,777.590027,761.380005,771.26001,GOOGL,5576100
106,761.349976,761.349976,2016-01-29,765.109985,744.200012,748.960022,GOOGL,3790400
107,748.299988,748.299988,2016-01-28,751.159973,730.599976,738.190002,GOOGL,3105200
108,717.580017,717.580017,2016-01-27,735.890015,713.450012,735.890015,GOOGL,2121400
109,733.789978,733.789978,2016-01-26,739.460022,726.969971,735.210022,GOOGL,1547000
110,733.619995,733.619995,2016-01-25,752.460022,732.50,743.840027,GOOGL,2267000
111,745.460022,745.460022,2016-01-22,748.559998,740.50,742.00,GOOGL,2357300
112,726.669983,726.669983,2016-01-21,737.669983,711.109985,720.169983,GOOGL,2596900
113,718.559998,718.559998,2016-01-20,726.950012,687.780029,705.900024,GOOGL,4122000
114,719.080017,719.080017,2016-01-19,725.349976,709.849976,720.150024,GOOGL,2436200
115,710.48999,710.48999,2016-01-15,724.159973,701.51001,709.98999,GOOGL,3777800
116,731.390015,731.390015,2016-01-14,739.890015,705.00,724.440002,GOOGL,2777900
117,719.570007,719.570007,2016-01-13,753.00,716.780029,749.340027,GOOGL,2586400
118,745.340027,745.340027,2016-01-12,748.340027,736.429993,740.75,GOOGL,2340800
119,733.070007,733.070007,2016-01-11,735.080017,719.559998,731.950012,GOOGL,2544800
120,730.909973,730.909973,2016-01-08,750.119995,728.919983,747.799988,GOOGL,2375300
121,741.00,741.00,2016-01-07,755.309998,735.280029,746.48999,GOOGL,3156600
122,759.330017,759.330017,2016-01-06,765.72998,748.00,750.369995,GOOGL,2410300
123,761.530029,761.530029,2016-01-05,769.200012,755.650024,764.099976,GOOGL,2260800
124,759.440002,759.440002,2016-01-04,762.200012,747.539978,762.200012,GOOGL,3369100
125,778.01001,778.01001,2015-12-31,788.330017,777.320007,787.820007,GOOGL,1629300
126,790.299988,790.299988,2015-12-30,796.460022,787.200012,793.960022,GOOGL,1428300
127,793.960022,793.960022,2015-12-29,798.690002,786.200012,786.98999,GOOGL,1921500
128,782.23999,782.23999,2015-12-28,782.820007,767.72998,770.00,GOOGL,1557800
129,765.840027,765.840027,2015-12-24,769.200012,764.390015,768.52002,GOOGL,520600
130,768.51001,768.51001,2015-12-23,771.900024,757.650024,770.690002,GOOGL,1529700
131,767.130005,767.130005,2015-12-22,770.340027,761.200012,764.27002,GOOGL,1816900
132,760.799988,760.799988,2015-12-21,766.349976,754.150024,763.049988,GOOGL,1742400
133,756.849976,756.849976,2015-12-18,774.140015,756.590027,767.22998,GOOGL,3389700
134,769.830017,769.830017,2015-12-17,781.590027,769.299988,781.159973,GOOGL,1825500
135,776.590027,776.590027,2015-12-16,781.50,757.049988,766.570007,GOOGL,2656000
136,760.090027,760.090027,2015-12-15,774.75,758.00,767.789978,GOOGL,2469300
137,762.539978,762.539978,2015-12-14,764.150024,736.26001,751.26001,GOOGL,2693200
138,750.419983,750.419983,2015-12-11,757.440002,748.650024,749.00,GOOGL,2159200
139,760.039978,760.039978,2015-12-10,766.070007,755.00,763.590027,GOOGL,1616600
140,762.549988,762.549988,2015-12-09,776.090027,752.01001,771.099976,GOOGL,2327500
141,775.140015,775.140015,2015-12-08,778.650024,762.52002,764.50,GOOGL,1554100
142,772.98999,772.98999,2015-12-07,781.00,766.719971,780.059998,GOOGL,1831300
143,779.210022,779.210022,2015-12-04,782.419983,765.51001,769.710022,GOOGL,2490000
144,768.200012,768.200012,2015-12-03,784.47998,762.450012,780.559998,GOOGL,2097500
145,777.849976,777.849976,2015-12-02,793.049988,776.429993,785.25,GOOGL,2343800
146,783.789978,783.789978,2015-12-01,785.00,765.950012,766.940002,GOOGL,2019900
147,762.849976,762.849976,2015-11-30,775.030029,761.119995,771.869995,GOOGL,1679300
148,771.969971,771.969971,2015-11-27,774.00,767.00,769.159973,GOOGL,721700
149,769.26001,769.26001,2015-11-25,773.00,766.530029,771.690002,GOOGL,1180600
150,769.630005,769.630005,2015-11-24,775.98999,758.109985,772.960022,GOOGL,2394000
151,776.700012,776.700012,2015-11-23,782.900024,773.51001,777.469971,GOOGL,1732400
152,777.00,777.00,2015-11-20,779.320007,764.099976,769.299988,GOOGL,2773900
153,759.940002,759.940002,2015-11-19,763.22998,757.22998,759.780029,GOOGL,1403900
154,760.01001,760.01001,2015-11-18,761.099976,747.390015,749.570007,GOOGL,1813300
155,745.97998,745.97998,2015-11-17,754.950012,744.049988,752.469971,GOOGL,1943200
156,750.419983,750.419983,2015-11-16,751.710022,734.330017,740.210022,GOOGL,2535200
157,740.070007,740.070007,2015-11-13,755.330017,739.469971,754.039978,GOOGL,2409400
158,756.530029,756.530029,2015-11-12,765.799988,755.859985,760.179993,GOOGL,1772600
159,765.25,765.25,2015-11-11,769.080017,759.75,762.380005,GOOGL,2093300
160,758.26001,758.26001,2015-11-10,760.599976,748.409973,753.47998,GOOGL,1489900
161,754.77002,754.77002,2015-11-09,763.299988,749.109985,758.52002,GOOGL,1776900
162,761.599976,761.599976,2015-11-06,763.02002,755.030029,759.390015,GOOGL,1677200
163,760.669983,760.669983,2015-11-05,766.349976,757.469971,758.809998,GOOGL,2274300
164,755.309998,755.309998,2015-11-04,759.900024,749.200012,749.900024,GOOGL,2092000
165,748.820007,748.820007,2015-11-03,751.700012,741.159973,745.429993,GOOGL,1815300
166,747.73999,747.73999,2015-11-02,748.179993,731.450012,734.530029,GOOGL,1995700
167,737.390015,737.390015,2015-10-30,746.309998,736.530029,745.559998,GOOGL,1999200
168,744.849976,744.849976,2015-10-29,746.789978,735.159973,736.630005,GOOGL,1826000
169,736.919983,736.919983,2015-10-28,737.369995,727.27002,733.00,GOOGL,1980200
170,732.820007,732.820007,2015-10-27,735.960022,724.140015,726.570007,GOOGL,1938900
171,731.119995,731.119995,2015-10-26,734.950012,720.02002,720.02002,GOOGL,2438800
172,719.330017,719.330017,2015-10-23,752.50,717.940002,750.059998,GOOGL,6336300
173,681.140015,681.140015,2015-10-22,688.049988,671.700012,675.440002,GOOGL,4431600
174,671.799988,671.799988,2015-10-21,684.900024,670.700012,683.210022,GOOGL,1597600
175,680.00,680.00,2015-10-20,698.00,673.679993,697.890015,GOOGL,2613300
176,699.950012,699.950012,2015-10-19,700.23999,692.210022,694.00,GOOGL,1508600
177,695.320007,695.320007,2015-10-16,696.219971,689.099976,695.400024,GOOGL,1815800
178,693.02002,693.02002,2015-10-15,694.159973,684.390015,685.25,GOOGL,2357800
179,680.409973,680.409973,2015-10-14,690.039978,678.900024,683.72998,GOOGL,1564600
180,683.169983,683.169983,2015-10-13,688.460022,673.109985,674.26001,GOOGL,2122300
181,676.429993,676.429993,2015-10-12,677.97998,667.23999,669.190002,GOOGL,1334200
182,671.23999,671.23999,2015-10-09,674.090027,662.359985,667.48999,GOOGL,1606200
183,667.00,667.00,2015-10-08,671.890015,654.48999,669.450012,GOOGL,1965400
184,670.00,670.00,2015-10-07,678.73999,658.109985,677.400024,GOOGL,2217700
185,671.640015,671.640015,2015-10-06,678.799988,663.080017,669.349976,GOOGL,2138700
186,671.679993,671.679993,2015-10-05,673.030029,655.869995,661.599976,GOOGL,1898000
187,656.98999,656.98999,2015-10-02,657.00,633.50,638.01001,GOOGL,2439400
188,642.00,642.00,2015-10-01,643.840027,631.119995,637.940002,GOOGL,2125300
189,638.369995,638.369995,2015-09-30,639.309998,629.150024,631.830017,GOOGL,2647700
190,622.609985,622.609985,2015-09-29,634.679993,618.030029,625.50,GOOGL,2106500
191,624.25,624.25,2015-09-28,642.849976,617.840027,639.049988,GOOGL,2382300
192,640.150024,640.150024,2015-09-25,658.580017,639.659973,658.580017,GOOGL,2424000
193,654.909973,654.909973,2015-09-24,656.77002,642.169983,648.969971,GOOGL,1934600
194,653.289978,653.289978,2015-09-23,660.280029,650.72998,652.900024,GOOGL,1458000
195,653.200012,653.200012,2015-09-22,658.820007,645.030029,657.469971,GOOGL,2718100
196,666.97998,666.97998,2015-09-21,669.00,658.00,665.51001,GOOGL,1954700
197,660.919983,660.919983,2015-09-18,669.840027,660.030029,665.059998,GOOGL,3627200
198,671.669983,671.669983,2015-09-17,681.98999,665.00,667.48999,GOOGL,2387600
199,665.52002,665.52002,2015-09-16,668.070007,662.200012,665.549988,GOOGL,1312600
200,665.070007,665.070007,2015-09-15,668.849976,653.340027,656.710022,GOOGL,1777300
201,652.469971,652.469971,2015-09-14,655.919983,649.50,655.630005,GOOGL,1497100
202,655.299988,655.299988,2015-09-11,655.309998,647.409973,650.210022,GOOGL,1744600
203,651.080017,651.080017,2015-09-10,654.900024,641.700012,643.900024,GOOGL,1392500
204,643.409973,643.409973,2015-09-09,657.359985,640.900024,651.880005,GOOGL,2048900
205,643.880005,643.880005,2015-09-08,645.039978,632.900024,641.00,GOOGL,1954600
206,628.960022,628.960022,2015-09-04,634.50,626.50,629.700012,GOOGL,2023900
207,637.049988,637.049988,2015-09-03,651.25,633.809998,647.929993,GOOGL,1728600
208,644.909973,644.909973,2015-09-02,645.059998,630.640015,638.00,GOOGL,1881500
209,629.559998,629.559998,2015-09-01,644.440002,625.059998,633.809998,GOOGL,2572900
210,647.820007,647.820007,2015-08-31,664.409973,646.349976,654.340027,GOOGL,1946800
211,659.690002,659.690002,2015-08-28,667.00,653.75,665.76001,GOOGL,1941800
212,667.960022,667.960022,2015-08-27,673.97998,651.099976,671.98999,GOOGL,2948700
213,659.73999,659.73999,2015-08-26,662.47998,630.369995,643.099976,GOOGL,4387000
214,612.469971,612.469971,2015-08-25,647.00,611.669983,646.469971,GOOGL,3571500
215,618.109985,618.109985,2015-08-24,627.679993,593.090027,600.599976,GOOGL,6489400
216,644.030029,644.030029,2015-08-21,672.890015,643.099976,671.039978,GOOGL,4594000
217,679.47998,679.47998,2015-08-20,696.159973,675.280029,689.099976,GOOGL,2889900
218,694.039978,694.039978,2015-08-19,700.200012,686.799988,690.109985,GOOGL,2504000
219,688.72998,688.72998,2015-08-18,695.76001,685.320007,691.070007,GOOGL,1385500
220,694.109985,694.109985,2015-08-17,694.73999,683.059998,688.039978,GOOGL,1234000
221,689.369995,689.369995,2015-08-14,692.26001,682.900024,684.039978,GOOGL,1379900
222,686.51001,686.51001,2015-08-13,694.030029,682.179993,689.200012,GOOGL,1817700
223,691.469971,691.469971,2015-08-12,696.00,680.51001,694.48999,GOOGL,2924900
224,690.299988,690.299988,2015-08-11,704.00,684.320007,699.580017,GOOGL,5494000
225,663.140015,663.140015,2015-08-10,671.619995,660.22998,667.090027,GOOGL,1722900
226,664.390015,664.390015,2015-08-07,668.799988,658.869995,667.780029,GOOGL,1377200
227,670.150024,670.150024,2015-08-06,674.75,660.72998,673.98999,GOOGL,2033000
228,673.289978,673.289978,2015-08-05,679.909973,665.580017,665.75,GOOGL,1822400
229,661.280029,661.280029,2015-08-04,668.00,660.51001,664.340027,GOOGL,1309400
230,664.719971,664.719971,2015-08-03,666.669983,657.659973,657.659973,GOOGL,1567400
231,657.50,657.50,2015-07-31,665.00,657.200012,664.700012,GOOGL,1746100
232,664.559998,664.559998,2015-07-30,668.049988,651.690002,657.440002,GOOGL,1980300
233,661.429993,661.429993,2015-07-29,663.330017,652.840027,662.26001,GOOGL,1837800
234,659.659973,659.659973,2015-07-28,664.099976,653.409973,661.76001,GOOGL,1718200
235,658.27002,658.27002,2015-07-27,667.070007,651.549988,651.570007,GOOGL,2919100
236,654.77002,654.77002,2015-07-24,677.789978,653.179993,676.77002,GOOGL,4131100
237,674.72998,674.72998,2015-07-23,696.070007,671.590027,691.849976,GOOGL,3811600
238,695.099976,695.099976,2015-07-22,713.330017,691.619995,694.02002,GOOGL,4155000
239,695.349976,695.349976,2015-07-21,705.599976,684.150024,684.880005,GOOGL,3780200
240,692.840027,692.840027,2015-07-20,697.799988,681.77002,688.97998,GOOGL,5121800
241,699.619995,699.619995,2015-07-17,703.00,678.00,680.00,GOOGL,12858100
242,601.780029,601.780029,2015-07-16,604.50,587.919983,589.50,GOOGL,5632100
243,583.960022,583.960022,2015-07-15,588.690002,580.210022,583.73999,GOOGL,2073300
244,584.179993,584.179993,2015-07-14,589.710022,574.169983,574.50,GOOGL,3741600
245,571.72998,571.72998,2015-07-13,572.849976,558.700012,559.51001,GOOGL,2089600
246,556.109985,556.109985,2015-07-10,559.289978,552.00,553.710022,GOOGL,2171800
247,544.650024,544.650024,2015-07-09,548.880005,544.619995,548.650024,GOOGL,1480000
248,541.700012,541.700012,2015-07-08,548.280029,541.200012,545.599976,GOOGL,1383100
249,550.030029,550.030029,2015-07-07,551.00,539.849976,547.429993,GOOGL,1678900
250,545.619995,545.619995,2015-07-06,548.580017,542.099976,542.25,GOOGL,1280700
251,547.340027,547.340027,2015-07-02,548.00,543.570007,544.73999,GOOGL,1406200
252,543.299988,543.299988,2015-07-01,545.809998,539.76001,543.659973,GOOGL,1538000
253,540.039978,540.039978,2015-06-30,545.900024,539.539978,545.090027,GOOGL,1725500
254,541.25,541.25,2015-06-29,550.900024,540.23999,546.75,GOOGL,1887800
255,553.059998,553.059998,2015-06-26,560.00,551.849976,559.710022,GOOGL,2183800
256,557.950012,557.950012,2015-06-25,563.140015,557.460022,560.299988,GOOGL,1334200
257,558.570007,558.570007,2015-06-24,562.640015,556.809998,562.47998,GOOGL,1446200
258,563.390015,563.390015,2015-06-23,564.900024,557.150024,559.789978,GOOGL,1569800
259,559.679993,559.679993,2015-06-22,565.609985,558.909973,559.409973,GOOGL,1737600
260,557.52002,557.52002,2015-06-19,557.909973,552.26001,556.52002,GOOGL,2964500
261,556.179993,556.179993,2015-06-18,557.25,548.00,548.00,GOOGL,2059600
262,546.599976,546.599976,2015-06-17,548.359985,541.809998,545.419983,GOOGL,1222000
263,544.869995,544.869995,2015-06-16,546.690002,541.570007,544.47998,GOOGL,1626300
264,543.00,543.00,2015-06-15,544.049988,539.210022,542.72998,GOOGL,1357500
265,547.469971,547.469971,2015-06-12,548.849976,545.630005,547.150024,GOOGL,1273400
266,550.039978,550.039978,2015-06-11,554.830017,549.169983,554.48999,GOOGL,1293600
267,552.599976,552.599976,2015-06-10,554.780029,545.109985,545.700012,GOOGL,1515800
268,542.159973,542.159973,2015-06-09,544.840027,538.849976,543.419983,GOOGL,1500800
269,543.47998,543.47998,2015-06-08,549.869995,542.950012,549.609985,GOOGL,1366800
270,549.530029,549.530029,2015-06-05,553.330017,547.380005,552.00,GOOGL,1219800
271,551.690002,551.690002,2015-06-04,555.960022,549.119995,552.179993,GOOGL,1343300
272,555.289978,555.289978,2015-06-03,557.98999,552.150024,555.099976,GOOGL,1330800
273,553.950012,553.950012,2015-06-02,558.789978,546.549988,547.429993,GOOGL,1592100
274,549.210022,549.210022,2015-06-01,550.570007,543.580017,548.72998,GOOGL,1660500
275,545.320007,545.320007,2015-05-29,553.940002,545.039978,553.200012,GOOGL,2172300
276,554.179993,554.179993,2015-05-28,555.76001,550.799988,553.789978,GOOGL,1177200
277,554.25,554.25,2015-05-27,555.289978,546.580017,548.679993,GOOGL,1742200
278,547.190002,547.190002,2015-05-26,553.330017,542.969971,552.580017,GOOGL,1873700
279,554.52002,554.52002,2015-05-22,558.23999,553.619995,554.460022,GOOGL,1213300
280,556.809998,556.809998,2015-05-21,557.609985,549.299988,550.200012,GOOGL,1708500
281,552.51001,552.51001,2015-05-20,556.070007,545.099976,550.919983,GOOGL,1542000
282,549.280029,549.280029,2015-05-19,553.400024,547.119995,548.00,GOOGL,2356300
283,546.669983,546.669983,2015-05-18,548.340027,542.25,543.820007,GOOGL,1335300
284,546.48999,546.48999,2015-05-15,550.599976,542.50,550.390015,GOOGL,1672000
285,549.200012,549.200012,2015-05-14,549.690002,542.50,543.969971,GOOGL,1586800
286,539.48999,539.48999,2015-05-13,543.840027,538.97998,540.469971,GOOGL,1211900
287,538.72998,538.72998,2015-05-12,542.960022,535.00,542.809998,GOOGL,1764100
288,545.780029,545.780029,2015-05-11,553.369995,545.599976,548.48999,GOOGL,1092900
289,548.950012,548.950012,2015-05-08,552.799988,548.030029,548.869995,GOOGL,1411300
290,542.039978,542.039978,2015-05-07,545.200012,533.450012,535.900024,GOOGL,1592200
291,535.080017,535.080017,2015-05-06,543.929993,532.23999,542.640015,GOOGL,1951700
292,543.039978,543.039978,2015-05-05,552.609985,542.369995,550.159973,GOOGL,1426400
293,552.840027,552.840027,2015-05-04,556.690002,547.390015,550.98999,GOOGL,1763000
294,551.159973,551.159973,2015-05-01,551.219971,543.849976,550.51001,GOOGL,1828600
295,548.77002,548.77002,2015-04-30,561.109985,546.719971,558.559998,GOOGL,2362000
296,561.390015,561.390015,2015-04-29,565.840027,559.00,560.51001,GOOGL,1681100
297,564.369995,564.369995,2015-04-28,567.830017,560.960022,564.320007,GOOGL,1858900
298,566.119995,566.119995,2015-04-27,575.52002,562.299988,572.77002,GOOGL,2403100
299,573.659973,573.659973,2015-04-24,584.700012,568.349976,580.049988,GOOGL,4608400
300,557.460022,557.460022,2015-04-23,561.169983,550.080017,550.409973,GOOGL,3909200
301,549.179993,549.179993,2015-04-22,551.00,541.320007,543.059998,GOOGL,1590300
302,542.919983,542.919983,2015-04-21,547.77002,542.210022,546.309998,GOOGL,1456400
303,544.530029,544.530029,2015-04-20,545.799988,533.349976,533.75,GOOGL,1925400
304,532.73999,532.73999,2015-04-17,539.799988,529.00,537.309998,GOOGL,2461700
305,543.52002,543.52002,2015-04-16,545.22998,538.099976,538.349976,GOOGL,1586100
306,541.039978,541.039978,2015-04-15,543.190002,532.369995,537.960022,GOOGL,2348100
307,539.780029,539.780029,2015-04-14,546.570007,535.73999,546.570007,GOOGL,2360300
308,548.640015,548.640015,2015-04-13,553.27002,546.299988,547.049988,GOOGL,1466300
309,548.539978,548.539978,2015-04-10,549.849976,544.97998,549.570007,GOOGL,1305200
310,548.02002,548.02002,2015-04-09,549.369995,541.950012,549.210022,GOOGL,1618300
311,548.840027,548.840027,2015-04-08,551.50,546.00,546.00,GOOGL,1419300
312,544.859985,544.859985,2015-04-07,550.159973,543.590027,544.98999,GOOGL,1365900
313,543.950012,543.950012,2015-04-06,545.539978,535.700012,538.840027,GOOGL,1685900
314,541.309998,541.309998,2015-04-02,548.00,540.440002,547.409973,GOOGL,2388000
315,549.48999,549.48999,2015-04-01,558.50,546.030029,554.830017,GOOGL,1945100
316,554.700012,554.700012,2015-03-31,562.450012,554.669983,557.940002,GOOGL,1746600
317,561.140015,561.140015,2015-03-30,562.159973,556.789978,560.25,GOOGL,1239400
318,557.549988,557.549988,2015-03-27,564.070007,556.929993,561.830017,GOOGL,1727600
319,563.640015,563.640015,2015-03-26,567.190002,558.309998,564.650024,GOOGL,2492100
320,567.00,567.00,2015-03-25,580.070007,567.00,577.570007,GOOGL,2653500
321,577.539978,577.539978,2015-03-24,581.880005,568.090027,568.539978,GOOGL,3957800
322,565.369995,565.369995,2015-03-23,569.640015,563.059998,566.00,GOOGL,1511700
323,564.950012,564.950012,2015-03-20,567.099976,564.47998,566.710022,GOOGL,2216000
324,563.669983,563.669983,2015-03-19,566.960022,562.119995,564.52002,GOOGL,1233000
325,566.159973,566.159973,2015-03-18,566.51001,553.50,557.72998,GOOGL,1766200
326,557.609985,557.609985,2015-03-17,560.640015,554.409973,558.289978,GOOGL,1444600
327,561.640015,561.640015,2015-03-16,563.75,551.320007,556.929993,GOOGL,1842800
328,553.00,553.00,2015-03-13,564.359985,550.330017,559.22998,GOOGL,1771400
329,561.169983,561.169983,2015-03-12,561.840027,555.530029,558.47998,GOOGL,1780100
330,555.690002,555.690002,2015-03-11,564.179993,555.409973,559.799988,GOOGL,2026200
331,559.849976,559.849976,2015-03-10,569.76001,559.820007,568.47998,GOOGL,2004000
332,574.099976,574.099976,2015-03-09,575.450012,569.049988,570.919983,GOOGL,1173900
333,572.900024,572.900024,2015-03-06,582.780029,572.059998,582.00,GOOGL,1879600
334,581.429993,581.429993,2015-03-05,583.200012,578.22998,579.619995,GOOGL,1795900
335,578.330017,578.330017,2015-03-04,581.630005,572.52002,576.969971,GOOGL,1898200
336,578.789978,578.789978,2015-03-03,580.849976,570.50,576.349976,GOOGL,2526300
337,575.02002,575.02002,2015-03-02,575.98999,563.150024,567.00,GOOGL,2520300
338,562.630005,562.630005,2015-02-27,569.419983,557.030029,558.150024,GOOGL,3416400
339,559.289978,559.289978,2015-02-26,560.130005,545.090027,545.73999,GOOGL,2701600
340,547.330017,547.330017,2015-02-25,549.570007,538.01001,538.440002,GOOGL,2041800
341,538.650024,538.650024,2015-02-24,539.400024,531.00,531.549988,GOOGL,1420300
342,535.00,535.00,2015-02-23,539.299988,532.00,539.00,GOOGL,1645300
343,541.799988,541.799988,2015-02-20,547.580017,538.099976,547.580017,GOOGL,1911700
344,546.450012,546.450012,2015-02-19,546.859985,540.75,542.469971,GOOGL,1541700
345,542.650024,542.650024,2015-02-18,547.549988,539.549988,543.820007,GOOGL,1558200
346,545.01001,545.01001,2015-02-17,553.00,543.26001,551.159973,GOOGL,1958700
347,551.159973,551.159973,2015-02-13,552.539978,546.599976,547.51001,GOOGL,2369100
348,546.01001,546.01001,2015-02-12,548.340027,537.00,539.659973,GOOGL,2429500
349,538.00,538.00,2015-02-11,541.950012,536.00,539.72998,GOOGL,1915300
350,540.159973,540.159973,2015-02-10,541.00,529.169983,532.150024,GOOGL,2371500
351,529.280029,529.280029,2015-02-09,533.880005,527.549988,531.059998,GOOGL,1515700
352,533.880005,533.880005,2015-02-06,540.219971,528.650024,531.01001,GOOGL,2146900
353,529.830017,529.830017,2015-02-05,530.690002,525.640015,527.929993,GOOGL,1658800
354,526.099976,526.099976,2015-02-04,536.75,525.030029,533.140015,GOOGL,1694800
355,533.299988,533.299988,2015-02-03,537.450012,526.809998,529.940002,GOOGL,2353100
356,532.200012,532.200012,2015-02-02,536.50,521.719971,534.320007,GOOGL,3768900
357,537.549988,537.549988,2015-01-30,543.099976,518.179993,519.00,GOOGL,6055400
358,513.22998,513.22998,2015-01-29,515.190002,503.480011,512.900024,GOOGL,3950900
359,512.429993,512.429993,2015-01-28,525.690002,512.349976,525.00,GOOGL,1791100
360,521.190002,521.190002,2015-01-27,532.780029,520.859985,531.400024,GOOGL,1957400
361,536.719971,536.719971,2015-01-26,541.50,532.070007,541.50,GOOGL,1546600
362,541.950012,541.950012,2015-01-23,545.409973,535.75,538.030029,GOOGL,2298300
363,537.299988,537.299988,2015-01-22,538.840027,521.909973,523.00,GOOGL,2803400
364,520.390015,520.390015,2015-01-21,521.849976,509.589996,510.839996,GOOGL,2317800
365,509.940002,509.940002,2015-01-20,515.609985,509.369995,512.77002,GOOGL,2339800
366,510.459991,510.459991,2015-01-16,510.850006,503.089996,503.149994,GOOGL,2482900
367,504.01001,504.01001,2015-01-15,509.75,502.01001,508.890015,GOOGL,2553400
368,505.929993,505.929993,2015-01-14,508.26001,498.160004,500.420013,GOOGL,2566700
369,501.799988,501.799988,2015-01-13,508.600006,497.26001,502.570007,GOOGL,3047900
370,497.059998,497.059998,2015-01-12,500.279999,490.910004,499.23999,GOOGL,2856900
371,500.720001,500.720001,2015-01-09,508.600006,498.649994,508.179993,GOOGL,2100000
372,506.910004,506.910004,2015-01-08,507.50,495.019989,501.51001,GOOGL,3652700
373,505.149994,505.149994,2015-01-07,511.48999,503.649994,510.950012,GOOGL,2345900
374,506.640015,506.640015,2015-01-06,521.210022,505.549988,520.50,GOOGL,2722800
375,519.460022,519.460022,2015-01-05,527.98999,517.75,527.150024,GOOGL,2059100
376,529.549988,529.549988,2015-01-02,535.799988,527.880005,532.599976,GOOGL,1324000
