,Adj_Close,Close,Date,High,Low,Open,Symbol,Volume
0,354.044041,707.379995,2012-12-31,710.570039,696.000029,699.999992,GOOGL,3990800
1,350.355351,700.009992,2012-12-28,706.910006,700.009992,701.690012,GOOGL,2801100
2,353.498509,706.290021,2012-12-27,708.84002,698.610026,707.140001,GOOGL,3291500
3,354.789799,708.870019,2012-12-26,712.879983,702.409994,708.070039,GOOGL,2362400
4,355.105107,709.500004,2012-12-24,715.179987,707.469993,714.510004,GOOGL,1680100
5,358.173192,715.630037,2012-12-21,718.82002,710.519979,713.970017,GOOGL,7044900
6,361.541539,722.359995,2012-12-20,724.65,716.970005,723.260034,GOOGL,3310600
7,360.41541,720.109989,2012-12-19,722.999979,716.680012,720.710035,GOOGL,3833300
8,360.895909,721.070027,2012-12-18,729.100014,715.049991,716.600014,GOOGL,6003700
9,360.750768,720.780034,2012-12-17,721.920006,704.020016,705.49998,GOOGL,6064700
10,351.331334,701.960005,2012-12-14,707.819984,698.43003,699.170012,GOOGL,4255900
11,351.701695,702.699987,2012-12-13,716.470017,699.550003,715.92003,GOOGL,6882900
12,349.129124,697.55999,2012-12-12,703.510028,693.480029,699.230011,GOOGL,4847100
13,348.788792,696.880007,2012-12-11,701.920006,687.719987,689.999992,GOOGL,5369800
14,343.053044,685.419982,2012-12-10,691.650013,683.790022,685.389983,GOOGL,2730600
15,342.447453,684.210011,2012-12-07,696.880007,682.419994,694.999992,GOOGL,3834700
16,345.910924,691.130025,2012-12-06,695.610038,684.510004,687.58999,GOOGL,2921600
17,344.254246,687.819984,2012-12-05,694.500004,682.329996,692.150001,GOOGL,3721000
18,345.860875,691.030028,2012-12-04,695.50998,685.700036,694.999992,GOOGL,3979400
19,347.972966,695.249986,2012-12-03,705.890031,694.110014,702.239998,GOOGL,4380600
20,349.53455,698.370032,2012-11-30,699.220011,685.690036,691.310021,GOOGL,6320800
21,346.291295,691.890007,2012-11-29,693.900019,682.000004,687.779985,GOOGL,5547400
22,342.177189,683.670025,2012-11-28,684.909994,663.890019,668.00998,GOOGL,6077900
23,335.690709,670.710036,2012-11-27,674.999992,657.99998,660.169988,GOOGL,5012300
24,330.905919,661.150025,2012-11-26,667.000005,659.020016,666.440018,GOOGL,4404700
25,334.31931,667.969981,2012-11-23,669.999992,666.100026,669.969993,GOOGL,1843100
26,333.268284,665.870032,2012-11-21,669.799997,660.399983,668.990017,GOOGL,4220100
27,335.320317,669.969993,2012-11-20,677.99998,664.570003,669.510004,GOOGL,4173200
28,334.439457,668.210036,2012-11-19,668.920019,655.52998,655.700036,GOOGL,4731600
29,323.913914,647.18,2012-11-16,653.01998,636.000029,645.990029,GOOGL,6869500
30,323.953953,647.259998,2012-11-15,659.999992,643.900019,649.999993,GOOGL,3694100
31,326.601597,652.549991,2012-11-14,662.18,650.49998,660.660037,GOOGL,3333400
32,329.854863,659.050016,2012-11-13,667.59999,658.230036,662.99998,GOOGL,3185200
33,333.283299,665.900031,2012-11-12,669.799997,660.870032,663.750023,GOOGL,2808900
34,331.846837,663.029979,2012-11-09,668.340033,650.299985,654.650001,GOOGL,6221900
35,326.47147,652.289998,2012-11-08,671.490017,651.230023,670.199987,GOOGL,5188800
36,333.893895,667.120002,2012-11-07,678.230035,666.490017,674.999992,GOOGL,4460100
37,341.201207,681.720011,2012-11-06,686.500016,677.549991,685.47998,GOOGL,3162400
38,341.821812,682.959981,2012-11-05,686.860008,675.559979,684.500004,GOOGL,3268500
39,344.304295,687.919982,2012-11-02,695.549979,687.369995,694.789997,GOOGL,4644100
40,344.139134,687.58999,2012-11-01,690.900031,678.720023,679.500004,GOOGL,4096000
41,340.490483,680.299985,2012-10-31,681.000029,674.999992,679.859996,GOOGL,3070900
42,337.912907,675.149989,2012-10-26,683.029979,671.200024,676.500017,GOOGL,3897600
43,339.219212,677.759986,2012-10-25,682.000004,673.510029,679.999992,GOOGL,4797300
44,338.988988,677.299997,2012-10-24,687.000004,675.269986,686.800009,GOOGL,4988000
45,340.515507,680.349984,2012-10-23,687.329996,672.000004,672.010004,GOOGL,5827300
46,339.674687,678.670025,2012-10-22,684.630001,669.70,681.010028,GOOGL,8103000
47,341.236241,681.790009,2012-10-19,706.700011,672.000004,705.580039,GOOGL,22941400
48,347.847844,694.999992,2012-10-18,759.420005,676.000029,755.540039,GOOGL,24859900
49,378.123113,755.489979,2012-10-17,756.34002,740.259985,743.950017,GOOGL,4581200
50,372.722722,744.699999,2012-10-16,746.990004,736.460017,740.129988,GOOGL,4112200
51,370.860875,740.980029,2012-10-15,743.83002,730.700035,741.940005,GOOGL,6032100
52,372.747747,744.749998,2012-10-12,754.869994,744.100013,751.850007,GOOGL,4803500
53,376.116124,751.480016,2012-10-11,758.500028,750.289984,752.899982,GOOGL,4763000
54,372.652654,744.560002,2012-10-10,747.529991,738.290033,741.860007,GOOGL,4075700
55,372.417424,744.090014,2012-10-09,761.32002,742.529991,759.669999,GOOGL,6000300
56,379.299291,757.839983,2012-10-08,763.580026,754.150012,761.000028,GOOGL,3913200
57,384.209203,767.649987,2012-10-05,774.380006,765.009991,770.710035,GOOGL,5466300
58,384.409429,768.050039,2012-10-04,769.889994,759.400006,762.749985,GOOGL,4903400
59,381.631627,762.499991,2012-10-03,763.920018,752.199999,755.720035,GOOGL,4412100
60,378.873876,756.990004,2012-10-02,765.990028,750.269985,765.199986,GOOGL,5574800
61,381.271276,761.780009,2012-10-01,764.999991,756.210023,759.050014,GOOGL,6329600
62,377.627629,754.500003,2012-09-28,759.300008,751.150024,754.150012,GOOGL,5561400
63,378.628636,756.500016,2012-09-27,762.839983,751.650012,759.949992,GOOGL,7854300
64,377.107122,753.460029,2012-09-26,761.240022,741.000028,749.849995,GOOGL,11334400
65,374.954961,749.160012,2012-09-25,764.889994,747.659987,753.050039,GOOGL,12104800
66,375.065068,749.380006,2012-09-24,750.03999,730.249985,731.000028,GOOGL,7120400
67,367.36237,733.990016,2012-09-21,734.919993,730.119989,732.209999,GOOGL,12705400
68,364.424443,728.120037,2012-09-20,731.380019,721.220023,724.470005,GOOGL,5808900
69,364.11411,727.499992,2012-09-19,728.560027,716.410018,717.499992,GOOGL,6190400
70,359.499516,718.280034,2012-09-18,718.660024,706.780009,707.779985,GOOGL,4129400
71,355.345341,709.979992,2012-09-17,712.879983,704.999992,708.110038,GOOGL,3013500
72,355.195195,709.68,2012-09-14,712.99998,707.010004,709.600002,GOOGL,5231700
73,353.373387,706.040027,2012-09-13,709.000016,690.539979,693.090039,GOOGL,5312600
74,345.785802,690.880032,2012-09-12,694.909994,680.880032,689.410006,GOOGL,5279300
75,346.441441,692.19,2012-09-11,700.650037,691.000029,697.959981,GOOGL,3743800
76,350.735753,700.770034,2012-09-10,712.809984,698.390031,709.759998,GOOGL,5114800
77,353.428441,706.150025,2012-09-07,712.249998,697.669988,699.999992,GOOGL,6459500
78,350.050053,699.400007,2012-09-06,699.889995,684.729999,685.96003,GOOGL,6080900
79,340.700719,680.720036,2012-09-05,686.500016,679.140013,679.999992,GOOGL,3412900
80,340.860875,681.040028,2012-09-04,684.999992,673.500029,684.550003,GOOGL,3775400
81,342.887883,685.08999,2012-08-31,688.580027,680.039991,684.000017,GOOGL,4249900
82,341.181187,681.680012,2012-08-30,687.389995,680.179988,684.240011,GOOGL,3250500
83,344.349339,688.00998,2012-08-29,688.990017,676.150025,677.369995,GOOGL,5974600
84,338.963963,677.249998,2012-08-28,677.619989,664.739999,664.999992,GOOGL,4113000
85,334.944951,669.220011,2012-08-27,672.000004,659.240011,662.98998,GOOGL,5222100
86,339.654667,678.630026,2012-08-24,680.449981,674.080015,675.600039,GOOGL,2850300
87,338.738743,676.800009,2012-08-23,680.47998,671.000029,674.27001,GOOGL,3564800
88,338.928929,677.18,2012-08-22,680.600038,666.700012,667.379995,GOOGL,3814500
89,335.090092,669.510004,2012-08-21,677.99998,662.17,673.110038,GOOGL,4439900
90,338.108098,675.539979,2012-08-20,678.87002,672.659988,675.49998,GOOGL,3512600
91,338.908909,677.140001,2012-08-17,677.249998,671.700012,674.120014,GOOGL,4351000
92,336.771763,672.869983,2012-08-16,674.640001,667.080003,667.509992,GOOGL,3431900
93,334.1041,667.539991,2012-08-15,674.250011,664.100014,670.279985,GOOGL,4816500
94,334.664677,668.660025,2012-08-14,672.849984,659.000017,659.250011,GOOGL,7316000
95,330.335331,660.009992,2012-08-13,660.149989,646.680013,647.419994,GOOGL,6529200
96,321.321324,642.000005,2012-08-10,642.239999,636.130026,638.590027,GOOGL,2866300
97,321.496495,642.349996,2012-08-09,646.37002,641.520017,644.510005,GOOGL,2138400
98,321.436436,642.229999,2012-08-08,645.870032,638.500029,639.050016,GOOGL,2641700
99,320.59058,640.539979,2012-08-07,644.260011,636.470018,641.79001,GOOGL,3959600
100,321.731724,642.819985,2012-08-06,649.380008,639.220012,639.610002,GOOGL,3561200
101,320.985997,641.330021,2012-08-03,643.720024,636.140026,639.999993,GOOGL,3790400
102,314.689701,628.750023,2012-08-02,638.02998,623.410032,625.50998,GOOGL,3951400
103,316.656651,632.679988,2012-08-01,639.510005,631.38002,637.299998,GOOGL,3685500
104,316.801792,632.969981,2012-07-31,636.500017,628.220036,628.260035,GOOGL,3727400
105,316.466465,632.299998,2012-07-30,642.59999,629.500005,636.050028,GOOGL,4369000
106,317.797795,634.959994,2012-07-27,634.999993,617.499993,618.89002,GOOGL,7092300
107,306.987003,613.360033,2012-07-26,616.870008,610.029992,614.999993,GOOGL,3367000
108,304.29929,607.989981,2012-07-25,613.380032,605.369984,608.320034,GOOGL,3642300
109,304.089085,607.569991,2012-07-24,617.929982,604.340009,614.999993,GOOGL,4014700
110,308.063053,615.50998,2012-07-23,618.350033,598.250036,600.479981,GOOGL,7116200
111,305.715733,610.820034,2012-07-20,612.939982,598.180037,608.760023,GOOGL,12914400
112,296.826817,593.05998,2012-07-19,598.48003,586.00003,586.140026,GOOGL,9340000
113,290.670689,580.760036,2012-07-18,583.690025,576.130027,576.980006,GOOGL,3093300
114,288.65366,576.730012,2012-07-17,580.670038,568.400032,578.430032,GOOGL,3356800
115,287.747745,574.919995,2012-07-16,579.190013,571.780011,576.370021,GOOGL,2922200
116,288.548557,576.520017,2012-07-13,579.150014,568.550029,572.150002,GOOGL,3948000
117,285.525516,570.479982,2012-07-12,571.930007,562.090004,567.120003,GOOGL,4614900
118,285.880894,571.190025,2012-07-11,577.849985,564.939995,576.300023,GOOGL,6991600
119,291.141148,581.700013,2012-07-10,592.429995,578.740024,590.189989,GOOGL,3842300
120,293.298313,586.01003,2012-07-09,588.600027,581.250024,584.949994,GOOGL,3426700
121,293.283298,585.98003,2012-07-06,593.520029,582.819985,592.449994,GOOGL,4319200
122,298.258274,595.920032,2012-07-05,600.059992,588.540029,588.760023,GOOGL,4687100
123,294.209202,587.829985,2012-07-03,588.410032,577.999981,580.009993,GOOGL,2376600
124,290.525516,580.469982,2012-07-02,582.999981,576.500018,581.82001,GOOGL,3307600
125,290.325321,580.069992,2012-06-29,580.12999,572.200001,574.959994,GOOGL,5033900
126,282.437443,564.31001,2012-06-28,566.230024,557.210001,565.900033,GOOGL,3837900
127,284.93494,569.300011,2012-06-27,573.990018,566.02003,567.699989,GOOGL,3381200
128,282.622623,564.680001,2012-06-26,566.600015,559.480006,562.759987,GOOGL,2697600
129,280.630649,560.700037,2012-06-25,568.089979,557.349997,567.329998,GOOGL,3160000
130,286.026035,571.480018,2012-06-22,571.480018,565.820034,567.999981,GOOGL,4451300
131,282.887882,565.209988,2012-06-21,579.839997,563.730024,579.839997,GOOGL,4018500
132,289.044041,577.509993,2012-06-20,579.999993,573.51003,579.809998,GOOGL,4688700
133,291.056065,581.530017,2012-06-19,584.280011,573.119978,573.590028,GOOGL,4148200
134,285.710728,570.850034,2012-06-18,574.210013,559.250012,562.619991,GOOGL,4988800
135,282.53754,564.510005,2012-06-15,564.520005,557.090004,560.339985,GOOGL,5996300
136,279.804813,559.050017,2012-06-14,565.069992,556.520017,561.300023,GOOGL,4685100
137,280.82584,561.090028,2012-06-13,567.000006,558.680026,561.720013,GOOGL,3904400
138,282.832828,565.099991,2012-06-12,570.299986,558.580028,569.769999,GOOGL,6441900
139,284.53455,568.50003,2012-06-11,585.319985,566.690013,584.210013,GOOGL,5316800
140,290.515507,580.449982,2012-06-08,581.00003,574.580004,575.850034,GOOGL,2817900
141,289.404423,578.230037,2012-06-07,587.889984,577.249999,587.599991,GOOGL,3513400
142,290.575565,580.569979,2012-06-06,581.970006,573.610027,576.480018,GOOGL,4187400
143,285.490482,570.409983,2012-06-05,578.129978,566.470019,575.449982,GOOGL,4675100
144,289.584598,578.590028,2012-06-04,580.489981,570.009993,570.219988,GOOGL,4860500
145,285.775791,570.98003,2012-06-01,572.64999,568.350034,571.790011,GOOGL,6109600
146,290.720737,580.860033,2012-05-31,589.999993,579.000018,588.720024,GOOGL,5930600
147,294.409428,588.230036,2012-05-30,591.900008,583.530029,588.159977,GOOGL,3809500
148,297.467472,594.340009,2012-05-29,599.130014,588.320034,595.810034,GOOGL,5206100
149,296.061069,591.530017,2012-05-25,601.730012,588.280035,601.00003,GOOGL,7156600
150,302.132145,603.660026,2012-05-24,611.920007,598.870021,609.160013,GOOGL,3778800
151,305.035038,609.460006,2012-05-23,609.600003,597.120002,601.650014,GOOGL,6349800
152,300.700718,600.800035,2012-05-22,613.810022,596.00003,613.440031,GOOGL,6097600
153,307.36237,614.110015,2012-05-21,615.690037,599.999993,600.509981,GOOGL,6144600
154,300.500492,600.399983,2012-05-18,632.419995,596.700013,625.09999,GOOGL,11935000
155,311.836827,623.049979,2012-05-17,637.849984,621.230024,633.830021,GOOGL,6700800
156,314.779789,628.930019,2012-05-16,630.09999,615.940031,617.959982,GOOGL,9660500
157,305.860874,611.110027,2012-05-15,614.999993,603.750024,605.349984,GOOGL,4199900
158,302.302311,604.000017,2012-05-14,608.50003,600.579979,600.780035,GOOGL,3645100
159,302.917912,605.229987,2012-05-11,614.550004,604.769999,610.349984,GOOGL,4194600
160,307.13715,613.660026,2012-05-10,616.190025,610.229987,612.959982,GOOGL,3068700
161,304.879887,609.150014,2012-05-09,616.38002,601.81001,606.82001,GOOGL,4652900
162,306.701695,612.789986,2012-05-08,616.900008,600.700037,605.52998,GOOGL,5349200
163,304.079075,607.549992,2012-05-07,610.569979,594.999993,594.999993,GOOGL,3985000
164,298.783787,596.970006,2012-05-04,607.889983,596.81001,605.920032,GOOGL,4410300
165,305.81583,611.020029,2012-05-03,614.829997,608.950019,609.620002,GOOGL,3732200
166,303.933933,607.259999,2012-05-02,608.109978,600.609978,601.200025,GOOGL,3219700
167,302.517521,604.430007,2012-05-01,611.600015,600.189988,603.790023,GOOGL,4000500
168,302.727726,604.849997,2012-04-30,616.080028,600.609978,612.989981,GOOGL,4809700
169,307.797794,614.979993,2012-04-27,616.740011,610.599978,615.019992,GOOGL,3269500
170,308.043034,615.469981,2012-04-26,617.999981,609.70,610.910032,GOOGL,4180800
171,305.165165,609.72,2012-04-25,611.350021,602.879984,604.000017,GOOGL,3638500
172,300.935947,601.270023,2012-04-24,606.630014,597.319998,598.240036,GOOGL,3854300
173,299.099094,597.599991,2012-04-23,598.450031,590.199988,592.899983,GOOGL,4391200
174,298.328342,596.060028,2012-04-20,608.850021,595.830034,604.250011,GOOGL,6110600
175,299.949955,599.30001,2012-04-19,616.260023,599.000017,605.690037,GOOGL,6582600
176,304.029026,607.449994,2012-04-18,612.799986,602.809985,608.04998,GOOGL,5333600
177,305.090092,609.570003,2012-04-17,617.689988,607.010005,608.560028,GOOGL,6041700
178,303.338352,606.070028,2012-04-16,623.810022,601.660014,622.999981,GOOGL,11372800
179,312.612614,624.600003,2012-04-13,648.990017,623.540028,647.549991,GOOGL,16302200
180,325.830845,651.010029,2012-04-12,653.140038,640.259986,642.349996,GOOGL,11501600
181,318.298313,635.96003,2012-04-11,636.000029,631.300022,633.970018,GOOGL,4393600
182,313.743748,626.860008,2012-04-10,634.500005,624.550004,633.520029,GOOGL,4959000
183,315.735752,630.840033,2012-04-09,635.329985,625.289986,628.48003,GOOGL,4361000
184,316.476475,632.319997,2012-04-05,636.430019,628.570028,632.239999,GOOGL,4632700
185,317.892887,635.149989,2012-04-04,639.000017,631.100027,638.45003,GOOGL,3251900
186,321.631626,642.61999,2012-04-03,647.949982,638.640026,645.409983,GOOGL,4085700
187,323.783787,646.920007,2012-04-02,647.499993,634.839997,640.770035,GOOGL,4563800
188,320.940953,641.240023,2012-03-30,653.490029,641.000029,651.750011,GOOGL,4616700
189,324.529545,648.410031,2012-03-29,656.590015,644.30001,653.440031,GOOGL,3844700
190,328.208226,655.760035,2012-03-28,658.590027,651.080027,652.030004,GOOGL,5072700
191,323.833836,647.020004,2012-03-27,653.500029,644.799997,647.030004,GOOGL,4010300
192,324.989994,649.330009,2012-03-26,649.490005,639.540004,644.999993,GOOGL,3634700
193,321.616612,642.58999,2012-03-23,648.500029,640.900032,646.600014,GOOGL,3876500
194,323.348362,646.050028,2012-03-22,648.800022,631.000029,638.500029,GOOGL,4815500
195,320.310307,639.979993,2012-03-21,647.389995,632.509992,634.610002,GOOGL,4934200
196,317.062077,633.49003,2012-03-20,636.060028,627.269998,630.920031,GOOGL,3077900
197,317.307316,633.980018,2012-03-19,637.269998,621.240024,623.119978,GOOGL,4341200
198,312.832829,625.039992,2012-03-16,625.910032,620.049992,620.890032,GOOGL,6094800
199,310.875889,621.130026,2012-03-15,623.500029,614.829997,616.600015,GOOGL,4865300
200,308.303318,615.99003,2012-03-14,622.779986,613.46003,614.999993,GOOGL,5867900
201,309.199192,617.779986,2012-03-13,617.849984,605.54998,608.750023,GOOGL,4487100
202,302.877873,605.149989,2012-03-12,607.000005,599.260011,599.999993,GOOGL,3334600
203,300.425419,600.249987,2012-03-09,611.900008,599.999993,607.949982,GOOGL,5335800
204,303.873875,607.140002,2012-03-08,611.500017,606.350021,610.039992,GOOGL,2688300
205,303.703709,606.80001,2012-03-07,611.190025,605.860033,609.050016,GOOGL,2526400
206,302.78278,604.959994,2012-03-06,608.810022,593.840021,608.04998,GOOGL,6342400
207,307.432438,614.250011,2012-03-05,622.489993,611.38002,620.429982,GOOGL,3183400
208,310.935948,621.250023,2012-03-02,624.000017,620.319985,622.000005,GOOGL,3143400
209,311.511509,622.399995,2012-03-01,625.700037,618.150038,622.259999,GOOGL,4470900
210,309.434452,618.250036,2012-02-29,625.599978,615.499981,618.600027,GOOGL,6267500
211,309.504521,618.390032,2012-02-28,619.769998,607.679989,609.999993,GOOGL,5689500
212,304.959965,609.31001,2012-02-27,612.359996,605.059992,606.590015,GOOGL,3624100
213,305.255253,609.899995,2012-02-24,611.650014,605.509981,607.349997,GOOGL,3867300
214,303.358372,606.110027,2012-02-23,607.939982,600.349985,607.000005,GOOGL,4105800
215,304.274265,607.939982,2012-02-22,616.78001,606.710012,611.960006,GOOGL,3930000
216,307.307316,614.000017,2012-02-21,617.879984,602.879984,603.870021,GOOGL,4956600
217,302.622624,604.640002,2012-02-17,607.62999,602.399995,604.969994,GOOGL,4893300
218,303.563572,606.520017,2012-02-16,608.810022,597.729988,602.819985,GOOGL,5056700
219,303.083073,605.559979,2012-02-15,612.929982,602.559992,612.929982,GOOGL,4846900
220,305.185185,609.759999,2012-02-14,612.000005,604.759999,611.540016,GOOGL,3603700
221,306.406407,612.20,2012-02-13,613.840021,610.019992,610.499981,GOOGL,3628900
222,303.258274,605.910032,2012-02-10,608.129978,604.000017,607.879984,GOOGL,4645700
223,306.036045,611.460018,2012-02-09,614.500005,609.000017,612.020005,GOOGL,4524800
224,305.230229,609.849997,2012-02-08,611.350021,604.739999,608.640026,GOOGL,3669100
225,303.688694,606.770011,2012-02-07,609.390008,603.760023,607.150002,GOOGL,4180000
226,304.849857,609.090015,2012-02-06,610.830034,594.010017,595.009993,GOOGL,7351800
227,298.463474,596.330022,2012-02-03,597.070004,588.04998,590.660038,GOOGL,6330600
228,292.847843,585.109991,2012-02-02,586.41002,582.080004,584.869996,GOOGL,4824500
229,290.705723,580.830034,2012-02-01,585.499981,579.140014,584.939995,GOOGL,4636700
230,290.345341,580.109991,2012-01-31,584.000018,575.14999,582.999981,GOOGL,4280500
231,289.134128,577.689989,2012-01-30,579.999993,573.400032,578.04998,GOOGL,4656300
232,290.280277,579.979994,2012-01-27,580.319986,569.33001,570.780035,GOOGL,7227700
233,284.334324,568.099979,2012-01-26,574.480006,564.550004,571.980006,GOOGL,6445900
234,285.030033,569.490006,2012-01-25,578.710025,566.380021,577.509993,GOOGL,9965400
235,290.755772,580.930032,2012-01-24,587.679989,577.999981,586.320022,GOOGL,6105400
236,293.053043,585.519981,2012-01-23,588.660026,583.159977,586.00003,GOOGL,6818900
237,293.288303,585.99003,2012-01-20,591.00003,581.700013,590.52998,GOOGL,21131400
238,320.105107,639.570003,2012-01-19,640.990029,631.460018,640.990029,GOOGL,12597900
239,316.771763,632.909983,2012-01-18,634.000017,622.120002,626.630014,GOOGL,5517800
240,314.604618,628.580027,2012-01-17,631.980005,625.680037,631.980005,GOOGL,3814700
241,312.807804,624.989993,2012-01-13,626.950006,621.060028,626.260023,GOOGL,4609900
242,315.135136,629.640002,2012-01-12,632.889983,626.500017,631.220024,GOOGL,3746600
243,313.293308,625.96003,2012-01-11,629.390008,621.120026,623.500029,GOOGL,4795200
244,311.881901,623.140038,2012-01-10,633.800022,616.910007,629.749999,GOOGL,8782400
245,311.541538,622.459994,2012-01-09,647.000005,621.230024,646.500017,GOOGL,11633500
246,325.335331,650.019992,2012-01-06,659.999992,649.789998,659.150013,GOOGL,5380400
247,329.834843,659.010017,2012-01-05,663.970017,656.230023,662.130001,GOOGL,6559200
248,334.474492,668.280034,2012-01-04,670.249986,660.620038,665.029992,GOOGL,5722200
249,333.038029,665.409982,2012-01-03,668.150037,652.369996,652.939982,GOOGL,7345600
250,323.273289,645.900032,2011-12-30,646.760011,642.020004,642.020004,GOOGL,3561000
251,321.521519,642.399995,2011-12-29,642.99998,635.199988,641.490017,GOOGL,3147600
252,320.17017,639.70,2011-12-28,644.999993,638.099978,642.749986,GOOGL,4250100
253,320.445439,640.249987,2011-12-27,644.490005,632.000005,632.050004,GOOGL,3209500
254,316.886906,633.140038,2011-12-23,634.68,630.559979,632.000005,GOOGL,2904400
255,315.165165,629.70,2011-12-22,631.730011,627.010005,627.949982,GOOGL,3640900
256,313.22324,625.820034,2011-12-21,631.820009,618.960018,630.009992,GOOGL,4990800
257,315.500492,630.369984,2011-12-20,631.840009,627.989981,627.999981,GOOGL,4771600
258,311.226231,621.830009,2011-12-19,628.500029,619.999993,628.00998,GOOGL,4282700
259,313.293308,625.96003,2011-12-16,629.320009,621.470018,624.320009,GOOGL,8909600
260,310.080082,619.540004,2011-12-15,624.000017,618.690025,622.519992,GOOGL,4812300
261,309.344334,618.069979,2011-12-14,624.320009,612.489993,621.850009,GOOGL,7799500
262,313.128147,625.630038,2011-12-13,636.560016,622.849984,628.760023,GOOGL,8048300
263,313.008,625.389983,2011-12-12,626.180025,620.289986,621.880008,GOOGL,4363400
264,314.024021,627.419995,2011-12-09,629.130014,617.010005,617.999981,GOOGL,5526800
265,308.333347,616.050028,2011-12-08,627.449994,615.299986,621.040028,GOOGL,4821300
266,312.007023,623.390032,2011-12-07,625.660038,618.099978,621.680013,GOOGL,4510000
267,312.197209,623.770023,2011-12-06,628.620026,620.239987,622.989981,GOOGL,4648300
268,313.138157,625.650038,2011-12-05,631.900007,622.399995,627.639989,GOOGL,6388600
269,310.490483,620.359984,2011-12-02,624.000017,616.260023,617.050004,GOOGL,8163200
270,307.192204,613.770023,2011-12-01,616.000029,599.000017,599.999993,GOOGL,7233900
271,299.994999,599.390008,2011-11-30,599.510005,592.090003,597.949982,GOOGL,6787200
272,291.756748,582.929983,2011-11-29,590.359984,581.330022,587.879984,GOOGL,3659900
273,294.389408,588.190037,2011-11-28,588.820022,576.500018,579.370009,GOOGL,5652100
274,281.781772,562.999981,2011-11-25,574.270011,561.330022,565.189989,GOOGL,3121600
275,285.340336,570.109991,2011-11-23,580.249987,570.109991,575.349985,GOOGL,4646900
276,290.290287,579.999993,2011-11-22,584.969994,575.239988,579.999993,GOOGL,4805700
277,290.760776,580.940031,2011-11-21,588.50003,572.090003,587.759987,GOOGL,5996500
278,297.737736,594.879996,2011-11-18,604.500005,593.750024,602.000005,GOOGL,6568800
279,300.735752,600.870033,2011-11-17,612.289998,596.780011,610.049992,GOOGL,6979600
280,306.04105,611.470018,2011-11-16,618.300034,610.609978,612.080003,GOOGL,5211700
281,308.588597,616.560016,2011-11-15,618.079979,610.499981,612.799986,GOOGL,5346600
282,306.806797,612.999981,2011-11-14,618.079979,607.779986,607.999981,GOOGL,6371000
283,304.479496,608.350033,2011-11-11,612.090003,598.600027,601.300022,GOOGL,7946000
284,297.837833,595.079991,2011-11-10,605.950031,591.560016,605.930031,GOOGL,5731000
285,300.775791,600.950031,2011-11-09,609.390008,598.660026,604.260011,GOOGL,7414500
286,306.476475,612.339997,2011-11-08,614.370008,603.600027,609.000017,GOOGL,6052700
287,304.469486,608.330034,2011-11-07,608.780023,592.23,593.320034,GOOGL,6708000
288,298.368382,596.140026,2011-11-04,599.739999,592.429995,593.50003,GOOGL,5663900
289,299.049046,597.499993,2011-11-03,597.499993,583.720024,587.000005,GOOGL,5334200
290,292.702702,584.819998,2011-11-02,587.959982,580.479982,584.899996,GOOGL,4237500
291,289.614628,578.650026,2011-11-01,585.509981,576.750012,580.099991,GOOGL,6243900
292,296.616611,592.63999,2011-10-31,599.690001,591.670013,595.089991,GOOGL,5110400
293,300.370365,600.13999,2011-10-28,602.299998,594.250011,594.520005,GOOGL,5010900
294,299.634647,598.670026,2011-10-27,602.699988,593.300035,598.420032,GOOGL,7553000
295,293.44846,586.310022,2011-10-26,590.179989,572.859985,589.550004,GOOGL,5740400
296,291.87186,583.159977,2011-10-25,594.999993,582.849985,593.099979,GOOGL,5075900
297,298.508518,596.420019,2011-10-24,599.969994,586.500018,586.720012,GOOGL,6846900
298,295.540531,590.489981,2011-10-21,592.749987,586.700013,589.510005,GOOGL,6775200
299,292.12714,583.670026,2011-10-20,588.89002,579.510005,581.900008,GOOGL,6751200
300,290.640659,580.700037,2011-10-19,592.060004,579.220012,587.339997,GOOGL,5857100
301,295.550541,590.509981,2011-10-18,592.559992,577.399996,580.189989,GOOGL,7593900
302,291.496494,582.409995,2011-10-17,591.83001,577.999981,583.720024,GOOGL,8008300
303,296.136143,591.680013,2011-10-14,599.600003,587.569992,599.470006,GOOGL,17042700
304,279.774784,558.990018,2011-10-13,559.000018,548.019981,550.029993,GOOGL,11363800
305,274.52454,548.50003,2011-10-12,555.229988,544.630003,548.129978,GOOGL,6349200
306,271.86185,543.179977,2011-10-11,546.800011,533.460031,533.460031,GOOGL,5701000
307,268.853855,537.170002,2011-10-10,537.469995,523.199977,525.17999,GOOGL,4639700
308,257.817813,515.119991,2011-10-07,520.499982,510.300017,516.83001,GOOGL,5706000
309,257.612613,514.710001,2011-10-06,515.229988,502.599992,507.499994,GOOGL,6841700
310,252.602603,504.700001,2011-10-05,507.800017,480.770006,496.349992,GOOGL,9059100
311,251.201206,501.900009,2011-10-04,503.440002,480.60001,490.029994,GOOGL,8309200
312,248.008014,495.520012,2011-10-03,512.000006,494.999994,509.849998,GOOGL,8939800
313,257.777774,515.039993,2011-09-30,524.000018,514.380009,520.209989,GOOGL,5441700
314,264.014011,527.499994,2011-09-29,537.299999,519.410008,536.040029,GOOGL,5807300
315,264.684696,528.840022,2011-09-28,544.020018,527.699989,541.500018,GOOGL,4522000
316,269.939945,539.34001,2011-09-27,547.050005,536.050029,538.199977,GOOGL,6015700
317,266.211216,531.890009,2011-09-26,532.929983,513.250037,527.25,GOOGL,5263100
318,263.018009,525.509982,2011-09-23,526.42002,514.500006,516.560017,GOOGL,5549000
319,260.59058,520.659978,2011-09-22,528.780024,514.000018,526.250024,GOOGL,8791700
320,269.869877,539.200013,2011-09-21,554.999994,538.860022,547.689989,GOOGL,5023500
321,273.588596,546.630015,2011-09-20,558.52003,542.66999,549.400008,GOOGL,5552600
322,273.608616,546.670014,2011-09-19,549.899996,535.379985,540.349985,GOOGL,4931800
323,273.61362,546.680014,2011-09-16,546.84001,543.139978,544.799999,GOOGL,7061500
324,271.551548,542.559992,2011-09-15,544.979994,534.560005,535.499982,GOOGL,5915600
325,266.301303,532.070004,2011-09-14,536.950007,525.820035,532.589992,GOOGL,5383400
326,265.025028,529.520006,2011-09-13,533.880021,523.400033,532.000006,GOOGL,4703600
327,265.325321,530.119991,2011-09-12,531.990006,517.499994,517.959983,GOOGL,5335400
328,262.687686,524.849998,2011-09-09,534.650002,521.190026,531.400021,GOOGL,6531000
329,267.747745,534.959995,2011-09-08,539.100016,531.900009,533.800023,GOOGL,4756200
330,267.282291,534.030018,2011-09-07,535.940032,527.399996,530.449983,GOOGL,5506000
331,261.351352,522.180002,2011-09-06,522.759988,510.500012,510.800005,GOOGL,5426100
332,262.682682,524.839998,2011-09-02,527.919984,520.730037,524.470007,GOOGL,4797500
333,266.516513,532.499994,2011-09-01,543.830022,531.220025,540.750036,GOOGL,4826100
334,270.750766,540.960031,2011-08-31,546.300023,536.00003,544.74,GOOGL,5381200
335,270.620609,540.699977,2011-08-30,542.989982,530.810035,538.189977,GOOGL,5972000
336,269.809818,539.080016,2011-08-29,539.450007,533.560029,534.560005,GOOGL,4666900
337,263.693698,526.86001,2011-08-26,530.449983,513.139978,519.989994,GOOGL,7185400
338,260.280277,520.039993,2011-08-25,537.269999,518.300035,530.379985,GOOGL,6579400
339,261.906925,523.290036,2011-08-24,529.999994,517.230001,519.33001,GOOGL,7181800
340,259.669681,518.820023,2011-08-23,521.410021,499.060017,503.50,GOOGL,8684900
341,249.334339,498.170008,2011-08-22,507.000006,494.530006,504.000019,GOOGL,9801900
342,245.705707,490.920002,2011-08-19,514.869997,490.860004,499.34001,GOOGL,10809100
343,252.692691,504.879997,2011-08-18,524.889997,500.490013,523.470031,GOOGL,12568800
344,266.841831,533.149978,2011-08-17,543.690026,530.770036,540.029993,GOOGL,8150000
345,269.769779,539.000018,2011-08-16,552.439995,530.299987,552.429995,GOOGL,13864900
346,278.893894,557.23,2011-08-15,564.989994,546.050029,553.430032,GOOGL,14275500
347,282.167179,563.770024,2011-08-12,570.499981,560.399984,569.500006,GOOGL,6302200
348,281.346348,562.130003,2011-08-11,568.50003,548.410032,553.820022,GOOGL,9651500
349,274.779789,549.010018,2011-08-10,564.120015,547.729988,561.380021,GOOGL,10728400
350,286.992008,573.410032,2011-08-09,574.610003,541.01003,561.00003,GOOGL,12926400
351,273.283298,546.02003,2011-08-08,569.000018,544.35001,562.979982,GOOGL,14978200
352,289.809818,579.040017,2011-08-05,589.999993,562.000006,582.539992,GOOGL,11846300
353,289.049045,577.519993,2011-08-04,598.850021,577.469994,594.500005,GOOGL,9819300
354,300.885899,601.170026,2011-08-03,602.999981,583.630027,594.270011,GOOGL,7643700
355,296.496494,592.399996,2011-08-02,609.670001,591.570016,606.00003,GOOGL,6394700
356,303.688694,606.770011,2011-08-01,615.499981,599.180013,611.220024,GOOGL,7924200
357,302.14716,603.690025,2011-07-29,614.959994,603.690025,604.230012,GOOGL,8266500
358,305.775791,610.940031,2011-07-28,615.98003,602.999981,605.189988,GOOGL,6210500
359,303.913914,607.22,2011-07-27,620.950031,604.749999,617.180001,GOOGL,7860900
360,311.571568,622.519992,2011-07-26,627.499993,617.22,618.049979,GOOGL,4681100
361,309.799809,618.980018,2011-07-25,625.409983,612.999981,613.360033,GOOGL,6256900
362,309.424442,618.230036,2011-07-22,619.500005,604.270011,605.389984,GOOGL,7049300
363,303.798802,606.990005,2011-07-21,608.059979,594.010017,594.030017,GOOGL,6932000
364,297.972965,595.349985,2011-07-20,602.829985,595.349985,602.180001,GOOGL,4451100
365,301.576572,602.549992,2011-07-19,604.680001,595.52998,596.140026,GOOGL,5929000
366,297.767765,594.939995,2011-07-18,602.050004,592.000005,592.489993,GOOGL,8927600
367,299.109104,597.61999,2011-07-15,600.249987,588.159977,597.499993,GOOGL,27436700
368,264.734745,528.94002,2011-07-14,542.000006,526.730013,539.120015,GOOGL,13285700
369,269.399418,538.260036,2011-07-13,544.000018,536.480019,537.000006,GOOGL,5574800
370,267.272281,534.010018,2011-07-12,539.420008,526.000031,528.159978,GOOGL,5676700
371,263.903904,527.279999,2011-07-11,535.980031,525.499982,528.179977,GOOGL,5672900
372,266.261264,531.990006,2011-07-08,537.64999,527.27,532.949983,GOOGL,9530800
373,273.573581,546.600016,2011-07-07,550.679977,535.880033,541.00003,GOOGL,7863100
374,267.94794,535.359985,2011-07-06,538.51003,533.039981,533.50003,GOOGL,5385800
375,266.486484,532.439995,2011-07-05,535.399984,525.299987,525.299987,GOOGL,7690700
376,260.775791,521.03003,2011-07-01,521.180026,506.380021,506.740013,GOOGL,7266100
377,253.443454,506.380021,2011-06-30,506.670014,501.500019,501.990007,GOOGL,4851900
378,249.03403,497.569993,2011-06-29,500.250019,492.379997,496.540018,GOOGL,4681300
379,247.07207,493.649997,2011-06-28,496.209995,484.020018,484.020018,GOOGL,5424700
380,241.64165,482.800018,2011-06-27,488.400003,473.599998,474.000019,GOOGL,6882500
381,237.677676,474.879997,2011-06-24,480.750007,473.020012,480.680008,GOOGL,7603500
382,240.35036,480.22002,2011-06-23,482.860016,473.729995,482.130003,GOOGL,9593700
383,243.748752,487.010006,2011-06-22,492.349998,486.730013,491.45002,GOOGL,4809300
384,246.746753,493.000013,2011-06-21,493.94002,484.730001,487.190002,GOOGL,5525200
385,242.532535,484.580005,2011-06-20,486.229995,479.230013,484.999994,GOOGL,6051100
386,242.75275,485.019994,2011-06-17,506.690014,484.799999,506.179996,GOOGL,10480300
387,250.435443,500.370016,2011-06-16,506.570017,496.670015,502.810017,GOOGL,5508400
388,251.726734,502.950014,2011-06-15,508.350004,500.61001,505.029993,GOOGL,4142400
389,254.439441,508.370003,2011-06-14,514.080017,506.990007,508.150009,GOOGL,4678300
390,252.617618,504.730001,2011-06-13,510.20002,502.170002,509.999994,GOOGL,4849700
391,255.010013,509.510006,2011-06-10,516.690014,509.290011,514.080017,GOOGL,4874900
392,258.62363,516.730013,2011-06-09,519.999994,515.639978,519.999994,GOOGL,3374800
393,259.844852,519.170014,2011-06-08,521.240025,515.780036,516.530018,GOOGL,3303400
394,259.774784,519.030018,2011-06-07,524.630003,518.990019,522.889984,GOOGL,3811300
395,260.790805,521.060029,2011-06-06,526.820011,519.250012,523.54003,GOOGL,3880300
396,261.801792,523.07998,2011-06-03,527.599991,521.500018,522.000006,GOOGL,3493500
397,264.294284,528.05998,2011-06-02,530.299987,522.479994,527.569992,GOOGL,4404500
398,263.063053,525.599979,2011-06-01,533.199977,525.309986,528.039981,GOOGL,5905800
399,264.774784,529.020018,2011-05-31,529.050017,523.500031,524.999994,GOOGL,5369200
400,260.710727,520.900033,2011-05-27,521.790011,516.300023,518.480031,GOOGL,3488100
401,259.324314,518.129979,2011-05-26,522.120003,514.999994,517.699989,GOOGL,4232700
402,260.095096,519.670002,2011-05-25,522.769987,517.25,517.329998,GOOGL,2600500
403,259.389408,518.260036,2011-05-24,523.960019,518.149978,520.369985,GOOGL,3796200
404,259.454471,518.390033,2011-05-23,519.999994,513.400033,516.600016,GOOGL,4595400
405,262.277286,524.030018,2011-05-20,531.990006,523.129979,531.800011,GOOGL,4630300
406,265.890903,531.250024,2011-05-19,536.540017,529.720001,532.729988,GOOGL,4932400
407,265.170169,529.809999,2011-05-18,530.329986,525.699977,529.540005,GOOGL,3902400
408,265.495487,530.459983,2011-05-17,531.220025,515.029993,515.429984,GOOGL,6600500
409,259.469486,518.420033,2011-05-16,527.27,516.400021,526.310023,GOOGL,5910400
410,265.040042,529.550005,2011-05-13,535.920032,529.050017,534.610003,GOOGL,4213100
411,267.792789,535.049993,2011-05-12,536.940007,530.910033,535.239988,GOOGL,2893700
412,267.992984,535.449983,2011-05-11,543.550029,533.690026,540.13999,GOOGL,4672900
413,271.601597,542.65999,2011-05-10,544.430008,537.539993,539.999994,GOOGL,4081700
414,269.109104,537.679989,2011-05-09,538.490031,531.100028,534.999994,GOOGL,3893500
415,267.917911,535.299987,2011-05-06,541.460019,535.179989,538.149978,GOOGL,4108000
416,267.402408,534.270012,2011-05-05,539.420008,531.500018,533.860022,GOOGL,3991600
417,268.163181,535.790036,2011-05-04,539.000018,533.019981,535.16999,GOOGL,4229700
418,267.212223,533.890021,2011-05-03,542.010006,529.630003,537.130003,GOOGL,4158800
419,269.549564,538.560029,2011-05-02,545.730037,537.120003,545.699977,GOOGL,4263100
420,272.32233,544.100016,2011-04-29,544.100016,538.51003,539.999994,GOOGL,8448500
421,269.254245,537.969982,2011-04-28,539.250012,534.080016,538.05998,GOOGL,3996000
422,269.149143,537.759987,2011-04-27,538.109979,534.35001,537.999982,GOOGL,4592200
423,266.67667,532.819986,2011-04-26,537.439995,525.209989,526.520018,GOOGL,6993000
424,262.787784,525.049993,2011-04-25,527.000006,522.010006,525.249988,GOOGL,3258300
425,262.812809,525.099992,2011-04-21,528.280036,522.389997,527.489994,GOOGL,4935200
426,263.128147,525.730037,2011-04-20,526.820011,521.390021,525.900033,GOOGL,6113800
427,261.026035,521.530018,2011-04-19,530.880033,520.900033,529.949995,GOOGL,5362800
428,263.683689,526.84001,2011-04-18,527.65999,519.000018,526.42002,GOOGL,10069500
429,265.615604,530.699977,2011-04-15,545.750036,530.059992,545.289987,GOOGL,28059300
430,289.544559,578.51003,2011-04-14,579.450007,572.100003,575.189989,GOOGL,10901600
431,288.42844,576.280023,2011-04-13,577.599991,571.750012,575.509981,GOOGL,4134600
432,285.59058,570.609979,2011-04-12,576.910008,568.04998,574.999993,GOOGL,4167000
433,288.973972,577.369997,2011-04-11,578.099979,572.999981,576.200025,GOOGL,3712600
434,289.369358,578.159977,2011-04-08,584.889996,578.05998,584.889996,GOOGL,3799700
435,290.290287,579.999993,2011-04-07,580.639978,574.190013,575.730037,GOOGL,5057900
436,287.377384,574.180013,2011-04-06,575.159989,567.999981,572.180001,GOOGL,5331200
437,284.829838,569.090016,2011-04-05,581.490018,565.679977,581.080028,GOOGL,12082900
438,294.134129,587.679989,2011-04-04,594.739999,583.099979,592.999981,GOOGL,4104800
439,296.196201,591.80001,2011-04-01,595.189989,588.760023,588.760023,GOOGL,5221100
440,293.673679,586.760011,2011-03-31,588.159977,581.740012,582.999981,GOOGL,4054700
441,291.211216,581.840009,2011-03-30,585.499981,580.579979,584.380008,GOOGL,2841700
442,291.156162,581.730012,2011-03-29,581.890008,573.009981,576.00003,GOOGL,3206300
443,287.96796,575.359985,2011-03-28,584.989994,574.71,582.070004,GOOGL,4432300
444,290.16016,579.74,2011-03-25,586.910008,579.240012,586.880008,GOOGL,5711000
445,293.738743,586.890008,2011-03-24,588.390032,578.800023,585.429983,GOOGL,4193200
446,291.371372,582.160002,2011-03-23,582.449995,572.000006,575.189989,GOOGL,3628700
447,288.948948,577.319998,2011-03-22,579.230012,572.509993,577.269999,GOOGL,3770000
448,288.538547,576.500018,2011-03-21,579.799998,569.020017,570.219988,GOOGL,6035700
449,280.810825,561.060029,2011-03-18,567.989982,559.74,564.640002,GOOGL,6590600
450,280.960972,561.360021,2011-03-17,569.000018,560.53998,564.480006,GOOGL,5792800
451,278.82883,557.100003,2011-03-16,569.789999,551.280023,568.009981,GOOGL,7589400
452,285.065067,569.560004,2011-03-15,571.00003,555.499981,557.499994,GOOGL,8003100
453,285.280277,569.989994,2011-03-14,578.290035,568.019981,572.799986,GOOGL,5626500
454,288.64365,576.710013,2011-03-11,579.999993,573.330034,578.220037,GOOGL,6057900
455,290.440433,580.299986,2011-03-10,586.620015,579.450007,585.439983,GOOGL,6249900
456,296.181187,591.770011,2011-03-09,594.510005,585.750036,591.00003,GOOGL,4297600
457,296.45145,592.309998,2011-03-08,597.979981,590.199988,592.929983,GOOGL,4565200
458,296.126133,591.660014,2011-03-07,603.690025,587.000005,600.54998,GOOGL,6918400
459,300.6106,600.619978,2011-03-04,608.980018,600.199988,608.330034,GOOGL,6015900
460,305.085087,609.560004,2011-03-03,611.490018,604.999993,606.38002,GOOGL,3886700
461,300.695713,600.790035,2011-03-02,606.00003,595.189989,599.799998,GOOGL,4049300
462,300.680698,600.760036,2011-03-01,619.220012,599.30001,617.779986,GOOGL,6639700
463,307.007023,613.400032,2011-02-28,616.490018,608.009981,609.999993,GOOGL,4558400
464,305.325321,610.039992,2011-02-25,614.72,609.500005,611.860009,GOOGL,3860900
465,304.714726,608.820022,2011-02-24,613.089979,601.350021,611.39002,GOOGL,5417900
466,305.965977,611.320022,2011-02-23,614.70,604.000017,610.329985,GOOGL,5773400
467,305.410404,610.209988,2011-02-22,624.929995,607.769986,620.029992,GOOGL,7272500
468,315.355351,630.079991,2011-02-18,631.180025,624.180013,626.000029,GOOGL,6429300
469,312.942936,625.259986,2011-02-17,627.249999,620.279986,621.250023,GOOGL,2954600
470,312.422428,624.220012,2011-02-16,626.500017,622.100003,625.630038,GOOGL,3364600
471,312.387394,624.150014,2011-02-15,630.089991,623.099978,627.319997,GOOGL,4179800
472,314.389408,628.150038,2011-02-14,629.640002,620.039992,623.340033,GOOGL,4251700
473,312.562565,624.500005,2011-02-11,624.999993,612.999981,613.790022,GOOGL,5174600
474,308.528538,616.440019,2011-02-10,617.499993,611.560016,613.90002,GOOGL,4664100
475,308.558567,616.500017,2011-02-09,619.450006,612.339997,616.870008,GOOGL,3681300
476,309.499516,618.380032,2011-02-08,619.630002,614.510005,614.929995,GOOGL,3386400
477,307.452458,614.29001,2011-02-07,618.390032,609.210012,610.159989,GOOGL,3595600
478,305.795811,610.98003,2011-02-04,611.440019,606.610015,610.149989,GOOGL,3098400
479,305.380375,610.149989,2011-02-03,611.450019,606.130026,609.480006,GOOGL,2987200
480,306.306309,612.000005,2011-02-02,614.340009,607.529992,611.00003,GOOGL,3517800
481,305.82584,611.040029,2011-02-01,613.350033,603.109978,604.490005,GOOGL,5485100
482,300.480473,600.359984,2011-01-31,604.470006,595.54998,603.600027,GOOGL,5604100
483,300.795811,600.99003,2011-01-28,620.359984,599.759999,619.070016,GOOGL,8453700
484,308.703709,616.79001,2011-01-27,619.70,613.250036,617.889983,GOOGL,4034300
485,308.558567,616.500017,2011-01-26,622.489993,615.279986,620.329985,GOOGL,4072100
486,310.265263,619.909995,2011-01-25,620.690037,606.520017,608.200037,GOOGL,7286300
487,305.84586,611.080028,2011-01-24,612.489993,601.230024,607.569991,GOOGL,9189200
488,306.221226,611.830009,2011-01-21,641.730011,611.360021,639.580003,GOOGL,17790900
489,313.698704,626.770011,2011-01-20,634.080015,623.290035,632.21,GOOGL,10960600
490,316.191197,631.750011,2011-01-19,642.959981,629.660001,642.120002,GOOGL,6805300
491,320.135136,639.630002,2011-01-18,641.990005,625.269986,626.060028,GOOGL,7226700
492,312.402409,624.180013,2011-01-14,624.270011,617.080003,617.399995,GOOGL,4726400
493,308.65366,616.690013,2011-01-13,619.670001,614.160013,616.970006,GOOGL,2665300
494,308.743748,616.870008,2011-01-12,619.350009,614.769999,619.350009,GOOGL,3262100
495,308.313328,616.010029,2011-01-11,618.800022,614.500005,617.709988,GOOGL,2875700
496,307.412419,614.210012,2011-01-10,615.389983,608.560028,614.799998,GOOGL,3155200
497,308.528538,616.440019,2011-01-07,618.250036,610.12999,615.910032,GOOGL,4198100
498,307.057072,613.50003,2011-01-06,618.430031,610.049992,610.680037,GOOGL,4111400
499,304.839848,609.070016,2011-01-05,610.329985,600.049992,600.069991,GOOGL,5059500
500,301.361363,602.120002,2011-01-04,606.180025,600.11999,605.619978,GOOGL,3645300
501,302.477482,604.350009,2011-01-03,605.589979,596.480018,596.480018,GOOGL,4725600
