,Adj_Close,Close,Date,High,Low,Open,Symbol,Volume
0,32.722916,35.860001,2012-12-31,35.970001,35.27,35.290001,XLNX,2227500
1,32.221032,35.310001,2012-12-28,35.82,35.290001,35.529999,XLNX,1683700
2,32.649913,35.779999,2012-12-27,35.919998,35.330002,35.849998,XLNX,1832300
3,32.695542,35.830002,2012-12-26,36.330002,35.75,36.029999,XLNX,1105300
4,32.814167,35.959999,2012-12-24,36.080002,35.799999,36.00,XLNX,611100
5,32.941919,36.099998,2012-12-21,36.240002,35.549999,35.939999,XLNX,3961000
6,33.124423,36.299999,2012-12-20,36.439999,35.790001,36.07,XLNX,2046200
7,32.896293,36.049999,2012-12-19,36.41,36.009998,36.009998,XLNX,2745300
8,32.823294,35.970001,2012-12-18,36.290001,35.580002,35.650002,XLNX,2840400
9,32.376158,35.48,2012-12-17,35.599998,35.169998,35.43,XLNX,2738100
10,32.275781,35.369999,2012-12-14,35.689999,35.09,35.27,XLNX,2012600
11,32.230155,35.32,2012-12-13,36.060001,35.27,35.599998,XLNX,2391600
12,32.567786,35.689999,2012-12-12,35.970001,35.59,35.779999,XLNX,1808800
13,32.549535,35.669998,2012-12-11,35.709999,35.09,35.220001,XLNX,2520700
14,32.011153,35.080002,2012-12-10,35.360001,34.82,34.889999,XLNX,2105100
15,31.810398,34.860001,2012-12-07,34.880001,34.369999,34.549999,XLNX,1746200
16,31.454516,34.470001,2012-12-06,34.73,34.299999,34.34,XLNX,1471700
17,31.39064,34.400002,2012-12-05,34.48,34.009998,34.23,XLNX,2276800
18,31.335888,34.34,2012-12-04,34.549999,34.119999,34.389999,XLNX,1706600
19,31.354138,34.360001,2012-12-03,34.889999,34.27,34.830002,XLNX,1416100
20,31.61877,34.650002,2012-11-30,34.75,34.189999,34.32,XLNX,2700200
21,31.262884,34.259998,2012-11-29,34.779999,34.200001,34.59,XLNX,3562400
22,31.509265,34.529999,2012-11-28,34.549999,33.400002,33.950001,XLNX,1851800
23,31.107758,34.09,2012-11-27,34.450001,33.970001,34.139999,XLNX,1670100
24,31.281135,34.279999,2012-11-26,34.459999,34.049999,34.139999,XLNX,1765800
25,31.199008,34.189999,2012-11-23,34.299999,33.82,33.93,XLNX,726700
26,30.751876,33.700001,2012-11-21,33.810001,33.50,33.52,XLNX,1780100
27,30.688,33.630001,2012-11-20,33.700001,33.209999,33.419998,XLNX,2070700
28,30.569372,33.50,2012-11-19,33.50,32.82,32.860001,XLNX,2289100
29,29.711606,32.560001,2012-11-16,32.880001,32.130001,32.759998,XLNX,4435200
30,30.012735,32.889999,2012-11-15,33.77,32.880001,33.639999,XLNX,3279200
31,30.733625,33.68,2012-11-14,34.290001,33.560001,33.77,XLNX,4569300
32,30.277366,33.18,2012-11-13,33.619999,33.119999,33.279999,XLNX,3705100
33,30.596746,33.529999,2012-11-12,33.810001,33.299999,33.619999,XLNX,1304300
34,30.651499,33.59,2012-11-09,33.869999,33.43,33.560001,XLNX,2049200
35,30.697124,33.639999,2012-11-08,34.450001,33.619999,33.810001,XLNX,4411000
36,30.961755,33.93,2012-11-07,34.48,33.380001,33.689999,XLNX,4655000
37,31.080383,34.060001,2012-11-06,34.099998,33.34,33.470001,XLNX,2263500
38,30.514619,33.439999,2012-11-05,33.509998,32.709999,32.790001,XLNX,1976600
39,30.085736,33.189999,2012-11-02,33.82,33.150002,33.790001,XLNX,2391800
40,30.33955,33.470001,2012-11-01,33.630001,32.619999,32.93,XLNX,3739700
41,29.70502,32.77,2012-10-31,32.990002,32.540001,32.93,XLNX,1614200
42,29.75941,32.830002,2012-10-26,32.950001,32.41,32.50,XLNX,2214100
43,29.505596,32.549999,2012-10-25,32.700001,32.34,32.459999,XLNX,1929100
44,29.161136,32.169998,2012-10-24,33.34,32.119999,33.220001,XLNX,5956500
45,29.967897,33.060001,2012-10-23,33.189999,32.540001,32.810001,XLNX,2289400
46,30.03135,33.130001,2012-10-22,33.369999,32.84,33.049999,XLNX,1308200
47,29.967897,33.060001,2012-10-19,33.689999,32.869999,33.689999,XLNX,2539300
48,30.520841,33.669998,2012-10-18,34.09,33.290001,33.889999,XLNX,3633400
49,30.783718,33.959999,2012-10-17,34.360001,33.32,33.630001,XLNX,3289800
50,30.584297,33.740002,2012-10-16,33.950001,33.080002,33.23,XLNX,1653300
51,30.04948,33.150002,2012-10-15,33.200001,32.740002,32.799999,XLNX,1648500
52,29.623438,32.68,2012-10-12,33.32,32.68,32.959999,XLNX,2728000
53,29.72315,32.790001,2012-10-11,33.139999,32.650002,32.990002,XLNX,1904000
54,29.596245,32.650002,2012-10-10,32.950001,32.330002,32.560001,XLNX,3201200
55,30.140126,33.25,2012-10-09,33.799999,33.169998,33.669998,XLNX,2492300
56,30.566168,33.720001,2012-10-08,34.049999,33.59,33.830002,XLNX,1348500
57,30.874367,34.060001,2012-10-05,34.52,33.98,34.139999,XLNX,1829800
58,30.847171,34.029999,2012-10-04,34.189999,33.599998,33.82,XLNX,1939300
59,30.602424,33.759998,2012-10-03,34.060001,33.59,33.869999,XLNX,1930500
60,30.674943,33.84,2012-10-02,34.029999,33.59,33.689999,XLNX,2020800
61,30.439262,33.580002,2012-10-01,33.959999,33.450001,33.68,XLNX,3429000
62,30.285161,33.41,2012-09-28,33.639999,33.330002,33.52,XLNX,2552500
63,30.584297,33.740002,2012-09-27,33.869999,33.150002,33.650002,XLNX,3058300
64,30.33955,33.470001,2012-09-26,33.900002,33.25,33.84,XLNX,2051100
65,30.64775,33.810001,2012-09-25,34.689999,33.779999,34.619999,XLNX,2469900
66,31.146308,34.360001,2012-09-24,34.860001,34.330002,34.700001,XLNX,2230200
67,31.681125,34.950001,2012-09-21,35.310001,34.939999,35.099998,XLNX,2265100
68,31.681125,34.950001,2012-09-20,35.139999,34.68,34.720001,XLNX,2040700
69,31.789901,35.07,2012-09-19,35.299999,34.959999,35.169998,XLNX,1744000
70,32.007455,35.310001,2012-09-18,35.50,34.950001,35.169998,XLNX,2162800
71,31.835223,35.119999,2012-09-17,35.459999,34.889999,35.299999,XLNX,1543300
72,31.934936,35.23,2012-09-14,35.810001,34.759998,34.919998,XLNX,4429200
73,31.608606,34.869999,2012-09-13,35.119999,34.549999,34.91,XLNX,3773300
74,31.681125,34.950001,2012-09-12,35.07,34.619999,34.889999,XLNX,2596200
75,31.617673,34.880001,2012-09-11,34.919998,34.509998,34.59,XLNX,2267300
76,31.391055,34.630001,2012-09-10,34.990002,34.610001,34.619999,XLNX,2578400
77,31.608606,34.869999,2012-09-07,34.889999,34.41,34.619999,XLNX,2685500
78,31.463571,34.709999,2012-09-06,34.790001,33.529999,33.689999,XLNX,2608800
79,30.267031,33.389999,2012-09-05,33.990002,33.349998,33.799999,XLNX,3208500
80,30.62962,33.790001,2012-09-04,34.040001,33.330002,33.790001,XLNX,1812600
81,30.738396,33.91,2012-08-31,34.049999,33.32,33.779999,XLNX,2007200
82,30.33955,33.470001,2012-08-30,33.650002,33.330002,33.450001,XLNX,1719300
83,30.557101,33.709999,2012-08-29,33.93,33.470001,33.93,XLNX,1489500
84,30.684006,33.849998,2012-08-28,34.150002,33.540001,33.549999,XLNX,2804200
85,30.457389,33.599998,2012-08-27,33.990002,33.540001,33.93,XLNX,1772100
86,30.729332,33.900002,2012-08-24,33.98,33.529999,33.709999,XLNX,2099800
87,30.403003,33.540001,2012-08-23,33.759998,33.380001,33.720001,XLNX,2121200
88,30.674943,33.84,2012-08-22,34.139999,33.549999,34.040001,XLNX,2562800
89,31.073788,34.279999,2012-08-21,34.299999,33.970001,33.990002,XLNX,3916600
90,30.801848,33.98,2012-08-20,34.009998,33.630001,33.869999,XLNX,2790000
91,30.783718,33.959999,2012-08-17,34.189999,33.869999,34.189999,XLNX,2094100
92,30.91969,34.110001,2012-08-16,34.18,33.709999,33.73,XLNX,2102200
93,30.448325,33.59,2012-08-15,33.759998,33.34,33.349998,XLNX,2314100
94,30.239838,33.360001,2012-08-14,33.830002,33.279999,33.709999,XLNX,2452800
95,30.502715,33.650002,2012-08-13,33.810001,33.299999,33.799999,XLNX,2587200
96,30.557101,33.709999,2012-08-10,33.91,33.48,33.77,XLNX,2994400
97,30.566168,33.720001,2012-08-09,33.990002,33.57,33.57,XLNX,2340600
98,30.566168,33.720001,2012-08-08,33.860001,33.540001,33.619999,XLNX,1689200
99,30.62962,33.790001,2012-08-07,34.099998,33.27,33.32,XLNX,3132300
100,30.04948,33.150002,2012-08-06,33.439999,33.080002,33.360001,XLNX,2535200
101,30.040414,33.360001,2012-08-03,33.52,32.869999,33.169998,XLNX,2349400
102,29.374048,32.619999,2012-08-02,33.049999,32.240002,32.650002,XLNX,2899200
103,29.545144,32.810001,2012-08-01,32.970001,32.389999,32.450001,XLNX,3196300
104,29.175943,32.400002,2012-07-31,33.00,32.34,32.560001,XLNX,3269200
105,29.374048,32.619999,2012-07-30,33.23,32.349998,32.860001,XLNX,3153400
106,29.626189,32.900002,2012-07-27,33.02,32.310001,32.32,XLNX,3453700
107,29.031864,32.240002,2012-07-26,32.400002,31.90,31.90,XLNX,4450600
108,28.212415,31.33,2012-07-25,31.85,31.049999,31.10,XLNX,6090900
109,27.58207,30.629999,2012-07-24,30.90,30.25,30.77,XLNX,4734800
110,27.672119,30.73,2012-07-23,30.91,30.309999,30.700001,XLNX,3764200
111,28.041321,31.139999,2012-07-20,31.35,30.940001,31.299999,XLNX,4540300
112,28.185399,31.299999,2012-07-19,31.950001,30.57,30.67,XLNX,8132000
113,28.824748,32.009998,2012-07-18,32.299999,30.59,30.83,XLNX,5546400
114,27.816198,30.889999,2012-07-17,31.68,30.459999,31.58,XLNX,6270200
115,28.248435,31.370001,2012-07-16,31.51,30.719999,31.309999,XLNX,4160300
116,28.320474,31.450001,2012-07-13,31.549999,31.09,31.16,XLNX,2577100
117,28.095351,31.200001,2012-07-12,31.50,30.77,31.450001,XLNX,3556200
118,28.698681,31.870001,2012-07-11,32.169998,31.629999,31.879999,XLNX,2235500
119,28.75271,31.93,2012-07-10,32.630001,31.73,32.169998,XLNX,2163700
120,29.058878,32.27,2012-07-09,32.52,32.009998,32.50,XLNX,2127500
121,29.21196,32.439999,2012-07-06,33.400002,32.25,33.209999,XLNX,2833800
122,30.121459,33.450001,2012-07-05,33.77,33.040001,33.450001,XLNX,2305400
123,30.166482,33.50,2012-07-03,33.580002,33.16,33.16,XLNX,958600
124,29.896336,33.200001,2012-07-02,33.75,32.959999,33.529999,XLNX,2293200
125,30.229517,33.57,2012-06-29,33.580002,32.889999,32.950001,XLNX,3519000
126,29.148925,32.369999,2012-06-28,32.41,31.84,32.02,XLNX,2741700
127,29.076888,32.290001,2012-06-27,32.59,31.940001,31.950001,XLNX,2604600
128,28.608632,31.77,2012-06-26,31.969999,31.34,31.60,XLNX,2606600
129,28.419527,31.559999,2012-06-25,32.34,31.540001,32.330002,XLNX,3283300
130,29.410069,32.66,2012-06-22,32.68,31.99,32.029999,XLNX,2684200
131,28.725695,31.90,2012-06-21,33.080002,31.889999,32.970001,XLNX,3465900
132,29.788277,33.080002,2012-06-20,33.330002,32.860001,33.09,XLNX,2361000
133,29.752257,33.040001,2012-06-19,33.139999,32.700001,32.950001,XLNX,1837200
134,29.545144,32.810001,2012-06-18,32.98,32.279999,32.419998,XLNX,2394000
135,29.311014,32.549999,2012-06-15,32.619999,32.02,32.150002,XLNX,3356000
136,28.887785,32.080002,2012-06-14,32.509998,31.92,32.400002,XLNX,2896700
137,29.130915,32.349998,2012-06-13,32.709999,32.23,32.459999,XLNX,2363000
138,29.401066,32.650002,2012-06-12,32.880001,32.290001,32.290001,XLNX,3628900
139,28.977833,32.18,2012-06-11,33.18,32.139999,33.029999,XLNX,3321300
140,29.572158,32.84,2012-06-08,32.880001,32.060001,32.220001,XLNX,3481200
141,28.941813,32.139999,2012-06-07,33.139999,32.099998,32.880001,XLNX,4130800
142,29.24798,32.48,2012-06-06,32.639999,31.950001,32.00,XLNX,3329500
143,28.725695,31.90,2012-06-05,32.209999,30.959999,30.98,XLNX,5016900
144,27.951273,31.040001,2012-06-04,31.389999,30.709999,31.059999,XLNX,2522900
145,27.915252,31.00,2012-06-01,31.74,31.00,31.43,XLNX,2758600
146,28.788729,31.969999,2012-05-31,32.240002,31.639999,32.189999,XLNX,4150300
147,29.031864,32.240002,2012-05-30,32.400002,31.950001,32.189999,XLNX,3623700
148,29.311014,32.549999,2012-05-29,32.599998,32.119999,32.139999,XLNX,3965900
149,28.797734,31.98,2012-05-25,32.259998,31.700001,31.75,XLNX,2981000
150,28.464553,31.610001,2012-05-24,32.09,31.469999,32.07,XLNX,3876100
151,28.878779,32.07,2012-05-23,32.130001,31.26,31.51,XLNX,3561900
152,28.653656,31.82,2012-05-22,32.049999,31.540001,31.889999,XLNX,3342500
153,28.824748,32.009998,2012-05-21,32.119999,31.24,31.24,XLNX,3731700
154,28.194404,31.309999,2012-05-18,32.119999,31.24,32.009998,XLNX,5584700
155,28.680671,31.85,2012-05-17,32.50,31.85,32.450001,XLNX,3854200
156,29.085891,32.299999,2012-05-16,33.040001,32.290001,32.830002,XLNX,4965400
157,29.518127,32.779999,2012-05-15,33.119999,32.689999,32.900002,XLNX,4064100
158,29.680216,32.959999,2012-05-14,33.099998,32.509998,32.810001,XLNX,3059600
159,29.734248,33.240002,2012-05-11,33.919998,33.209999,33.240002,XLNX,3289400
160,29.814756,33.330002,2012-05-10,34.009998,33.220001,34.009998,XLNX,3356700
161,30.235184,33.799999,2012-05-09,33.900002,33.02,33.380001,XLNX,3264800
162,30.244131,33.810001,2012-05-08,33.959999,33.240002,33.599998,XLNX,3689200
163,30.342527,33.919998,2012-05-07,34.240002,33.779999,33.84,XLNX,2450800
164,30.467764,34.060001,2012-05-04,34.68,34.029999,34.48,XLNX,3521900
165,31.076046,34.740002,2012-05-03,35.41,34.610001,35.369999,XLNX,3534600
166,31.60382,35.330002,2012-05-02,35.450001,35.130001,35.25,XLNX,4739600
167,31.764833,35.509998,2012-05-01,36.34,35.509998,35.939999,XLNX,4038700
168,32.543078,36.380001,2012-04-30,36.580002,36.310001,36.450001,XLNX,2308400
169,32.650421,36.50,2012-04-27,37.00,36.470001,36.759998,XLNX,3503000
170,32.784602,36.650002,2012-04-26,37.040001,36.299999,37.040001,XLNX,7301100
171,30.709288,34.330002,2012-04-25,34.34,33.669998,33.700001,XLNX,2575000
172,29.99366,33.529999,2012-04-24,34.209999,33.470001,34.07,XLNX,3462600
173,30.342527,33.919998,2012-04-23,34.27,33.68,34.07,XLNX,4913600
174,30.771905,34.400002,2012-04-20,35.27,34.349998,35.27,XLNX,7726700
175,31.344405,35.040001,2012-04-19,35.790001,34.860001,35.169998,XLNX,3178700
176,31.639599,35.369999,2012-04-18,35.509998,35.009998,35.25,XLNX,2699300
177,31.791671,35.540001,2012-04-17,35.82,35.360001,35.52,XLNX,3749400
178,31.550147,35.27,2012-04-16,35.540001,35.02,35.360001,XLNX,2198300
179,31.48753,35.200001,2012-04-13,35.869999,35.200001,35.84,XLNX,3236000
180,32.212099,36.009998,2012-04-12,36.169998,35.389999,35.57,XLNX,3341100
181,31.702216,35.439999,2012-04-11,35.93,35.119999,35.200001,XLNX,4074600
182,31.174442,34.849998,2012-04-10,35.290001,34.759998,34.959999,XLNX,4897800
183,31.433857,35.139999,2012-04-09,35.32,34.849998,35.00,XLNX,1836500
184,31.77378,35.52,2012-04-05,35.610001,35.18,35.220001,XLNX,2505300
185,31.65749,35.389999,2012-04-04,35.84,35.279999,35.84,XLNX,3750100
186,32.328389,36.139999,2012-04-03,36.720001,36.049999,36.709999,XLNX,3982300
187,32.847219,36.720001,2012-04-02,36.830002,36.220001,36.50,XLNX,2933200
188,32.63253,36.48,2012-03-30,36.779999,36.259998,36.48,XLNX,3459000
189,32.46257,36.290001,2012-03-29,36.330002,35.860001,36.02,XLNX,2314700
190,32.355224,36.169998,2012-03-28,36.599998,36.02,36.419998,XLNX,2751500
191,32.578857,36.419998,2012-03-27,36.790001,36.41,36.610001,XLNX,3741300
192,32.74882,36.610001,2012-03-26,36.619999,36.189999,36.43,XLNX,1956200
193,32.265772,36.07,2012-03-23,36.09,35.310001,35.439999,XLNX,4590600
194,32.408897,36.23,2012-03-22,36.450001,35.959999,36.110001,XLNX,3376300
195,32.63253,36.48,2012-03-21,36.650002,36.07,36.18,XLNX,3105400
196,32.22999,36.029999,2012-03-20,36.950001,36.009998,36.860001,XLNX,6067300
197,33.20503,37.119999,2012-03-19,37.209999,36.799999,37.080002,XLNX,2720300
198,33.339211,37.27,2012-03-16,37.299999,36.77,36.82,XLNX,3360300
199,32.990344,36.880001,2012-03-15,37.02,36.419998,36.630001,XLNX,3353900
200,32.784602,36.650002,2012-03-14,37.299999,36.630001,37.00,XLNX,2679900
201,33.044014,36.939999,2012-03-13,36.990002,36.279999,36.439999,XLNX,3505800
202,32.364171,36.18,2012-03-12,36.470001,36.09,36.470001,XLNX,2591700
203,32.596748,36.439999,2012-03-09,36.689999,36.349998,36.369999,XLNX,3015500
204,32.569913,36.41,2012-03-08,36.540001,36.119999,36.369999,XLNX,1889500
205,32.319445,36.130001,2012-03-07,36.369999,35.84,36.040001,XLNX,2880900
206,32.265772,36.07,2012-03-06,36.119999,35.439999,35.470001,XLNX,4127000
207,31.952687,35.720001,2012-03-05,36.389999,35.380001,36.369999,XLNX,5825500
208,32.63253,36.48,2012-03-02,36.830002,36.27,36.529999,XLNX,2430900
209,32.811437,36.68,2012-03-01,37.369999,36.509998,36.950001,XLNX,3721600
210,33.03507,36.93,2012-02-29,37.560001,36.830002,37.549999,XLNX,3548000
211,33.500227,37.450001,2012-02-28,37.740002,36.93,36.93,XLNX,2699100
212,33.097687,37.00,2012-02-27,37.240002,36.50,36.830002,XLNX,3028700
213,33.303429,37.23,2012-02-24,37.349998,36.93,36.990002,XLNX,2045900
214,32.999288,36.889999,2012-02-23,37.00,36.549999,36.91,XLNX,2291200
215,32.954562,36.84,2012-02-22,37.09,36.75,36.830002,XLNX,2545600
216,32.999288,36.889999,2012-02-21,37.439999,36.790001,37.240002,XLNX,2524600
217,33.348155,37.279999,2012-02-17,37.48,37.029999,37.369999,XLNX,3802700
218,33.231868,37.150002,2012-02-16,37.48,36.369999,36.380001,XLNX,4866900
219,32.605695,36.450001,2012-02-15,36.959999,36.389999,36.560001,XLNX,2253000
220,32.677256,36.529999,2012-02-14,36.529999,36.110001,36.119999,XLNX,2739100
221,32.435732,36.259998,2012-02-13,36.50,35.66,36.439999,XLNX,2116200
222,32.498352,36.330002,2012-02-10,36.630001,36.130001,36.50,XLNX,2800700
223,32.963506,36.849998,2012-02-09,36.93,36.400002,36.720001,XLNX,2781700
224,32.739873,36.599998,2012-02-08,36.790001,36.209999,36.330002,XLNX,1801900
225,32.560969,36.400002,2012-02-07,36.57,36.00,36.200001,XLNX,1985200
226,32.480461,36.310001,2012-02-06,36.50,35.900002,36.490002,XLNX,1945000
227,32.856162,36.919998,2012-02-03,36.93,36.490002,36.57,XLNX,2588500
228,32.215415,36.200001,2012-02-02,36.630001,36.099998,36.25,XLNX,2617800
229,32.286608,36.279999,2012-02-01,36.740002,35.880001,36.16,XLNX,3829700
230,31.903938,35.849998,2012-01-31,36.040001,35.509998,35.950001,XLNX,2848100
231,31.912839,35.860001,2012-01-30,36.139999,35.240002,35.639999,XLNX,3447900
232,32.028531,35.990002,2012-01-27,36.049999,35.66,35.84,XLNX,3165800
233,31.89504,35.84,2012-01-26,36.099998,35.560001,35.560001,XLNX,4171600
234,31.610264,35.52,2012-01-25,35.98,35.009998,35.630001,XLNX,6061900
235,32.090826,36.060001,2012-01-24,36.150002,35.41,35.48,XLNX,3213500
236,31.752652,35.68,2012-01-23,35.869999,35.439999,35.709999,XLNX,3297200
237,31.832746,35.77,2012-01-20,35.869999,35.310001,35.50,XLNX,5766200
238,31.717054,35.639999,2012-01-19,36.779999,35.040001,36.779999,XLNX,13202500
239,31.414478,35.299999,2012-01-18,35.48,33.689999,33.810001,XLNX,8887500
240,29.679117,33.349998,2012-01-17,33.360001,33.009998,33.150002,XLNX,3277300
241,29.358745,32.990002,2012-01-13,33.48,32.869999,33.43,XLNX,3475700
242,29.777009,33.459999,2012-01-12,33.580002,32.84,32.990002,XLNX,3075800
243,29.234152,32.849998,2012-01-11,33.009998,32.630001,32.900002,XLNX,2476700
244,29.305348,32.93,2012-01-10,33.299999,32.73,33.240002,XLNX,1863400
245,29.251951,32.869999,2012-01-09,33.07,32.290001,32.330002,XLNX,2610200
246,28.629001,32.169998,2012-01-06,32.509998,32.040001,32.330002,XLNX,2531500
247,28.815888,32.380001,2012-01-05,32.419998,31.870001,32.07,XLNX,2691500
248,28.566706,32.099998,2012-01-04,32.349998,31.809999,32.349998,XLNX,2501300
249,28.869282,32.439999,2012-01-03,32.849998,32.240002,32.549999,XLNX,2374400
250,28.531111,32.060001,2011-12-30,32.389999,32.040001,32.25,XLNX,1328900
251,28.691299,32.240002,2011-12-29,32.299999,31.950001,32.099998,XLNX,1295500
252,28.451016,31.969999,2011-12-28,32.32,31.90,32.220001,XLNX,2108800
253,28.735795,32.290001,2011-12-27,32.52,32.049999,32.240002,XLNX,1213400
254,28.789188,32.349998,2011-12-23,32.52,32.119999,32.52,XLNX,1202900
255,28.735795,32.290001,2011-12-22,32.610001,31.90,32.060001,XLNX,3409800
256,28.40652,31.92,2011-12-21,32.150002,31.49,31.90,XLNX,3669900
257,28.451016,31.969999,2011-12-20,32.130001,31.15,31.190001,XLNX,4949300
258,27.240714,30.610001,2011-12-19,31.41,30.559999,30.799999,XLNX,5278400
259,27.77467,31.209999,2011-12-16,31.91,31.09,31.25,XLNX,5884400
260,27.605585,31.02,2011-12-15,31.49,30.790001,31.379999,XLNX,4725900
261,27.756873,31.190001,2011-12-14,31.889999,31.07,31.549999,XLNX,3820100
262,28.103944,31.58,2011-12-13,32.830002,31.440001,32.490002,XLNX,3738900
263,28.709094,32.259998,2011-12-12,32.389999,31.92,32.389999,XLNX,3750100
264,29.047268,32.639999,2011-12-09,32.75,31.799999,31.93,XLNX,3623800
265,29.03837,32.630001,2011-12-08,33.459999,31.549999,33.080002,XLNX,3245600
266,29.679117,33.349998,2011-12-07,33.599998,32.790001,33.040001,XLNX,5076200
267,29.536728,33.189999,2011-12-06,33.450001,32.880001,33.450001,XLNX,4446000
268,29.688018,33.360001,2011-12-05,33.75,33.16,33.450001,XLNX,5572000
269,29.465536,33.110001,2011-12-02,33.66,33.099998,33.23,XLNX,4838000
270,29.42104,33.060001,2011-12-01,33.27,32.73,32.93,XLNX,5412300
271,29.109563,32.709999,2011-11-30,32.779999,31.700001,31.709999,XLNX,5756400
272,27.54329,30.950001,2011-11-29,31.370001,30.67,30.82,XLNX,3754800
273,27.356404,30.74,2011-11-28,30.959999,30.440001,30.52,XLNX,2993200
274,26.760152,30.07,2011-11-25,30.469999,30.00,30.129999,XLNX,1415000
275,26.973735,30.309999,2011-11-23,30.889999,30.309999,30.82,XLNX,2481200
276,27.66788,31.09,2011-11-22,31.370001,30.66,31.139999,XLNX,3499800
277,27.792469,31.23,2011-11-21,31.40,30.790001,31.139999,XLNX,3333000
278,28.006052,31.469999,2011-11-18,32.09,31.450001,31.790001,XLNX,3447800
279,28.264132,31.76,2011-11-17,32.619999,31.469999,32.490002,XLNX,5669200
280,29.091764,32.689999,2011-11-16,33.509998,32.630001,32.709999,XLNX,4026000
281,29.340946,32.970001,2011-11-15,33.23,32.34,32.490002,XLNX,3002800
282,28.931577,32.509998,2011-11-14,33.07,32.299999,32.849998,XLNX,2901900
283,29.234152,32.849998,2011-11-11,33.130001,32.16,32.18,XLNX,3487600
284,28.459916,31.98,2011-11-10,32.439999,31.620001,32.439999,XLNX,3939300
285,28.433219,31.950001,2011-11-09,32.82,31.85,32.700001,XLNX,6005400
286,29.643522,33.310001,2011-11-08,33.639999,32.810001,33.169998,XLNX,3509500
287,29.340946,32.970001,2011-11-07,33.029999,32.380001,32.650002,XLNX,4079100
288,29.065066,32.849998,2011-11-04,32.900002,32.060001,32.23,XLNX,6006200
289,28.68461,32.419998,2011-11-03,32.50,31.65,32.02,XLNX,8034900
290,28.144895,31.809999,2011-11-02,33.439999,31.620001,33.439999,XLNX,9214700
291,28.77309,32.52,2011-11-01,33.220001,32.48,32.740002,XLNX,8031000
292,29.604784,33.459999,2011-10-31,33.93,32.98,33.07,XLNX,6897600
293,29.365892,33.189999,2011-10-28,33.599998,32.810001,33.169998,XLNX,3047600
294,29.41898,33.25,2011-10-27,33.439999,32.41,32.540001,XLNX,5924800
295,28.153743,31.82,2011-10-26,32.23,31.33,31.719999,XLNX,5353800
296,27.923699,31.559999,2011-10-25,31.969999,31.290001,31.42,XLNX,5914200
297,27.861765,31.49,2011-10-24,31.940001,30.77,30.93,XLNX,5147700
298,26.738092,30.219999,2011-10-21,30.82,30.01,30.02,XLNX,5355200
299,26.189529,29.60,2011-10-20,30.969999,29.219999,30.18,XLNX,7496500
300,26.189529,29.60,2011-10-19,30.549999,29.51,30.549999,XLNX,6582500
301,27.260113,30.809999,2011-10-18,30.959999,29.780001,30.059999,XLNX,4037300
302,26.782332,30.27,2011-10-17,30.68,30.02,30.559999,XLNX,5473500
303,27.065462,30.59,2011-10-14,30.59,29.809999,30.389999,XLNX,4737200
304,26.578833,30.040001,2011-10-13,30.25,29.15,29.32,XLNX,4199700
305,26.083354,29.48,2011-10-12,29.889999,29.41,29.73,XLNX,4760500
306,26.030268,29.42,2011-10-11,29.75,29.27,29.459999,XLNX,3201300
307,26.154137,29.559999,2011-10-10,29.790001,28.969999,29.049999,XLNX,2977700
308,25.464008,28.780001,2011-10-07,29.16,28.299999,28.790001,XLNX,4831100
309,25.384378,28.690001,2011-10-06,28.709999,27.91,28.299999,XLNX,4202500
310,25.021617,28.280001,2011-10-05,28.629999,27.559999,28.01,XLNX,5425900
311,24.818116,28.049999,2011-10-04,28.219999,26.549999,26.66,XLNX,7198500
312,23.942183,27.059999,2011-10-03,27.799999,26.77,27.219999,XLNX,4626700
313,24.278401,27.440001,2011-09-30,28.309999,27.440001,28.059999,XLNX,4299900
314,25.0924,28.360001,2011-09-29,29.129999,27.860001,28.93,XLNX,4798000
315,25.242813,28.530001,2011-09-28,29.450001,28.49,29.360001,XLNX,4241800
316,25.853311,29.219999,2011-09-27,29.780001,28.91,29.18,XLNX,3738600
317,25.517095,28.84,2011-09-26,29.17,28.09,29.10,XLNX,5277300
318,25.587877,28.92,2011-09-23,29.17,27.83,28.18,XLNX,4666200
319,25.021617,28.280001,2011-09-22,28.780001,27.639999,28.58,XLNX,8092000
320,25.871007,29.24,2011-09-21,30.27,29.219999,30.00,XLNX,7116300
321,26.569985,30.030001,2011-09-20,31.43,29.959999,31.120001,XLNX,9521300
322,27.826374,31.450001,2011-09-19,31.68,31.110001,31.27,XLNX,3130000
323,28.08296,31.74,2011-09-16,32.220001,31.59,31.790001,XLNX,3854300
324,28.021026,31.67,2011-09-15,31.889999,30.969999,31.860001,XLNX,4721100
325,27.914851,31.549999,2011-09-14,31.99,30.93,31.32,XLNX,4921800
326,27.499005,31.08,2011-09-13,31.27,30.639999,30.780001,XLNX,4713100
327,27.233571,30.780001,2011-09-12,30.82,29.74,29.76,XLNX,4948300
328,26.552289,30.01,2011-09-09,30.76,29.76,30.25,XLNX,5186800
329,27.03007,30.549999,2011-09-08,31.15,30.16,30.34,XLNX,3148300
330,26.941593,30.450001,2011-09-07,30.889999,30.059999,30.57,XLNX,5455400
331,26.870811,30.370001,2011-09-06,30.40,29.120001,29.17,XLNX,5756100
332,26.366484,29.799999,2011-09-02,30.440001,29.57,30.10,XLNX,6439900
333,27.277809,30.83,2011-09-01,31.48,30.83,31.299999,XLNX,4038000
334,27.552091,31.139999,2011-08-31,31.559999,30.77,31.540001,XLNX,5694100
335,27.826374,31.450001,2011-08-30,31.59,30.98,31.110001,XLNX,4754200
336,27.614025,31.209999,2011-08-29,31.24,30.42,30.58,XLNX,3597400
337,26.755788,30.24,2011-08-26,30.25,29.02,29.24,XLNX,4702600
338,26.065658,29.459999,2011-08-25,30.07,29.42,29.870001,XLNX,3989700
339,26.357638,29.790001,2011-08-24,30.00,29.35,29.969999,XLNX,3819800
340,26.596527,30.059999,2011-08-23,30.08,28.889999,29.00,XLNX,5328400
341,25.534791,28.860001,2011-08-22,29.17,28.620001,28.90,XLNX,4586200
342,25.0924,28.360001,2011-08-19,29.27,28.26,28.48,XLNX,4382500
343,25.481703,28.799999,2011-08-18,29.34,28.48,29.33,XLNX,6209000
344,26.738092,30.219999,2011-08-17,30.77,29.90,30.16,XLNX,3784200
345,26.74694,30.23,2011-08-16,30.700001,29.92,30.530001,XLNX,5220200
346,27.198179,30.74,2011-08-15,30.76,30.219999,30.219999,XLNX,2661700
347,26.640767,30.110001,2011-08-12,30.389999,29.790001,29.959999,XLNX,4568700
348,26.71155,30.190001,2011-08-11,30.469999,29.01,29.01,XLNX,8209900
349,25.897551,29.27,2011-08-10,30.139999,28.60,28.940001,XLNX,9859500
350,26.251463,29.67,2011-08-09,30.040001,28.139999,29.139999,XLNX,9556100
351,25.534791,28.860001,2011-08-08,29.68,28.559999,28.73,XLNX,8927200
352,26.313398,29.93,2011-08-05,30.77,29.299999,30.299999,XLNX,10502600
353,26.418897,30.049999,2011-08-04,31.190001,30.02,31.01,XLNX,7241100
354,27.614561,31.41,2011-08-03,31.50,30.469999,31.040001,XLNX,4588200
355,27.218936,30.959999,2011-08-02,31.83,30.93,31.48,XLNX,6261900
356,27.992602,31.84,2011-08-01,32.52,31.389999,32.360001,XLNX,4148400
357,28.221183,32.099998,2011-07-29,32.490002,31.610001,31.870001,XLNX,5712900
358,28.221183,32.099998,2011-07-28,32.700001,31.959999,32.27,XLNX,3779900
359,28.370643,32.27,2011-07-27,33.16,32.080002,33.16,XLNX,7694000
360,29.443225,33.490002,2011-07-26,34.049999,33.43,33.490002,XLNX,2611900
361,29.381681,33.419998,2011-07-25,33.740002,33.099998,33.189999,XLNX,3334200
362,29.592682,33.66,2011-07-22,34.040001,33.290001,33.619999,XLNX,4275700
363,29.636639,33.709999,2011-07-21,33.779999,31.809999,31.93,XLNX,10622500
364,29.170683,33.18,2011-07-20,33.599998,32.799999,33.290001,XLNX,6247900
365,29.619055,33.689999,2011-07-19,33.919998,33.50,33.52,XLNX,3999300
366,29.258598,33.279999,2011-07-18,33.560001,33.009998,33.450001,XLNX,3508400
367,29.434432,33.48,2011-07-15,33.700001,33.060001,33.639999,XLNX,4821200
368,29.478389,33.529999,2011-07-14,34.32,33.32,34.110001,XLNX,4604300
369,29.821263,33.919998,2011-07-13,34.59,33.75,34.57,XLNX,4900000
370,30.16414,34.310001,2011-07-12,35.619999,33.720001,35.610001,XLNX,7963600
371,31.351011,35.66,2011-07-11,36.400002,35.52,35.759998,XLNX,3293900
372,31.860928,36.240002,2011-07-08,36.740002,35.77,36.66,XLNX,3959000
373,32.6258,37.110001,2011-07-07,37.369999,36.59,36.779999,XLNX,4470400
374,32.107093,36.52,2011-07-06,36.720001,36.200001,36.509998,XLNX,3234200
375,32.203802,36.630001,2011-07-05,37.150002,36.529999,37.07,XLNX,3171400
376,32.581843,37.060001,2011-07-01,37.23,36.349998,36.57,XLNX,3763500
377,32.063135,36.470001,2011-06-30,36.599998,35.48,35.540001,XLNX,4669100
378,31.096052,35.369999,2011-06-29,35.799999,35.09,35.57,XLNX,3196400
379,31.192761,35.48,2011-06-28,35.52,35.080002,35.150002,XLNX,2754400
380,30.920219,35.169998,2011-06-27,35.459999,34.380001,34.610001,XLNX,3817500
381,30.454262,34.639999,2011-06-24,35.279999,34.57,34.880001,XLNX,5578600
382,30.744388,34.970001,2011-06-23,35.00,33.650002,33.790001,XLNX,5459500
383,30.085015,34.220001,2011-06-22,34.450001,33.720001,34.099998,XLNX,3413700
384,30.058638,34.189999,2011-06-21,34.369999,33.450001,33.779999,XLNX,3221200
385,29.53993,33.599998,2011-06-20,33.619999,32.900002,32.93,XLNX,3917000
386,28.968475,32.950001,2011-06-17,33.779999,32.919998,33.740002,XLNX,6862100
387,29.223434,33.240002,2011-06-16,33.75,32.93,33.630001,XLNX,5007600
388,29.53993,33.599998,2011-06-15,34.139999,33.23,33.450001,XLNX,6391000
389,29.724558,33.810001,2011-06-14,33.959999,33.580002,33.630001,XLNX,2890800
390,29.311349,33.34,2011-06-13,33.689999,33.150002,33.599998,XLNX,3166000
391,29.504766,33.560001,2011-06-10,33.810001,33.299999,33.700001,XLNX,5174200
392,29.724558,33.810001,2011-06-09,33.990002,33.169998,33.459999,XLNX,4450000
393,29.328933,33.360001,2011-06-08,34.040001,33.209999,34.00,XLNX,4520600
394,30.067431,34.200001,2011-06-07,34.52,34.049999,34.200001,XLNX,3957000
395,29.680597,33.759998,2011-06-06,34.130001,33.630001,33.73,XLNX,3787000
396,29.654223,33.73,2011-06-03,34.650002,33.669998,34.490002,XLNX,4290100
397,30.630096,34.84,2011-06-02,35.150002,34.52,34.849998,XLNX,3167000
398,30.480636,34.669998,2011-06-01,35.689999,34.66,35.669998,XLNX,3956800
399,31.368594,35.68,2011-05-31,35.98,35.27,35.32,XLNX,5648100
400,30.700427,34.919998,2011-05-27,35.09,34.68,34.790001,XLNX,2334700
401,30.542181,34.740002,2011-05-26,34.919998,34.25,34.419998,XLNX,3817900
402,30.348764,34.52,2011-05-25,34.77,34.32,34.490002,XLNX,3945700
403,30.287222,34.450001,2011-05-24,34.98,34.43,34.900002,XLNX,3773700
404,30.621306,34.830002,2011-05-23,35.400002,34.790001,35.34,XLNX,4400000
405,31.447719,35.77,2011-05-20,36.150002,35.560001,36.009998,XLNX,3413800
406,31.702678,36.060001,2011-05-19,36.349998,35.84,36.299999,XLNX,2526000
407,31.896092,36.279999,2011-05-18,36.369999,35.299999,35.34,XLNX,3316200
408,31.016927,35.279999,2011-05-17,35.32,34.810001,35.23,XLNX,4627900
409,31.096052,35.369999,2011-05-16,35.939999,35.18,35.580002,XLNX,3308600
410,31.438928,35.950001,2011-05-13,36.32,35.75,36.259998,XLNX,3234900
411,31.701283,36.25,2011-05-12,36.490002,35.41,35.490002,XLNX,3800000
412,31.132845,35.599998,2011-05-11,35.889999,35.240002,35.779999,XLNX,3000000
413,31.333987,35.830002,2011-05-10,35.880001,35.419998,35.740002,XLNX,4203600
414,31.097867,35.560001,2011-05-09,35.799999,35.200001,35.799999,XLNX,3628600
415,31.246533,35.73,2011-05-06,36.18,35.669998,35.959999,XLNX,4631100
416,31.141592,35.610001,2011-05-05,35.900002,34.950001,35.00,XLNX,6200000
417,30.739315,35.150002,2011-05-04,35.380001,34.709999,35.00,XLNX,4865300
418,30.503194,34.880001,2011-05-03,35.200001,34.540001,35.00,XLNX,4300000
419,30.625626,35.02,2011-05-02,35.25,34.720001,35.009998,XLNX,4920800
420,30.485703,34.860001,2011-04-29,35.380001,34.740002,34.740002,XLNX,9016800
421,30.56441,34.950001,2011-04-28,35.009998,32.93,33.130001,XLNX,12000000
422,28.736667,32.860001,2011-04-27,33.130001,32.34,32.75,XLNX,6566700
423,28.42184,32.50,2011-04-26,32.73,31.780001,31.83,XLNX,5800000
424,27.853404,31.85,2011-04-25,31.889999,31.530001,31.68,XLNX,2816900
425,27.783442,31.77,2011-04-21,31.959999,31.610001,31.67,XLNX,2348700
426,27.739715,31.719999,2011-04-20,31.860001,31.10,31.10,XLNX,4372000
427,26.716529,30.549999,2011-04-19,30.860001,30.459999,30.719999,XLNX,4054200
428,26.847708,30.700001,2011-04-18,31.16,30.530001,31.10,XLNX,4723400
429,27.51234,31.459999,2011-04-15,31.549999,30.83,31.25,XLNX,3294800
430,27.20626,31.110001,2011-04-14,31.23,30.790001,30.870001,XLNX,3356800
431,27.267476,31.18,2011-04-13,31.190001,30.639999,30.790001,XLNX,4444600
432,26.795236,30.639999,2011-04-12,31.209999,30.549999,31.18,XLNX,5223100
433,27.389908,31.32,2011-04-11,31.73,31.27,31.73,XLNX,2780600
434,27.678499,31.65,2011-04-08,32.400002,31.440001,31.93,XLNX,2899900
435,27.870894,31.870001,2011-04-07,32.240002,31.629999,31.969999,XLNX,4263600
436,28.080779,32.110001,2011-04-06,32.27,31.780001,32.049999,XLNX,3372800
437,27.835913,31.83,2011-04-05,32.34,31.76,32.099998,XLNX,4490700
438,27.835913,31.83,2011-04-04,32.389999,31.540001,32.290001,XLNX,3697000
439,28.11576,32.150002,2011-04-01,33.189999,32.119999,33.189999,XLNX,4075400
440,28.684195,32.799999,2011-03-31,33.110001,32.50,32.77,XLNX,3262500
441,28.701686,32.82,2011-03-30,33.25,32.68,33.18,XLNX,3159400
442,28.859099,33.00,2011-03-29,33.139999,32.380001,32.849998,XLNX,2813400
443,28.719176,32.84,2011-03-28,33.220001,32.779999,33.189999,XLNX,2630500
444,28.832865,32.970001,2011-03-25,33.50,32.82,33.189999,XLNX,5089500
445,28.841608,32.98,2011-03-24,33.040001,32.360001,32.779999,XLNX,3546500
446,28.430584,32.509998,2011-03-23,32.610001,31.809999,31.969999,XLNX,4473100
447,27.96709,31.98,2011-03-22,32.59,31.98,32.209999,XLNX,3879100
448,28.246936,32.299999,2011-03-21,32.810001,32.02,32.110001,XLNX,3345700
449,27.783442,31.77,2011-03-18,32.139999,31.48,31.99,XLNX,7147600
450,27.661009,31.629999,2011-03-17,32.43,31.620001,32.299999,XLNX,5408000
451,27.870894,31.870001,2011-03-16,32.91,31.23,31.370001,XLNX,13807900
452,27.433635,31.370001,2011-03-15,31.639999,30.07,30.450001,XLNX,6664500
453,27.827167,31.82,2011-03-14,32.630001,31.48,32.310001,XLNX,6525100
454,28.273174,32.330002,2011-03-11,32.459999,31.65,31.67,XLNX,3920400
455,27.897129,31.90,2011-03-10,32.380001,31.219999,31.52,XLNX,7102500
456,28.019563,32.040001,2011-03-09,33.59,31.68,33.389999,XLNX,10772800
457,29.663654,33.919998,2011-03-08,34.459999,33.889999,34.25,XLNX,5456500
458,29.87354,34.16,2011-03-07,35.150002,33.52,35.150002,XLNX,7016800
459,30.573154,34.959999,2011-03-04,35.139999,34.669998,35.060001,XLNX,4000400
460,30.704333,35.110001,2011-03-03,35.419998,34.830002,34.889999,XLNX,6676500
461,30.205858,34.540001,2011-03-02,34.900002,33.32,33.32,XLNX,8608900
462,28.596744,32.700001,2011-03-01,33.57,32.68,33.349998,XLNX,4965900
463,29.077729,33.25,2011-02-28,33.830002,32.93,33.799999,XLNX,2937000
464,29.549969,33.790001,2011-02-25,33.810001,33.099998,33.110001,XLNX,2410800
465,28.815374,32.950001,2011-02-24,33.169998,32.490002,32.84,XLNX,4141400
466,28.754158,32.880001,2011-02-23,33.169998,32.450001,33.02,XLNX,4309400
467,28.937806,33.09,2011-02-22,33.830002,33.029999,33.470001,XLNX,4176100
468,29.663654,33.919998,2011-02-18,34.00,33.540001,34.00,XLNX,4247200
469,29.619929,33.869999,2011-02-17,34.099998,33.299999,33.380001,XLNX,2583100
470,29.611185,33.860001,2011-02-16,34.07,33.619999,33.830002,XLNX,3756500
471,29.497497,33.73,2011-02-15,33.82,33.299999,33.599998,XLNX,2600400
472,29.549969,33.790001,2011-02-14,34.119999,33.610001,33.779999,XLNX,2746900
473,29.541222,33.779999,2011-02-11,33.91,33.200001,33.34,XLNX,2490900
474,29.226395,33.419998,2011-02-10,33.50,32.75,32.950001,XLNX,4131500
475,29.11271,33.290001,2011-02-09,33.66,33.240002,33.290001,XLNX,2995500
476,29.165179,33.349998,2011-02-08,33.43,33.049999,33.349998,XLNX,3070600
477,29.11271,33.290001,2011-02-07,33.779999,33.169998,33.509998,XLNX,3111000
478,29.261377,33.619999,2011-02-04,33.68,32.77,32.860001,XLNX,4749700
479,28.55639,32.810001,2011-02-03,33.00,32.529999,32.860001,XLNX,3538800
480,28.791387,33.080002,2011-02-02,33.580002,33.00,33.07,XLNX,4981200
481,28.921938,33.23,2011-02-01,33.389999,32.189999,32.200001,XLNX,5810000
482,28.025472,32.200001,2011-01-31,32.48,32.009998,32.23,XLNX,4007800
483,28.016767,32.189999,2011-01-28,33.240002,32.09,32.919998,XLNX,5862200
484,28.591202,32.849998,2011-01-27,33.029999,32.169998,32.259998,XLNX,6008500
485,27.999359,32.169998,2011-01-26,32.360001,31.719999,32.25,XLNX,7062800
486,27.833993,31.98,2011-01-25,32.200001,31.639999,31.92,XLNX,5878100
487,27.659923,31.780001,2011-01-24,31.92,31.209999,31.26,XLNX,5180800
488,27.224744,31.280001,2011-01-21,31.799999,31.200001,31.41,XLNX,5622500
489,27.207337,31.26,2011-01-20,31.549999,30.610001,31.00,XLNX,15058100
490,26.998452,31.02,2011-01-19,31.629999,30.940001,31.41,XLNX,9142500
491,27.651219,31.77,2011-01-18,32.00,31.559999,31.700001,XLNX,4743100
492,27.58159,31.690001,2011-01-14,31.719999,30.91,30.92,XLNX,4234900
493,26.885304,30.889999,2011-01-13,31.09,30.42,30.42,XLNX,3623600
494,26.97234,30.99,2011-01-12,31.10,30.50,30.709999,XLNX,6330100
495,26.55457,30.51,2011-01-11,30.530001,30.049999,30.25,XLNX,4097400
496,26.293462,30.209999,2011-01-10,30.280001,29.719999,29.99,XLNX,3564200
497,26.084577,29.969999,2011-01-07,30.41,29.65,30.24,XLNX,5513900
498,26.232537,30.139999,2011-01-06,30.139999,29.610001,29.629999,XLNX,4915000
499,25.797359,29.639999,2011-01-05,29.67,29.10,29.379999,XLNX,4237200
500,25.710325,29.540001,2011-01-04,29.59,29.23,29.48,XLNX,4958700
501,25.605881,29.42,2011-01-03,29.559999,29.059999,29.280001,XLNX,4413300
