,Adj_Close,Close,Date,High,Low,Open,Symbol,Volume
0,41.218664,43.290001,2014-12-31,44.00,43.27,43.810001,XLNX,2827400
1,41.466222,43.549999,2014-12-30,43.830002,43.369999,43.48,XLNX,2805400
2,41.69474,43.790001,2014-12-29,43.959999,43.59,43.919998,XLNX,1868700
3,41.818517,43.919998,2014-12-26,44.349998,43.880001,44.200001,XLNX,1244100
4,41.980385,44.09,2014-12-24,44.330002,43.860001,43.98,XLNX,703700
5,41.808997,43.91,2014-12-23,44.540001,43.900002,44.290001,XLNX,1830300
6,41.77091,43.869999,2014-12-22,43.91,43.27,43.27,XLNX,2508000
7,40.952059,43.009998,2014-12-19,43.799999,42.34,43.41,XLNX,7023800
8,41.618566,43.709999,2014-12-18,44.240002,43.310001,44.23,XLNX,6461700
9,41.342441,43.419998,2014-12-17,43.990002,42.720001,43.849998,XLNX,12579700
10,41.618566,43.709999,2014-12-16,44.66,43.669998,44.169998,XLNX,5930500
11,42.047035,44.16,2014-12-15,45.68,44.080002,45.57,XLNX,4404600
12,42.999187,45.16,2014-12-12,45.98,45.130001,45.779999,XLNX,2515800
13,43.837082,46.040001,2014-12-11,46.82,45.91,46.810001,XLNX,3158400
14,44.179858,46.400002,2014-12-10,47.169998,46.290001,46.98,XLNX,3377500
15,44.941579,47.200001,2014-12-09,47.220001,46.32,46.490002,XLNX,1958400
16,44.655934,46.900002,2014-12-08,47.18,46.73,47.060001,XLNX,3243000
17,44.903492,47.16,2014-12-05,47.299999,46.700001,47.00,XLNX,2144000
18,44.665454,46.91,2014-12-04,47.029999,46.360001,46.720001,XLNX,4042600
19,44.608323,46.849998,2014-12-03,46.93,45.169998,45.50,XLNX,5606100
20,43.618088,45.810001,2014-12-02,45.84,45.049999,45.189999,XLNX,1773700
21,43.122968,45.290001,2014-12-01,45.580002,45.00,45.330002,XLNX,2638100
22,43.265789,45.439999,2014-11-28,45.669998,44.939999,45.599998,XLNX,1423100
23,43.313399,45.490002,2014-11-26,45.549999,44.32,44.32,XLNX,2356500
24,42.26603,44.389999,2014-11-25,44.869999,44.360001,44.860001,XLNX,1612900
25,42.532631,44.669998,2014-11-24,45.00,44.470001,44.810001,XLNX,1699300
26,42.637369,44.779999,2014-11-21,44.849998,44.290001,44.82,XLNX,2699500
27,42.132729,44.25,2014-11-20,44.369999,43.77,43.799999,XLNX,1736100
28,42.123209,44.240002,2014-11-19,44.400002,43.830002,44.240002,XLNX,2435300
29,42.19938,44.32,2014-11-18,44.52,43.57,44.09,XLNX,2697000
30,41.332921,43.41,2014-11-17,43.790001,43.049999,43.73,XLNX,1612600
31,41.523353,43.610001,2014-11-14,43.66,42.669998,42.970001,XLNX,2895300
32,40.780675,42.830002,2014-11-13,43.619999,42.790001,43.52,XLNX,2894400
33,41.285314,43.360001,2014-11-12,43.52,43.16,43.419998,XLNX,1703100
34,41.323401,43.400002,2014-11-11,43.799999,43.27,43.790001,XLNX,1418300
35,41.580479,43.669998,2014-11-10,43.91,43.23,43.360001,XLNX,2234800
36,41.523353,43.610001,2014-11-07,43.98,43.27,43.98,XLNX,2839800
37,41.894691,44.00,2014-11-06,44.549999,43.98,44.290001,XLNX,2017500
38,42.075599,44.189999,2014-11-05,44.279999,43.400002,44.00,XLNX,1953700
39,41.675697,43.77,2014-11-04,44.209999,43.439999,44.080002,XLNX,2090600
40,42.104166,44.220001,2014-11-03,44.630001,44.16,44.419998,XLNX,2859000
41,42.0756,44.48,2014-10-31,45.34,44.00,44.080002,XLNX,4521200
42,40.883712,43.220001,2014-10-30,43.580002,42.130001,43.349998,XLNX,3825700
43,41.243168,43.599998,2014-10-29,43.73,42.959999,43.450001,XLNX,3743600
44,40.949927,43.290001,2014-10-28,43.450001,42.630001,43.450001,XLNX,4334400
45,40.789115,43.119999,2014-10-27,43.50,42.91,43.009998,XLNX,3872900
46,40.864792,43.200001,2014-10-24,43.290001,42.34,42.75,XLNX,3802600
47,40.240469,42.540001,2014-10-23,42.82,41.91,42.189999,XLNX,4267300
48,39.464795,41.720001,2014-10-22,43.639999,41.66,43.23,XLNX,6007800
49,40.87425,43.209999,2014-10-21,43.400002,41.82,42.139999,XLNX,6442900
50,39.408037,41.66,2014-10-20,41.810001,40.610001,40.970001,XLNX,4991400
51,38.831011,41.049999,2014-10-17,42.689999,40.470001,40.50,XLNX,15812100
52,36.409396,38.490002,2014-10-16,38.869999,37.009998,37.099998,XLNX,6429100
53,35.548587,37.580002,2014-10-15,37.849998,36.27,36.369999,XLNX,6296400
54,34.905344,36.900002,2014-10-14,37.610001,36.50,36.880001,XLNX,5514400
55,34.309398,36.27,2014-10-13,37.16,36.240002,36.950001,XLNX,7502100
56,34.839128,36.830002,2014-10-10,39.50,36.580002,39.32,XLNX,12130300
57,38.017498,40.189999,2014-10-09,41.450001,40.130001,41.330002,XLNX,3377800
58,39.247229,41.490002,2014-10-08,41.619999,40.32,40.610001,XLNX,2682700
59,38.3675,40.560001,2014-10-07,41.02,40.50,40.810001,XLNX,3401700
60,38.944523,41.169998,2014-10-06,41.470001,40.790001,41.169998,XLNX,3028800
61,38.906688,41.130001,2014-10-03,41.66,41.040001,41.57,XLNX,4751700
62,39.181009,41.419998,2014-10-02,41.84,40.889999,41.84,XLNX,3906800
63,39.54993,41.810001,2014-10-01,42.470001,41.639999,42.43,XLNX,4498100
64,40.060738,42.349998,2014-09-30,43.220001,42.139999,43.099998,XLNX,3204500
65,40.666145,42.990002,2014-09-29,43.150002,42.490002,42.580002,XLNX,1922800
66,40.836412,43.169998,2014-09-26,43.290001,42.849998,43.009998,XLNX,2114400
67,40.467494,42.779999,2014-09-25,43.799999,42.560001,43.790001,XLNX,3809400
68,41.451277,43.82,2014-09-24,43.860001,43.209999,43.34,XLNX,2436600
69,40.893169,43.23,2014-09-23,43.790001,43.099998,43.189999,XLNX,2707700
70,41.23371,43.59,2014-09-22,44.139999,43.52,44.139999,XLNX,2492700
71,41.706682,44.09,2014-09-19,44.82,43.880001,44.560001,XLNX,3791000
72,42.066142,44.470001,2014-09-18,44.509998,43.689999,43.82,XLNX,2911100
73,41.54587,43.919998,2014-09-17,44.18,43.18,43.279999,XLNX,3631700
74,40.893169,43.23,2014-09-16,43.50,42.130001,42.139999,XLNX,4458600
75,39.701281,41.970001,2014-09-15,42.57,41.860001,42.509998,XLNX,2321300
76,40.155334,42.450001,2014-09-12,42.810001,42.200001,42.810001,XLNX,2368400
77,40.410739,42.720001,2014-09-11,42.919998,42.310001,42.709999,XLNX,2424100
78,40.382359,42.689999,2014-09-10,42.830002,42.310001,42.549999,XLNX,2670300
79,40.335062,42.639999,2014-09-09,42.860001,42.209999,42.790001,XLNX,2582600
80,40.56209,42.880001,2014-09-08,43.169998,42.52,43.00,XLNX,3234300
81,40.732361,43.060001,2014-09-05,43.290001,42.689999,43.150002,XLNX,3084100
82,41.04452,43.389999,2014-09-04,43.389999,43.00,43.049999,XLNX,5176500
83,40.722899,43.049999,2014-09-03,43.099998,42.279999,42.439999,XLNX,4723200
84,39.729658,42.00,2014-09-02,42.41,41.84,42.400002,XLNX,2114800
85,39.966145,42.25,2014-08-29,42.279999,41.75,41.93,XLNX,2077600
86,39.50263,41.759998,2014-08-28,41.880001,41.529999,41.689999,XLNX,2340700
87,39.455334,41.709999,2014-08-27,42.139999,41.529999,41.91,XLNX,2243300
88,39.52155,41.779999,2014-08-26,42.130001,41.66,41.830002,XLNX,3283400
89,39.540469,41.799999,2014-08-25,42.66,41.700001,42.619999,XLNX,2852100
90,40.098576,42.389999,2014-08-22,42.830002,42.330002,42.740002,XLNX,2266800
91,40.363439,42.669998,2014-08-21,42.799999,42.360001,42.540001,XLNX,2565600
92,40.316143,42.619999,2014-08-20,42.68,42.330002,42.41,XLNX,1638500
93,40.202631,42.50,2014-08-19,42.540001,41.889999,41.93,XLNX,3486600
94,39.682362,41.950001,2014-08-18,42.380001,41.740002,42.139999,XLNX,1890100
95,39.852632,42.130001,2014-08-15,42.50,41.639999,41.990002,XLNX,3695000
96,39.436414,41.689999,2014-08-14,41.700001,41.169998,41.279999,XLNX,3487200
97,39.067497,41.299999,2014-08-13,41.380001,41.029999,41.029999,XLNX,2336800
98,38.887769,41.110001,2014-08-12,41.32,40.91,41.119999,XLNX,1773700
99,38.944523,41.169998,2014-08-11,41.59,41.16,41.23,XLNX,1854500
100,38.821553,41.040001,2014-08-08,41.290001,40.950001,41.119999,XLNX,3324500
101,38.831011,41.049999,2014-08-07,41.619999,40.970001,41.599998,XLNX,3694600
102,39.029658,41.259998,2014-08-06,41.689999,41.150002,41.150002,XLNX,2401000
103,39.114793,41.349998,2014-08-05,41.669998,41.07,41.09,XLNX,5521800
104,39.086416,41.32,2014-08-04,41.43,41.049999,41.25,XLNX,3842600
105,38.84047,41.349998,2014-08-01,41.790001,41.080002,41.099998,XLNX,5620300
106,38.633824,41.130001,2014-07-31,41.560001,40.91,41.41,XLNX,7078100
107,39.084693,41.610001,2014-07-30,41.68,41.119999,41.34,XLNX,5226900
108,38.568073,41.060001,2014-07-29,41.700001,41.009998,41.380001,XLNX,4813600
109,38.821687,41.330002,2014-07-28,41.700001,40.939999,41.41,XLNX,4967900
110,38.943795,41.459999,2014-07-25,41.91,40.700001,41.139999,XLNX,7462900
111,38.84047,41.349998,2014-07-24,41.779999,41.02,41.32,XLNX,10162100
112,38.755932,41.259998,2014-07-23,42.00,39.119999,40.889999,XLNX,33023800
113,45.227781,48.150002,2014-07-22,48.779999,47.970001,48.740002,XLNX,3796300
114,45.396858,48.330002,2014-07-21,48.599998,47.779999,47.860001,XLNX,2294000
115,44.870843,47.77,2014-07-18,48.00,47.57,47.84,XLNX,3935900
116,44.654802,47.540001,2014-07-17,48.419998,47.48,48.330002,XLNX,2765800
117,45.481392,48.419998,2014-07-16,48.759998,48.349998,48.540001,XLNX,1617500
118,45.368676,48.299999,2014-07-15,48.619999,47.959999,48.310001,XLNX,1894300
119,45.359284,48.290001,2014-07-14,48.639999,48.099998,48.59,XLNX,2188400
120,45.321711,48.25,2014-07-11,48.540001,48.150002,48.459999,XLNX,1469300
121,45.387462,48.32,2014-07-10,48.669998,47.639999,47.700001,XLNX,2178200
122,45.857118,48.82,2014-07-09,48.830002,48.259998,48.689999,XLNX,2914400
123,45.62229,48.57,2014-07-08,48.82,48.23,48.639999,XLNX,3419800
124,45.828939,48.790001,2014-07-07,49.25,48.610001,49.23,XLNX,2297700
125,46.13891,49.119999,2014-07-03,49.50,48.669998,48.669998,XLNX,2143200
126,45.838331,48.799999,2014-07-02,49.119999,47.900002,47.93,XLNX,4189300
127,45.237173,48.16,2014-07-01,48.290001,47.310001,47.50,XLNX,3470500
128,44.438761,47.310001,2014-06-30,47.450001,46.860001,47.040001,XLNX,1938800
129,44.063035,46.91,2014-06-27,46.919998,46.439999,46.669998,XLNX,1780900
130,43.987892,46.830002,2014-06-26,47.150002,46.48,47.139999,XLNX,1821400
131,44.072427,46.919998,2014-06-25,47.00,46.57,46.73,XLNX,2193500
132,44.081822,46.93,2014-06-24,47.610001,46.869999,47.43,XLNX,1821300
133,44.457548,47.330002,2014-06-23,47.689999,47.25,47.48,XLNX,1230600
134,44.58905,47.470001,2014-06-20,47.59,47.23,47.509998,XLNX,2589400
135,44.551477,47.43,2014-06-19,47.529999,47.119999,47.41,XLNX,1361800
136,44.542082,47.419998,2014-06-18,47.50,47.080002,47.450001,XLNX,1951600
137,44.58905,47.470001,2014-06-17,47.689999,46.889999,46.889999,XLNX,2150300
138,44.232112,47.09,2014-06-16,47.400002,46.529999,46.529999,XLNX,2585600
139,43.922137,46.759998,2014-06-13,46.849998,46.349998,46.50,XLNX,3700200
140,43.386731,46.189999,2014-06-12,46.619999,45.889999,46.07,XLNX,2805900
141,43.189477,45.98,2014-06-11,46.049999,45.619999,45.849998,XLNX,2123200
142,43.086152,45.869999,2014-06-10,46.369999,45.830002,46.23,XLNX,1692400
143,43.292801,46.09,2014-06-09,46.369999,45.759998,46.040001,XLNX,3025500
144,43.208263,46.00,2014-06-06,46.189999,45.73,46.169998,XLNX,3258400
145,43.029796,45.810001,2014-06-05,46.18,45.650002,46.150002,XLNX,3820600
146,43.151904,45.939999,2014-06-04,46.119999,45.709999,45.810001,XLNX,4590700
147,43.208263,46.00,2014-06-03,46.630001,45.98,46.34,XLNX,3669700
148,43.555807,46.369999,2014-06-02,46.84,45.860001,46.48,XLNX,2281200
149,44.11,46.959999,2014-05-30,47.130001,46.610001,46.990002,XLNX,1842800
150,44.016071,46.860001,2014-05-29,47.049999,46.560001,46.759998,XLNX,1409700
151,43.818816,46.650002,2014-05-28,46.889999,46.50,46.779999,XLNX,1749000
152,43.912746,46.75,2014-05-27,46.77,46.040001,46.150002,XLNX,2540900
153,43.236442,46.029999,2014-05-23,46.189999,45.709999,45.900002,XLNX,2907200
154,43.011009,45.790001,2014-05-22,46.00,45.57,45.68,XLNX,2171200
155,42.832538,45.599998,2014-05-21,46.060001,45.560001,45.790001,XLNX,2588100
156,43.001614,45.779999,2014-05-20,46.380001,45.57,45.82,XLNX,2439600
157,43.067365,45.849998,2014-05-19,46.00,45.310001,45.34,XLNX,1817300
158,42.588319,45.34,2014-05-16,45.77,44.959999,45.709999,XLNX,3801900
159,42.701035,45.459999,2014-05-15,46.060001,45.220001,45.970001,XLNX,3036600
160,43.039187,45.82,2014-05-14,46.540001,45.790001,46.279999,XLNX,2562900
161,43.377339,46.18,2014-05-13,47.330002,46.130001,47.23,XLNX,2767300
162,44.373009,47.240002,2014-05-12,47.279999,46.509998,46.509998,XLNX,3516300
163,43.809421,46.639999,2014-05-09,46.779999,45.990002,46.360001,XLNX,2631800
164,43.640345,46.459999,2014-05-08,47.41,45.959999,46.080002,XLNX,3014000
165,43.377339,46.18,2014-05-07,46.259998,45.470001,45.75,XLNX,3319400
166,43.057974,45.84,2014-05-06,46.360001,45.82,46.330002,XLNX,2657500
167,43.490056,46.299999,2014-05-05,46.57,46.110001,46.290001,XLNX,2462200
168,43.555807,46.369999,2014-05-02,46.919998,46.34,46.68,XLNX,2240100
169,43.771848,46.599998,2014-05-01,47.48,46.57,47.279999,XLNX,2649400
170,44.326041,47.189999,2014-04-30,47.23,46.619999,46.880001,XLNX,2898900
171,44.194538,47.049999,2014-04-29,47.389999,46.669998,47.130001,XLNX,3308200
172,43.969106,46.810001,2014-04-28,48.299999,46.400002,48.00,XLNX,6970600
173,44.899021,47.799999,2014-04-25,47.950001,47.02,47.59,XLNX,6061500
174,44.767518,47.66,2014-04-24,49.599998,47.310001,49.43,XLNX,11236600
175,49.238632,52.419998,2014-04-23,52.799999,52.32,52.380001,XLNX,2982000
176,49.229241,52.41,2014-04-22,52.810001,52.040001,52.310001,XLNX,3245400
177,49.266814,52.450001,2014-04-21,52.919998,51.900002,52.459999,XLNX,1820800
178,49.0132,52.18,2014-04-17,52.400002,51.299999,51.380001,XLNX,2584800
179,48.308717,51.43,2014-04-16,52.220001,50.830002,52.189999,XLNX,3949900
180,48.703226,51.849998,2014-04-15,52.07,50.650002,51.75,XLNX,3562200
181,48.552936,51.689999,2014-04-14,52.139999,51.330002,51.889999,XLNX,2251000
182,48.233571,51.349998,2014-04-11,52.41,51.310001,51.689999,XLNX,2736000
183,48.900484,52.060001,2014-04-10,53.75,52.060001,53.369999,XLNX,3108900
184,50.26248,53.509998,2014-04-09,53.540001,52.900002,53.369999,XLNX,2736500
185,49.971297,53.200001,2014-04-08,53.470001,52.830002,53.09,XLNX,4984300
186,49.717682,52.93,2014-04-07,53.130001,52.450001,52.830002,XLNX,3319200
187,49.905545,53.130001,2014-04-04,55.060001,52.68,55.060001,XLNX,4477800
188,51.248759,54.560001,2014-04-03,55.220001,54.290001,54.810001,XLNX,3898000
189,51.239364,54.549999,2014-04-02,55.150002,54.48,54.950001,XLNX,3258400
190,51.643267,54.98,2014-04-01,55.00,54.25,54.959999,XLNX,3658000
191,50.976358,54.27,2014-03-31,54.639999,54.07,54.220001,XLNX,2856000
192,50.572455,53.84,2014-03-28,54.369999,53.549999,53.73,XLNX,2593700
193,50.403378,53.66,2014-03-27,54.360001,53.27,54.290001,XLNX,3254800
194,50.976358,54.27,2014-03-26,55.349998,54.23,54.950001,XLNX,2556000
195,51.474191,54.799999,2014-03-25,55.540001,54.57,54.900002,XLNX,3718100
196,51.192399,54.50,2014-03-24,54.959999,54.220001,54.59,XLNX,3740500
197,51.192399,54.50,2014-03-21,55.59,54.220001,54.810001,XLNX,4209600
198,51.727805,55.07,2014-03-20,55.189999,53.34,53.529999,XLNX,4556300
199,50.328235,53.580002,2014-03-19,54.150002,53.27,53.689999,XLNX,2527000
200,50.431557,53.689999,2014-03-18,53.75,52.689999,52.889999,XLNX,2675600
201,49.698896,52.91,2014-03-17,53.049999,52.23,52.389999,XLNX,2511500
202,48.750194,51.900002,2014-03-14,52.43,51.889999,51.939999,XLNX,3042400
203,48.928662,52.09,2014-03-13,52.970001,51.630001,52.689999,XLNX,5176200
204,49.360744,52.549999,2014-03-12,53.00,51.990002,52.509998,XLNX,6158700
205,49.680109,52.889999,2014-03-11,53.639999,52.68,53.34,XLNX,3693100
206,49.89615,53.119999,2014-03-10,53.639999,52.82,53.130001,XLNX,3561000
207,49.811612,53.029999,2014-03-07,53.810001,52.84,53.779999,XLNX,4862700
208,50.224911,53.470001,2014-03-06,53.639999,53.130001,53.25,XLNX,3835100
209,49.830399,53.049999,2014-03-05,53.110001,52.68,52.740002,XLNX,2748100
210,49.689504,52.900002,2014-03-04,53.009998,52.32,52.400002,XLNX,3408300
211,48.750194,51.900002,2014-03-03,51.970001,51.240002,51.759998,XLNX,3815200
212,49.031987,52.200001,2014-02-28,52.389999,51.66,52.099998,XLNX,4048400
213,48.872302,52.029999,2014-02-27,52.279999,51.740002,51.919998,XLNX,4411600
214,49.0132,52.18,2014-02-26,52.389999,51.57,51.57,XLNX,6102600
215,48.374469,51.50,2014-02-25,51.68,51.049999,51.48,XLNX,3894100
216,48.224179,51.34,2014-02-24,51.900002,51.00,51.00,XLNX,3907400
217,47.726346,50.810001,2014-02-21,51.43,50.599998,51.43,XLNX,4136400
218,47.660595,50.740002,2014-02-20,51.09,50.27,50.869999,XLNX,3660400
219,47.782702,50.869999,2014-02-19,51.060001,50.18,50.18,XLNX,4765300
220,47.266083,50.32,2014-02-18,50.369999,49.529999,49.560001,XLNX,4311100
221,46.862179,49.889999,2014-02-14,49.939999,49.41,49.900002,XLNX,3801600
222,46.946717,49.98,2014-02-13,49.990002,48.59,48.709999,XLNX,5898500
223,45.932264,48.900002,2014-02-12,49.189999,48.049999,48.049999,XLNX,7500200
224,45.04931,47.959999,2014-02-11,47.98,46.400002,46.580002,XLNX,7944500
225,43.659132,46.48,2014-02-10,46.689999,46.02,46.240002,XLNX,3834800
226,43.302193,46.099998,2014-02-07,46.16,45.330002,45.669998,XLNX,3415700
227,42.635284,45.389999,2014-02-06,45.970001,45.18,45.200001,XLNX,3268700
228,42.466208,45.209999,2014-02-05,45.419998,44.689999,44.700001,XLNX,3327700
229,42.456816,45.200001,2014-02-04,45.220001,44.630001,45.220001,XLNX,2945200
230,42.05291,45.02,2014-02-03,46.400002,44.93,46.18,XLNX,3278700
231,43.36064,46.419998,2014-01-31,46.779999,46.07,46.150002,XLNX,2460300
232,43.696914,46.779999,2014-01-30,46.970001,46.290001,46.880001,XLNX,6958600
233,43.276575,46.330002,2014-01-29,46.57,46.09,46.169998,XLNX,2598500
234,43.3513,46.41,2014-01-28,46.990002,46.25,46.540001,XLNX,2795300
235,43.416686,46.48,2014-01-27,47.150002,46.220001,46.939999,XLNX,2727200
236,43.771643,46.860001,2014-01-24,47.849998,46.849998,47.700001,XLNX,3530000
237,44.864531,48.029999,2014-01-23,48.43,47.360001,48.259998,XLNX,8995100
238,45.415647,48.619999,2014-01-22,48.91,46.099998,46.450001,XLNX,12202000
239,44.406827,47.540001,2014-01-21,47.990002,47.18,47.290001,XLNX,3764700
240,44.107918,47.220001,2014-01-17,47.799999,47.02,47.189999,XLNX,3070600
241,44.145279,47.259998,2014-01-16,47.459999,46.860001,47.27,XLNX,2280200
242,44.24803,47.369999,2014-01-15,47.779999,46.490002,46.599998,XLNX,4902100
243,43.015026,46.049999,2014-01-14,46.09,45.310001,45.52,XLNX,2275000
244,42.202365,45.18,2014-01-13,45.880001,45.049999,45.52,XLNX,1762700
245,42.744138,45.759998,2014-01-10,46.099998,45.470001,45.939999,XLNX,1710300
246,42.76282,45.779999,2014-01-09,46.040001,45.43,46.00,XLNX,1842200
247,42.884253,45.91,2014-01-08,45.959999,45.25,45.330002,XLNX,2318900
248,42.519957,45.52,2014-01-07,45.779999,45.349998,45.459999,XLNX,1581200
249,42.426546,45.419998,2014-01-06,45.84,45.27,45.779999,XLNX,1970800
250,42.613365,45.619999,2014-01-03,46.00,45.459999,45.91,XLNX,1982700
251,42.9403,45.970001,2014-01-02,46.700001,45.900002,46.68,XLNX,3436800
252,42.893593,45.919998,2013-12-31,46.00,45.650002,45.790001,XLNX,1215400
253,42.632047,45.639999,2013-12-30,45.75,45.23,45.32,XLNX,1049100
254,42.305116,45.290001,2013-12-27,45.450001,45.169998,45.200001,XLNX,995400
255,42.221047,45.200001,2013-12-26,45.349998,45.029999,45.299999,XLNX,860300
256,42.249069,45.23,2013-12-24,45.400002,45.080002,45.099998,XLNX,584000
257,42.165,45.139999,2013-12-23,45.299999,44.830002,45.299999,XLNX,1912000
258,41.76334,44.709999,2013-12-20,44.900002,44.169998,44.259998,XLNX,3464900
259,41.389704,44.310001,2013-12-19,45.25,44.029999,45.25,XLNX,3440500
260,42.211704,45.189999,2013-12-18,45.189999,44.189999,44.290001,XLNX,3499900
261,41.35234,44.27,2013-12-17,44.48,43.549999,43.619999,XLNX,2659400
262,40.76386,43.639999,2013-12-16,43.919998,43.389999,43.549999,XLNX,2309400
263,40.46495,43.32,2013-12-13,43.889999,43.220001,43.73,XLNX,1680100
264,40.549018,43.41,2013-12-12,44.00,43.310001,43.860001,XLNX,3388200
265,40.222087,43.060001,2013-12-11,43.759998,42.880001,43.66,XLNX,3297800
266,40.791881,43.669998,2013-12-10,44.259998,43.490002,44.099998,XLNX,3110600
267,41.324318,44.240002,2013-12-09,44.599998,44.209999,44.52,XLNX,1704800
268,41.427065,44.349998,2013-12-06,44.689999,44.209999,44.580002,XLNX,1731900
269,41.286953,44.200001,2013-12-05,44.509998,43.919998,44.310001,XLNX,2045400
270,41.46443,44.389999,2013-12-04,44.849998,44.09,44.119999,XLNX,2012000
271,41.371022,44.290001,2013-12-03,44.82,44.150002,44.220001,XLNX,1792600
272,41.361679,44.279999,2013-12-02,44.509998,44.07,44.25,XLNX,2319000
273,41.501795,44.43,2013-11-29,44.669998,44.040001,44.040001,XLNX,790100
274,41.595203,44.529999,2013-11-27,44.57,43.990002,44.459999,XLNX,1912200
275,41.567181,44.50,2013-11-26,44.720001,44.310001,44.41,XLNX,1655300
276,41.445748,44.369999,2013-11-25,44.549999,43.939999,44.27,XLNX,2603600
277,41.081452,43.98,2013-11-22,44.240002,43.709999,44.040001,XLNX,3607100
278,41.202885,44.110001,2013-11-21,44.139999,43.299999,43.299999,XLNX,2377400
279,40.362199,43.209999,2013-11-20,43.610001,43.099998,43.169998,XLNX,2667800
280,40.250109,43.09,2013-11-19,43.919998,42.919998,43.650002,XLNX,3696000
281,40.885293,43.77,2013-11-18,44.080002,43.599998,43.84,XLNX,2359500
282,40.782542,43.66,2013-11-15,43.799999,42.84,43.049999,XLNX,4163900
283,40.156701,42.990002,2013-11-14,44.599998,42.889999,44.419998,XLNX,7272300
284,41.978181,44.939999,2013-11-13,44.950001,44.169998,44.279999,XLNX,2114700
285,41.632567,44.57,2013-11-12,44.639999,44.040001,44.07,XLNX,2341600
286,41.184202,44.09,2013-11-11,44.75,44.040001,44.549999,XLNX,2817600
287,41.688614,44.630001,2013-11-08,44.66,44.139999,44.50,XLNX,2701700
288,41.557842,44.490002,2013-11-07,45.349998,44.200001,45.150002,XLNX,3965600
289,42.118296,45.09,2013-11-06,45.290001,44.869999,45.150002,XLNX,2112900
290,42.05291,45.02,2013-11-05,45.290001,44.630001,45.130001,XLNX,1820900
291,42.389185,45.380001,2013-11-04,45.400002,44.950001,45.209999,XLNX,2376200
292,42.062251,45.279999,2013-11-01,45.68,45.049999,45.68,XLNX,2569400
293,42.201593,45.43,2013-10-31,45.68,45.02,45.130001,XLNX,3329700
294,41.857887,45.060001,2013-10-30,45.540001,44.82,45.400002,XLNX,1702400
295,42.173726,45.400002,2013-10-29,45.400002,44.57,44.709999,XLNX,2873900
296,41.291235,44.450001,2013-10-28,44.73,44.080002,44.560001,XLNX,4309700
297,41.467732,44.639999,2013-10-25,45.09,44.540001,45.07,XLNX,2749600
298,41.644232,44.830002,2013-10-24,45.16,44.669998,45.130001,XLNX,2846600
299,41.690678,44.880001,2013-10-23,46.049999,44.139999,45.950001,XLNX,7763700
300,43.167688,46.470001,2013-10-22,46.689999,46.00,46.080002,XLNX,3874400
301,42.796112,46.07,2013-10-21,46.099998,45.459999,45.540001,XLNX,3011500
302,42.266618,45.50,2013-10-18,45.50,44.900002,45.18,XLNX,3959600
303,42.164434,45.389999,2013-10-17,45.849998,44.099998,45.400002,XLNX,10801500
304,43.594998,46.93,2013-10-16,47.110001,46.330002,46.610001,XLNX,4824400
305,43.074792,46.369999,2013-10-15,47.450001,46.23,47.349998,XLNX,4143300
306,44.078045,47.450001,2013-10-14,47.509998,46.900002,46.970001,XLNX,1801000
307,43.920124,47.279999,2013-10-11,47.59,46.450001,46.669998,XLNX,2257300
308,43.455656,46.779999,2013-10-10,46.810001,45.830002,46.07,XLNX,2057300
309,42.443115,45.689999,2013-10-09,45.98,45.110001,45.939999,XLNX,3081800
310,42.378089,45.619999,2013-10-08,46.830002,45.150002,46.509998,XLNX,3032100
311,43.11195,46.41,2013-10-07,46.91,46.02,46.240002,XLNX,1554000
312,43.334897,46.650002,2013-10-04,46.900002,46.330002,46.41,XLNX,1934300
313,43.158396,46.459999,2013-10-03,46.880001,46.060001,46.689999,XLNX,2188800
314,43.390631,46.709999,2013-10-02,47.049999,46.450001,46.970001,XLNX,2182400
315,43.901545,47.259998,2013-10-01,47.50,46.639999,46.68,XLNX,2025400
316,43.520681,46.849998,2013-09-30,47.060001,46.009998,46.439999,XLNX,3302600
317,43.232713,46.540001,2013-09-27,46.709999,46.290001,46.43,XLNX,2022800
318,43.464947,46.790001,2013-09-26,47.110001,46.50,46.950001,XLNX,1163600
319,43.362764,46.68,2013-09-25,47.099998,46.41,46.73,XLNX,2274700
320,43.399922,46.720001,2013-09-24,47.150002,46.52,46.57,XLNX,2141100
321,43.288447,46.599998,2013-09-23,47.290001,46.119999,47.09,XLNX,3108300
322,43.771494,47.119999,2013-09-20,47.880001,47.049999,47.73,XLNX,3477500
323,44.366013,47.759998,2013-09-19,48.060001,47.459999,47.830002,XLNX,3029500
324,44.300988,47.689999,2013-09-18,47.970001,47.049999,47.939999,XLNX,3043700
325,44.579672,47.990002,2013-09-17,48.119999,47.689999,47.720001,XLNX,2773000
326,44.124491,47.50,2013-09-16,47.759998,47.34,47.759998,XLNX,2881400
327,43.910836,47.27,2013-09-13,47.32,46.84,47.25,XLNX,2248400
328,43.762207,47.110001,2013-09-12,47.330002,46.799999,46.919998,XLNX,2457300
329,43.622865,46.959999,2013-09-11,47.18,46.50,46.860001,XLNX,1664600
330,43.632156,46.970001,2013-09-10,47.23,46.66,46.700001,XLNX,3136100
331,43.037637,46.330002,2013-09-09,46.57,46.029999,46.32,XLNX,2542300
332,42.898295,46.18,2013-09-06,46.610001,45.689999,46.330002,XLNX,4788700
333,42.851849,46.130001,2013-09-05,46.209999,45.900002,45.93,XLNX,2762200
334,42.591744,45.849998,2013-09-04,46.200001,44.549999,44.700001,XLNX,4865500
335,41.449153,44.619999,2013-09-03,44.860001,43.990002,43.990002,XLNX,3648400
336,40.334428,43.419998,2013-08-30,43.939999,43.290001,43.939999,XLNX,3058300
337,40.891792,44.02,2013-08-29,44.099998,43.25,43.389999,XLNX,2216100
338,40.427324,43.52,2013-08-28,43.77,43.119999,43.259998,XLNX,1617200
339,40.04646,43.110001,2013-08-27,43.939999,43.040001,43.939999,XLNX,3605700
340,41.133314,44.279999,2013-08-26,44.630001,44.23,44.34,XLNX,1452100
341,41.04971,44.189999,2013-08-23,44.369999,43.82,44.369999,XLNX,2629300
342,41.151893,44.299999,2013-08-22,44.59,44.169998,44.369999,XLNX,1421600
343,41.179764,44.330002,2013-08-21,44.75,43.959999,44.259998,XLNX,2365800
344,41.300523,44.459999,2013-08-20,44.59,44.220001,44.240002,XLNX,1370100
345,41.142606,44.290001,2013-08-19,44.959999,44.27,44.59,XLNX,2703700
346,41.393419,44.560001,2013-08-16,45.049999,44.32,44.509998,XLNX,3464000
347,40.90108,44.029999,2013-08-15,44.709999,43.860001,44.18,XLNX,3176900
348,41.876466,45.080002,2013-08-14,45.529999,44.990002,45.529999,XLNX,2286800
349,42.238751,45.470001,2013-08-13,45.77,45.00,45.57,XLNX,2832800
350,42.164434,45.389999,2013-08-12,45.700001,45.119999,45.310001,XLNX,2832900
351,42.08083,45.299999,2013-08-09,45.639999,45.139999,45.419998,XLNX,1969200
352,42.340935,45.580002,2013-08-08,45.860001,45.240002,45.75,XLNX,2594900
353,42.350222,45.59,2013-08-07,45.900002,45.25,45.540001,XLNX,3272600
354,42.322356,45.560001,2013-08-06,46.380001,45.450001,46.130001,XLNX,5280500
355,42.851849,46.130001,2013-08-05,46.419998,45.98,46.25,XLNX,3372400
356,42.972609,46.509998,2013-08-02,46.830002,46.040001,46.799999,XLNX,5156000
357,43.563936,47.150002,2013-08-01,47.18,46.790001,46.790001,XLNX,4042600
358,43.138919,46.689999,2013-07-31,46.880001,46.220001,46.290001,XLNX,4148700
359,42.723147,46.240002,2013-07-30,46.419998,45.709999,45.73,XLNX,4384600
360,42.196496,45.669998,2013-07-29,46.330002,45.610001,46.00,XLNX,2775800
361,42.667709,46.18,2013-07-26,46.23,45.689999,45.950001,XLNX,2762300
362,42.898695,46.43,2013-07-25,46.50,45.27,45.43,XLNX,3501400
363,42.048665,45.509998,2013-07-24,46.389999,45.220001,46.23,XLNX,3813200
364,42.34433,45.830002,2013-07-23,46.50,45.73,45.73,XLNX,3150200
365,42.418244,45.91,2013-07-22,46.220001,45.48,46.18,XLNX,3405600
366,42.372048,45.860001,2013-07-19,46.240002,45.450001,45.75,XLNX,4654600
367,42.34433,45.830002,2013-07-18,46.540001,44.549999,45.00,XLNX,11303300
368,40.219258,43.529999,2013-07-17,43.650002,43.209999,43.389999,XLNX,3974600
369,39.997513,43.290001,2013-07-16,43.880001,43.25,43.32,XLNX,5781100
370,39.886637,43.169998,2013-07-15,43.50,42.849998,42.990002,XLNX,2691800
371,39.711089,42.98,2013-07-12,43.369999,42.259998,42.73,XLNX,5363100
372,38.667032,41.849998,2013-07-11,41.93,41.419998,41.459999,XLNX,3273300
373,38.029513,41.16,2013-07-10,41.23,40.07,40.07,XLNX,3309200
374,37.096331,40.150002,2013-07-09,40.240002,39.970001,40.00,XLNX,1829900
375,36.78219,39.810001,2013-07-08,40.700001,39.529999,40.529999,XLNX,2268200
376,37.410472,40.490002,2013-07-05,40.560001,39.970001,40.310001,XLNX,983600
377,36.865345,39.900002,2013-07-03,40.130001,39.389999,39.529999,XLNX,909800
378,36.63436,39.650002,2013-07-02,40.259998,39.32,39.73,XLNX,3238200
379,36.874583,39.91,2013-07-01,40.400002,39.57,39.77,XLNX,3255700
380,36.597401,39.610001,2013-06-28,39.93,39.23,39.369999,XLNX,2820100
381,36.597401,39.610001,2013-06-27,39.869999,39.470001,39.669998,XLNX,1798400
382,36.477287,39.48,2013-06-26,39.950001,39.470001,39.549999,XLNX,3611800
383,36.200105,39.18,2013-06-25,39.299999,38.639999,39.099998,XLNX,3217400
384,35.673458,38.610001,2013-06-24,39.209999,38.41,39.07,XLNX,2890400
385,36.015316,38.98,2013-06-21,39.029999,38.290001,38.73,XLNX,4156500
386,35.627261,38.560001,2013-06-20,39.41,38.439999,39.25,XLNX,3193900
387,36.73599,39.759998,2013-06-19,40.459999,39.759998,40.259998,XLNX,3728300
388,37.142528,40.200001,2013-06-18,40.240002,39.459999,39.48,XLNX,3111800
389,36.486529,39.490002,2013-06-17,39.669998,39.110001,39.119999,XLNX,3053400
390,35.922923,38.880001,2013-06-14,39.369999,38.619999,38.75,XLNX,3613000
391,35.858247,38.810001,2013-06-13,38.950001,37.630001,37.630001,XLNX,5032200
392,34.915824,37.790001,2013-06-12,39.52,37.720001,39.470001,XLNX,9524500
393,36.181626,39.16,2013-06-11,40.060001,39.150002,39.939999,XLNX,4196000
394,37.299596,40.369999,2013-06-10,40.849998,40.209999,40.66,XLNX,3002400
395,37.512103,40.599998,2013-06-07,40.669998,39.75,40.07,XLNX,3385500
396,36.745232,39.77,2013-06-06,40.689999,39.57,40.689999,XLNX,3606600
397,37.327317,40.400002,2013-06-05,40.77,40.040001,40.689999,XLNX,3688500
398,37.595258,40.689999,2013-06-04,41.360001,40.52,40.830002,XLNX,2621400
399,37.484386,40.57,2013-06-03,40.830002,40.23,40.669998,XLNX,2780900
400,37.558303,40.650002,2013-05-31,41.310001,40.650002,41.00,XLNX,3758000
401,38.186585,41.330002,2013-05-30,41.470001,40.450001,40.560001,XLNX,5392700
402,37.373514,40.450001,2013-05-29,40.599998,39.639999,39.75,XLNX,3828300
403,36.92078,39.959999,2013-05-28,40.330002,39.639999,40.00,XLNX,5182000
404,36.403374,39.400002,2013-05-24,39.459999,38.91,38.91,XLNX,2827200
405,36.227822,39.209999,2013-05-23,39.360001,38.91,39.279999,XLNX,3695600
406,36.505005,39.509998,2013-05-22,40.099998,39.130001,39.299999,XLNX,7704600
407,36.468049,39.470001,2013-05-21,39.490002,38.990002,39.099998,XLNX,4051600
408,35.987598,38.950001,2013-05-20,39.299999,38.93,39.09,XLNX,1993500
409,36.237064,39.220001,2013-05-17,39.32,38.889999,39.00,XLNX,2916000
410,35.793571,38.740002,2013-05-16,39.73,38.700001,38.98,XLNX,3532400
411,35.793571,38.740002,2013-05-15,38.82,38.18,38.189999,XLNX,2991500
412,35.43323,38.349998,2013-05-14,38.349998,37.860001,37.970001,XLNX,1869800
413,35.008217,37.889999,2013-05-13,38.290001,37.889999,38.150002,XLNX,1579900
414,35.396274,38.560001,2013-05-10,38.73,38.459999,38.630001,XLNX,1266800
415,35.322836,38.48,2013-05-09,38.75,38.380001,38.529999,XLNX,1705600
416,35.405452,38.57,2013-05-08,38.580002,38.07,38.139999,XLNX,1828800
417,35.001554,38.130001,2013-05-07,38.25,37.790001,38.00,XLNX,2601100
418,34.891397,38.009998,2013-05-06,38.48,37.98,38.259998,XLNX,2999400
419,35.029091,38.16,2013-05-03,38.57,38.040001,38.330002,XLNX,2252200
420,34.900579,38.02,2013-05-02,38.080002,37.639999,37.73,XLNX,2121700
421,34.524218,37.610001,2013-05-01,38.16,37.50,37.880001,XLNX,2255400
422,34.799603,37.91,2013-04-30,38.00,37.369999,37.650002,XLNX,2859100
423,34.597652,37.689999,2013-04-29,37.810001,37.299999,37.43,XLNX,2905800
424,34.368164,37.439999,2013-04-26,37.869999,37.360001,37.869999,XLNX,3933100
425,34.68945,37.790001,2013-04-25,38.040001,36.549999,36.900002,XLNX,6062400
426,33.505289,36.50,2013-04-24,36.669998,36.220001,36.25,XLNX,3074600
427,33.551186,36.549999,2013-04-23,36.599998,36.029999,36.18,XLNX,3234000
428,32.963697,35.91,2013-04-22,36.130001,35.150002,35.619999,XLNX,2189700
429,32.596514,35.509998,2013-04-19,35.900002,34.98,35.619999,XLNX,2881500
430,32.67913,35.599998,2013-04-18,36.27,35.490002,36.16,XLNX,2220700
431,32.936159,35.880001,2013-04-17,36.66,35.380001,36.66,XLNX,3961800
432,34.037704,37.080002,2013-04-16,37.139999,36.599998,36.759998,XLNX,2372100
433,33.578727,36.580002,2013-04-15,37.279999,36.509998,37.02,XLNX,3103500
434,34.037704,37.080002,2013-04-12,37.400002,36.630001,37.360001,XLNX,3072600
435,34.340627,37.41,2013-04-11,37.900002,37.310001,37.639999,XLNX,2241000
436,34.67109,37.77,2013-04-10,37.889999,36.799999,36.84,XLNX,3201400
437,33.743956,36.759998,2013-04-09,37.009998,36.419998,36.759998,XLNX,1509600
438,33.7256,36.740002,2013-04-08,36.790001,36.150002,36.470001,XLNX,2474400
439,33.376776,36.360001,2013-04-05,36.419998,35.509998,36.130001,XLNX,4503600
440,33.789856,36.810001,2013-04-04,36.919998,36.139999,36.200001,XLNX,3908000
441,33.239082,36.209999,2013-04-03,37.43,36.02,37.290001,XLNX,4438300
442,34.221292,37.279999,2013-04-02,37.82,37.049999,37.740002,XLNX,2838300
443,34.560937,37.650002,2013-04-01,38.470001,37.599998,38.470001,XLNX,1751500
444,35.038269,38.169998,2013-03-28,38.200001,37.810001,37.93,XLNX,2630700
445,34.836322,37.950001,2013-03-27,38.150002,37.580002,37.889999,XLNX,2249400
446,35.06581,38.200001,2013-03-26,38.380001,37.970001,38.09,XLNX,1619200
447,34.790425,37.900002,2013-03-25,38.119999,37.549999,38.119999,XLNX,1738500
448,34.854682,37.970001,2013-03-22,38.209999,37.849998,38.040001,XLNX,1489700
449,34.744525,37.849998,2013-03-21,38.240002,37.66,37.919998,XLNX,1804300
450,35.102529,38.240002,2013-03-20,38.369999,37.939999,38.130001,XLNX,2024100
451,34.716987,37.82,2013-03-19,38.509998,37.52,38.099998,XLNX,4855700
452,34.661909,37.759998,2013-03-18,38.209999,37.630001,37.990002,XLNX,2159500
453,35.295299,38.450001,2013-03-15,38.919998,38.080002,38.77,XLNX,4167900
454,35.662478,38.849998,2013-03-14,39.240002,38.740002,38.849998,XLNX,3905200
455,35.359555,38.52,2013-03-13,38.66,38.290001,38.43,XLNX,2881100
456,35.350374,38.509998,2013-03-12,38.540001,37.939999,38.220001,XLNX,2704100
457,35.185145,38.330002,2013-03-11,38.470001,38.029999,38.200001,XLNX,2576800
458,35.221861,38.369999,2013-03-08,38.529999,37.919998,38.330002,XLNX,3864600
459,35.102529,38.240002,2013-03-07,38.290001,37.50,37.57,XLNX,4843000
460,34.386524,37.459999,2013-03-06,37.830002,37.349998,37.419998,XLNX,4897100
461,34.138676,37.189999,2013-03-05,37.330002,36.669998,36.720001,XLNX,3900300
462,33.404314,36.389999,2013-03-04,36.75,36.369999,36.75,XLNX,3582300
463,33.642984,36.650002,2013-03-01,37.029999,36.400002,37.02,XLNX,3905900
464,34.212114,37.27,2013-02-28,37.740002,37.200001,37.41,XLNX,3151600
465,34.322267,37.389999,2013-02-27,37.560001,36.580002,36.73,XLNX,3296200
466,33.66134,36.669998,2013-02-26,37.27,36.450001,37.220001,XLNX,8315500
467,34.239651,37.299999,2013-02-25,38.419998,37.299999,38.310001,XLNX,2103500
468,34.8455,37.959999,2013-02-22,38.130001,37.630001,37.82,XLNX,2764800
469,34.560937,37.650002,2013-02-21,38.220001,37.48,38.150002,XLNX,3085200
470,35.148426,38.290001,2013-02-20,39.18,38.290001,39.16,XLNX,3377900
471,35.928685,39.139999,2013-02-19,39.43,38.310001,38.66,XLNX,4673100
472,34.992372,38.119999,2013-02-15,38.540001,37.869999,38.540001,XLNX,2445800
473,35.286117,38.439999,2013-02-14,38.619999,37.419998,37.610001,XLNX,4376300
474,34.698628,37.799999,2013-02-13,38.00,37.48,37.630001,XLNX,2908700
475,34.49668,37.580002,2013-02-12,37.709999,37.220001,37.349998,XLNX,1859600
476,34.386524,37.459999,2013-02-11,37.580002,37.27,37.459999,XLNX,2004300
477,34.43242,37.509998,2013-02-08,37.630001,36.970001,37.00,XLNX,3721100
478,33.835753,36.860001,2013-02-07,37.060001,36.650002,36.889999,XLNX,3048500
479,33.964266,37.00,2013-02-06,37.02,36.580002,36.689999,XLNX,2863500
480,33.890828,36.919998,2013-02-05,37.049999,36.490002,36.599998,XLNX,2387600
481,33.459392,36.450001,2013-02-04,36.950001,36.439999,36.759998,XLNX,2455600
482,33.90919,37.16,2013-02-01,37.200001,36.52,36.59,XLNX,3173400
483,33.297804,36.490002,2013-01-31,36.84,36.43,36.68,XLNX,1974100
484,33.45293,36.66,2013-01-30,36.889999,36.560001,36.560001,XLNX,2446800
485,33.443807,36.650002,2013-01-29,36.849998,36.439999,36.720001,XLNX,1628600
486,33.507683,36.720001,2013-01-28,37.00,36.689999,36.720001,XLNX,2215500
487,33.626308,36.849998,2013-01-25,37.240002,36.68,36.880001,XLNX,3174300
488,33.580682,36.799999,2013-01-24,37.060001,36.34,36.439999,XLNX,3414200
489,33.489432,36.700001,2013-01-23,36.950001,36.57,36.799999,XLNX,1719400
490,33.525933,36.740002,2013-01-22,37.099998,36.610001,37.080002,XLNX,2933700
491,33.918313,37.169998,2013-01-18,37.630001,36.259998,36.310001,XLNX,6583200
492,33.252175,36.439999,2013-01-17,36.84,36.310001,36.560001,XLNX,4160700
493,33.033173,36.200001,2013-01-16,36.240002,35.560001,35.560001,XLNX,3635400
494,32.595164,35.720001,2013-01-15,35.82,35.380001,35.709999,XLNX,3556600
495,32.704665,35.84,2013-01-14,36.459999,35.580002,36.459999,XLNX,5139700
496,32.668164,35.799999,2013-01-11,36.060001,35.669998,36.00,XLNX,2639200
497,32.850668,36.00,2013-01-10,36.25,35.849998,35.939999,XLNX,2402900
498,32.750291,35.889999,2013-01-09,35.919998,35.330002,35.720001,XLNX,3434400
499,32.494787,35.610001,2013-01-08,36.360001,35.57,36.25,XLNX,3877900
500,33.170048,36.349998,2013-01-07,36.57,36.200001,36.25,XLNX,1938400
501,33.306927,36.50,2013-01-04,37.080002,36.450001,36.950001,XLNX,2502300
502,33.781438,37.02,2013-01-03,37.389999,36.889999,37.130001,XLNX,2560000
503,33.845314,37.09,2013-01-02,37.09,36.400002,36.400002,XLNX,3440800
